   1  -0.047467625253857810353131095377   0.244320646205428665281070149707
   2  -0.108078600881114567744674879662   0.792869436536519897465875454398
   3  -0.571393188857635072651934873201   0.556092314389532363139458849557
   4   0.061063029618168536006118006212  -0.891461758669819536074347583048
   5   0.476930982170247266684832114145  -0.063978736066971211358918298433
   6  -0.354095735034185190773138480196   0.038625206639435430233985933481
   7   0.170302873849060461644938394548  -0.269674163814856031468330308663
   8  -0.810625344743912829807319443478   0.456288713890735063548805422145
   9   0.338426530518792336591931736107  -0.046878069100813091978707421450
  10  -0.077086828812994179827110393675   0.004423896343336021348908591509
  11   0.204717859750740002067358916962   0.578514788276493074515504480527
  12   0.179702640147245958152988456784   0.912699184336963254078687430128
  13  -0.270033906699319253299641809417   0.150023253996456899978797377087
  14   0.066213406640144496594344873701   0.595615443424542778958043151513
  15  -0.185972078364453315826145138637   0.261421301353478369723608820694
  16  -0.131529453588723747826627766156   0.132922598848407195536258706101
  17  -0.156352874805316946352165840339   0.501318051215571013655770378893
  18  -0.455655316510895774906061293463  -0.663837700687433339400979132063
  19  -0.518016011233000000000000000000   0.424566815493000000000000000000
  20   0.349211006950008817924466520636   0.563789922175131875505649082251
  21  -0.800122287688912266286237423795  -0.160437732481748718807791878685
  22   0.093248915900741580449715770351  -0.755667853570352924628185542991
  23  -0.329697802182206687750489559421  -0.332920897516166918033520189570
  24   0.753887683488304841163130226382  -0.098600153635427974835715048263
  25  -0.378919156250778389298676554379   0.407020659006599248353497606272
  26  -0.468009024053540749297060393995   0.803915663095141418066800211781
  27  -0.294857327915912451825179883600   0.518418706363620718098309049879
  28  -0.678286657383642838824954578100  -0.415114462034397065995912666921
  29  -0.211709430759073368751864655568  -0.905810110836105496380877858007
  30   0.140450828577132106696056639633  -0.509669425249503023962921916319
  31   0.447350657269709712456015668852  -0.304179287159301862635142832981
  32   0.613409692934000000000000000000  -0.699313287502000000000000000000
  33   0.669825855153438903689633555603  -0.209998200992449444580526491869
  34  -0.262304676260212910255266426862  -0.466774964074180389427013066297
  35   0.061417624297601325645903649586  -0.012676758804713683093630079478
  36   0.368045734077928706065911034405   0.193018680761279551953454136749
  37  -0.072254200939000000000000000000   0.613011937942000000000000000000
  38  -0.161148657147860117300607064454  -0.106974151013685448395902852098
  39   0.699466049673128405740077970167   0.030067712739042674230519558128
  40   0.663047573252380698173590453136  -0.463778642440287718337843754392
  41   0.175098656191603632593379618664   0.338618038414400430583342922328
  42   0.229541280967333200592896991145   0.210119335909329256395992807735
  43   0.417438765728725398853973723005  -0.544039723874601673444726160608
  44  -0.342474898844228763107448619726   0.864883682137016550409375793248
  45  -0.925025454619303513889032016407  -0.098187312172191883682959485443
  46   0.254364702183926399118435065328  -0.158276116457834561723518865057
  47  -0.522219391703917065720131821755  -0.184170888074607509255636953732
  48   0.120656031415874064593862246182   0.467116740919471604770693036920
  49  -0.345029697290081013358689199550   0.667988681931953508879962915355
  50   0.308858293877000000000000000000  -0.286821282456000000000000000000
  51   0.056389000242266169222559968853  -0.621067472606524493707733359926
  52  -0.078490048240562819918366753454  -0.656894253348370875982018124044
  53  -0.929304516760431446197732378345   0.041303209244677275163095376180
  54   0.431026134366575943599531516718   0.824335678870116009075357566337
  55   0.397664937637065075539890332704   0.432915430623372195885615694948
  56   0.531342393003396530793084628608  -0.192728381975000265259103329085
  57   0.560992810505113204158328784925   0.047419311290050258385893145173
  58   0.837949511823170778636626897162   0.012797893721593494909096395344
  59  -0.022644204037264611827593021194  -0.124074806161735152838441523084
  60  -0.462980984585644326772173225159   0.295622611649577778608686162666
  61  -0.299653110258455622773621107715  -0.089873495865635743953364181112
  62   0.199922077408196831118917692846  -0.029777413952763387536168750464
  63   0.488513590357811361236718765151   0.555381224661849368935351482277
  64  -0.631104641255376201719166566718   0.072826516935534839119063275453
  65   0.091036827856737695119882947884   0.227219991057378960838531478721
  66  -0.179523544476500324308266891428  -0.770016205736638884934715817949
  67   0.291556359639953083696003443040   0.829244637584827227224301331664
  68  -0.691241480656000000000000000000   0.204909004049000000000000000000
  69  -0.328651809429000000000000000000  -0.721931052580000000000000000000
  70   0.145479452632467263119400320365   0.098721288552307786651181364129
  71  -0.209232564496336762239529391865   0.906385444454805265953943231772
  72   0.615404221338262468266581299388  -0.081330334617978795514291885478
  73   0.231753369011337085922729813612  -0.772768508718402629070724213976
  74  -0.746977738145000000000000000000  -0.290561030946000000000000000000
  75   0.428348982288560267884333335110   0.681302374092082390755470190908
  76   0.013848556924123942420631465394   0.724974781905288922334976723075
  77   0.585886808464296236955953553794  -0.321488794222890170264583718685
  78   0.501636457714648901834008295400  -0.432744330429045172408211800125
  79  -0.324476531475048821299159181898   0.278521956501528074166147491680
  80  -0.210795499581046514351683212820   0.629816753720642187843120493485
  81   0.422488358853658274065428406887   0.064519978256208377766104022156
  82  -0.408538359809914758772655852677   0.167123909144506604421336048073
  83   0.036594203081008127120365575403   0.355718693562450135025881593314
  84  -0.073816018864660453134808716095  -0.927288539411665918348632347166
  85   0.278955281687727612169070682893  -0.526770080397552728405460587306
  86   0.001946375466536601223042596372  -0.492568770101453319520383245333
  87   0.459524247917233863849572263636  -0.808795589467047720724569949782
  88   0.333355561516876015226209190828  -0.868439352845676205030256397331
  89  -0.891370220241854917276814954884  -0.266030017913835549409922748742
  90   0.199567482728764041479132049472  -0.908562413817869240516886254034
  91   0.283983905743062768592414363626   0.081620633404258082208642693143
  92  -0.240414703140182883825662511119   0.389920003858549543910958935286
  93   0.392869153835381329211335443366  -0.175376783423992681103729742040
  94   0.763849070989824356530431497437   0.530893055815604801970967187230
  95  -0.041630132582087408691210951955  -0.791494634312199306902470307109
  96  -0.134360443287468271455998293864  -0.522508160528122553554108955200
  97  -0.772769775053216368585397826716  -0.517822087911910124678355148481
  98  -0.052339416588537682481825871345  -0.364003733178847873444603311549
  99  -0.559312967475659668938256521994  -0.570397841235351270253197007298
 100  -0.106706032372130549301089691973  -0.235472853518756622583252966691
 101   0.536169390747660581012904375965   0.415814775475322491443077023962
 102  -0.671085681706857967291833452964   0.458433096660403947447897855889
 103   0.802440090878482844376065307637  -0.470534526380563064887125893548
 104   0.050646202325337456859126323532   0.859592199912336649779697824685
 105  -0.876368931031146459540879404017   0.311913989247956407075847974437
 106   0.624469023146225890966809693904   0.523884617967277217610480154639
 107   0.259160484526469570066876289443   0.450016085771421900328154365934
 108  -0.215591281923589685300124436936   0.021524551491385725791447262495
 109  -0.584988741005772701857054217044  -0.723257224548590038377021944124
 110  -0.724679152375896161100298674266  -0.043031389926929261595009075336
 111   0.452107562412794643539407705185   0.304416728118301021698265580355
 112   0.331542235073000000000000000000  -0.670335313900000000000000000000
 113   0.363152973673651115149105255288  -0.415474686951996227368946226823
 114  -0.841540428389301325325341378117  -0.396386865765756437737695465095
 115  -0.467776766928187497720614449274  -0.312669590579678683442987068325
 116  -0.576662016479646633719649194236  -0.055672185569536335068286839139
 117  -0.606281220038783003193628492534  -0.295568935431628979000448397339
 118  -0.344327693107720374334690825925  -0.579682628318868289887167745982
 119  -0.438157563369051128246635150976  -0.072772840717586039510825510125
 120   0.925246335311284546740665879529  -0.096083604003423018460515372610
 121   0.839642995180000000000000000000   0.400389838446000000000000000000
 122  -0.017848421694721440879151797078   0.484217396067521309213231707907
 123  -0.101910250029587378352648467858   0.372819348710499839468420264300
 124  -0.718810598495000000000000000000   0.590443776943000000000000000000
 125  -0.216383460134975735535422692927  -0.635415824772810454014263634885
 126   0.289046398880757724572081090594   0.689711071605364897325767790882
 127   0.655601466629170455311403930439   0.659923902369757556349739674632
 128  -0.433361781026507957298193926861   0.535519361511670422540847720865
 129   0.549497674130149267062011417002   0.750576542459731344594980806600
 130   0.921880528752972460901268296062   0.124294531944846716205599163454
 131  -0.244854738893132272185349329332   0.765152943098944619505276255367
 132  -0.769713547204033088372133962830   0.089058803578951945542183307726
 133  -0.601485437696239832245187268419   0.312723266797627483051224833652
 134  -0.484560785118982898774346271203   0.665344543652487779628545211297
 135   0.155191948645000000000000000000   0.730625767526000000000000000000
 136  -0.686606106748192166706479341063  -0.627602496920892395059374104373
 137   0.031798420738464956171924351288  -0.252573508666806327025791637676
 138  -0.190843869699133187954839914605  -0.346903078030798169002064640563
 139   0.645521911392889676557093344779   0.163159663272261089393833209182
 140  -0.344837820240433713091561451281  -0.863944279277937536372190860615
 141   0.754427817329528613686438402127   0.278080644987929319191461034197
 142   0.313603109302199138066393661924   0.321517383266350726140804251342
 143   0.841184506976418609267169208749  -0.207481651360444488205326816216
 144   0.711094421196000000000000000000  -0.599645745754000000000000000000
 145  -0.547042812920510264245669895938   0.184224564292556308863874719060
 146   0.115860249073330893645421022067  -0.141175461309784857280980194070
 147  -0.245210485482726054774103735234  -0.218372198370706918140714295704
 148   0.086165036522057822991188171916  -0.381104388326897577887141982535
 149  -0.881609814859749867480786092584   0.172456292885752176324071466741
 150   0.892911279479570986582987329122   0.260810825970480139870037871412
 151   0.194893453352861674695574012113  -0.638168127754574198150272030912
 152   0.006974999521871757646386277105   0.115821943700357491093720035115
 153  -0.401703239527066523381815644987  -0.452466424118935005028984459152
 154   0.863802535455528747933988157937  -0.345192728350190779849835212953
 155   0.724410017829426601731513303437  -0.338436844409915433300553073797
 156  -0.071280955479901053306180021524   0.927486854543567624910596556008
 157  -0.738998423271414510476322207991   0.336516012249959559812615052261
 158   0.700228532285521162372097625362   0.406682174678194271564511104217
 159  -0.492600188144780696246152523457   0.055725861787485134676524604467
 160   0.611928899886955852418192307423   0.298612332186239545397107973539
 161   0.783397066602930088004719369067   0.141564350962295895527022326238
 162  -0.622389594151000000000000000000   0.691334711929000000000000000000
 163  -0.660723844814512571193145865015  -0.167070232926557804813098282746
 164   0.224669489632653328464202215177  -0.398205043474947282329680653522
 165  -0.470204817437934079775564958229  -0.802633334483067484911028992199
 166   0.476848250249713944040917297424  -0.670318895106076305341267450547
 167   0.506550187188524211538925077666   0.175918025613229847510915465763
 168  -0.383714938593321560247117778494  -0.201271543222657213698175624718
 169   0.561045942235637447020951869819  -0.559023501660519804304753090065
 170  -0.539782204273047333351940534839  -0.432215117182446770438451337907
