   1  -0.357353580786234779527875990416  -0.128009993817857405590771544848
   2   0.774821386179131065205612969167   0.456566870526571636272615311561
   3   0.466603754175958395324303985621  -0.456260417429749630225430339302
   4  -0.228310435719206808419588656372  -0.898542335069253492124945610235
   5   0.054968550890568518335559927318  -0.881029793326892466616483169275
   6  -0.861375541913010995880743519738  -0.342835468941104918560409667953
   7  -0.001378958474695658482364081656   0.020679301228532390562562553289
   8   0.354595663836843462563147827104   0.169368596274922186715896651427
   9  -0.162605653188606895463055203666   0.263680601385645599565226057276
  10  -0.788255093538187367193116194136   0.030968185160350945797262180466
  11   0.550887335899539120272957030611  -0.575244439859021744739179729677
  12  -0.097689677322730934108114941417   0.394244133120146601283891924650
  13   0.159847736239215578498327040355  -0.222321998928580818440100950697
  14   0.405702358969541670289275840122  -0.588744151538948418200639776511
  15  -0.524560271223828519151649803662   0.764421679980090661319485370650
  16   0.426518707394445340970897097186   0.823155984739570605372360228819
  17   0.027070908420436588325100858703   0.926699060584013440788227342544
  18  -0.227521629054482856817995465916   0.133117069651144597846560189901
  19  -0.615534778903000000000000000000   0.490531821208000000000000000000
  20   0.717889979734000000000000000000   0.316468848681000000000000000000
  21   0.079234388882259960007981479350  -0.100821348850024213938769198704
  22   0.289679687970967501208207564855   0.038805064540421184997230784053
  23  -0.137258351648000000000000000000   0.916866447209000000000000000000
  24  -0.190284530493110426430869248646   0.770194137580457862588373074030
  25  -0.647876863672661086141036829813  -0.152489470515408940170070036209
  26   0.581867193182000000000000000000   0.057309404432000000000000000000
  27   0.224763712105091539853267302605  -0.091758467194079816721435083322
  28   0.615803311765415081627897292861  -0.444680908124520743020513862302
  29   0.468663927472508831003271262991   0.683568377244576141963284998722
  30   0.614059108723650121283462542109   0.694575693473013146767284926378
  31  -0.196126886072323542547184868405  -0.371011293974970614593435048835
  32   0.063537017391180302872576180594   0.151242832963033392281228420664
  33  -0.735714544839899688256294247776  -0.268874441661891497649608801397
  34   0.796727082934035439807596932226  -0.016241640046322456005625628217
  35  -0.259124059234715709395579858631   0.641656053635508922052125645985
  36   0.094931760373339617143386778106  -0.352885530663081820158766818072
  37  -0.404453284022733896287071149269   0.629809697059805124409235358373
  38  -0.690666052703880026421003900972  -0.573454131491404823912861329264
  39  -0.925201750009377257580103817610  -0.059208992134526896433440415669
  40  -0.379024878118178015920871842536   0.773386561194519349837594815591
  41   0.550065242872000000000000000000   0.562586974421000000000000000000
  42   0.030017588015000000000000000000  -0.483478032227000000000000000000
  43  -0.406572185161031083747410953910  -0.510637707365416013529435031591
  44   0.645587993677499725119367683758   0.188502895274405326740623875368
  45   0.240461083596171196988672601361  -0.343822649007137422941432702690
  46   0.172033804527120272379739252074   0.910993058738608200275019357122
  47  -0.518580275500146016508567112427   0.114991306339255803411891959138
  48  -0.050597562849491962701899045150  -0.361948412319026217376100933453
  49  -0.131210910206447581192244606155  -0.240447762240469612874769181460
  50   0.450906382684878738188898686866  -0.204196235616692024005432719934
  51  -0.599288027699440926315707454337   0.238162303595906465783205621191
  52   0.469385133582265344258830217567  -0.799488323455670987626871981979
  53   0.629890622186420067983962385003   0.440567077087462932960621494736
  54  -0.032773701456854972753174679167   0.524807664854647603002557792025
  55  -0.081992305831651276972709642661   0.142179951307088995063894305283
  56   0.385990406819002776833958424616  -0.334759767351193025724098587309
  57   0.337062063493090058878933995328  -0.717388737816453531396946072860
  58   0.531519730041834356679244247871  -0.325696885695248628506764471927
  59   0.715367291743302638384332183321   0.589706385308700220244466708326
  60   0.862480129932022231374623092192   0.340047067980952789117273138379
  61   0.097058250274896949956705845332   0.785934728323649606439889526775
  62   0.370293035327923119698553125860  -0.082695585538135419504100967941
  63  -0.180730852134865291398478368534  -0.623274870175175036902049475941
  64  -0.035201528912033711553192545279  -0.614211988519230639684715360559
  65   0.897300384297702602945126124935  -0.233143739588254657824294114075
  66  -0.066294934340571619837304343905  -0.109884230505968611156103314085
  67   0.564974646320544106629022122753   0.310003545352961931241955627361
  68   0.905129048525999751486293827218   0.200612533218687673386000232322
  69   0.588931979063824811154964932567  -0.716004962975793410418013223449
  70  -0.796968551411752703695702484261  -0.473650832397297878638010348214
  71   0.338898292345763805427742528349   0.421432778087979792935894270795
  72  -0.475309544687722321154814869663  -0.639230456565763347156018396658
  73   0.419511639702719423918088089354   0.299932128009423188434562518802
  74   0.177671597631852568447051406338   0.664434078245093001938557774781
  75  -0.341656209295155122392470691660  -0.380074175630915011810769164216
  76  -0.292437604920358818172935728166   0.002553537916643596127894322526
  77  -0.923042145499369760151557029187   0.086586261045970704092967727813
  78  -0.282775069068785698048924436009   0.882916894890535071873059054566
  79  -0.261042861938199503902125130655  -0.501574825709471616312100916209
  80   0.305377059462047158343612863610  -0.213259117272636421222766835315
  81  -0.437966928143190398018221551421  -0.006509343739300801089439792855
  82   0.515822358550754699543838949115  -0.073632703882191022286766852559
  83   0.321074430953126815479018162366  -0.465323299085694027442764454683
  84   0.435209011193799081053493388110   0.047867946196365582214564899434
  85   0.403747951606632869648331000742   0.553004845510075140244619131347
  86  -0.276740233429279161037530429410  -0.249510643896414010092103296842
  87   0.849647703915831264966853819472  -0.370948462997970389307343476696
  88  -0.591003362624707589055195571174  -0.286751619388996811453553897618
  89   0.175545107730295235633732339111  -0.474386180741638424660098570065
  90  -0.469457165701954014225558961388   0.499289908873342794688570382532
  91  -0.115513538715367924056839307399  -0.492511944053527219094766800828
  92   0.622056312017597516667853800451  -0.211398823306811974262900685127
  93   0.338227452257326869440723718834  -0.863195327553108544572753682650
  94   0.256325652713751843445581242604  -0.595969827773268740675724659963
  95  -0.323921772596303510994781000262   0.508254790087771483206679827473
  96   0.193368969122932225582456705094   0.412369896432035395718560155414
  97  -0.453664299634270055153626850177   0.245554838073756805130557826513
  98  -0.788744198026344938544819029307  -0.114842241484675727840628350652
  99   0.128452993257056264227516442844   0.281806364697534393999894288039
 100   0.763374795740324498475543869791  -0.175482171181169897402024725845
 101  -0.502882904009066359373161813671  -0.137072875473801802808105660230
 102  -0.366369664297027168952696232353  -0.851632110745528602317529291168
 103   0.661610820719266611334779685454  -0.071055100315811681019327051175
 104  -0.245765015324741920735503223393  -0.753779572618410913062362526925
 105   0.484361298963588488138676561747   0.431504195431518535743287379354
 106   0.191809903849000000000000000000  -0.733658447355000000000000000000
 107  -0.308134976411438475308341026922   0.254617719729701202347891941894
 108   0.922757203074903895439656474577  -0.089571910459592470552410333988
 109   0.198703286472360515971102898571  -0.905550101824898316051552687446
 110  -0.098253588976000000000000000000  -0.760490962964000000000000000000
 111   0.047839645900100645737170881839   0.403307014776090998501226040032
 112  -0.664480725863000000000000000000  -0.412758095147000000000000000000
 113  -0.178303024679686552598460502422   0.515744783198703205785223676644
 114   0.014318413016383998653041217100  -0.231384880584525215657435066078
 115  -0.664204003565316887670647716587   0.107598771861405464064539753816
 116  -0.113387048813810591243520240172   0.646308314933204207503889544018
 117  -0.373050952277314436663281289171   0.124054187995200200629226074520
 118  -0.495366275152633031420633734050  -0.783655687410872135678464438548
 119  -0.047904645831786734097932548038   0.801640730169054846953097512196
 120   0.500124987059675042408433650360   0.178431477930866583933230766809
 121  -0.898049924314605113092370521588   0.230239693381772696952561486419
 122   0.323134604249677251157985439736   0.674505495588631744745950883340
 123   0.209066340614011882717862003849   0.160305714618977789498562536046
 124   0.112755621765976607092111144088   0.533870546510592000219891907407
 125   0.693910846050539270733532305919  -0.614810312782264141088355368415
 126  -0.904475317291528806925399582664  -0.203539635895294282931011921637
 127   0.756462695133400528159310402558  -0.483097800400486267368178831181
 128  -0.211824257563403199682590167160  -0.118947112161913008373437429467
 129  -0.017076329965775315617769380411   0.272743483041589996782560172657
 130  -0.783080683486633547829385193995   0.496274748622280324547456719419
 131  -0.825685032500422138339817198166   0.356826589126658685202466852044
 132   0.925388453589150172504586349642   0.056215593333895670532613770861
 133  -0.422269556652110740882816252665  -0.258573525552358407309437412223
 134   0.045712461820386207854406114216  -0.735512630913897716810432795089
 135   0.258284944988808186937396967343   0.542933428166536397437226022788
 136  -0.534372051833564964960767192087   0.368725835330407467501871488566
 137  -0.084603659315925870336138871201  -0.923225976562810665279243096237
 138  -0.146908281697527238327649904911   0.011616419572587993345228437908
 139  -0.487185532517986702237756514915  -0.389137057286859409028103279598
 140  -0.329576277374394852940828294266  -0.634462381504768589764271554748
 141  -0.388748323768394093798686587927   0.376118369808257806849223693888
 142  -0.749244399118000000000000000000   0.230893584579000000000000000000
 143  -0.243219000545562513953400764672   0.385181251464202204066557809269
 144  -0.584385121786000000000000000000  -0.016139395189000000000000000000
 145  -0.555922892044677939645160430669  -0.517729806487206742654686644665
 146  -0.612109373718132883889258882794  -0.696294548001343903989786158813
 147   0.110796329490920263600295419349  -0.605032709429213137893058775344
 148  -0.549988677128384399517849110395   0.620844815845376435891125913433
 149   0.032142274409020988601765583083   0.655371196589148604721223659400
 150  -0.679901375056396544806053015343   0.359662953674463070284537373184
 151   0.273982316479887844072802266099   0.290869246353478791217228403420
 152  -0.695584215691156014601828120792   0.612916455849669633372723231237
 153   0.778444419880245944928069381834   0.128418872787230850896716615854
 154   0.144150364748135921362921741600   0.029742182884476787779896668671
 155   0.280989384171613761125611273930   0.814093103083626208155026113437
 156   0.706615910958000000000000000000  -0.330205878139000000000000000000
