   1  -0.685675257469494237398154196906   0.633143045013193756246032786308
   2  -0.643915721804552684974644848251  -0.173762141800725682880474500013
   3  -0.182064044751583328817357566807   0.669390491167471634182291848114
   4   0.377889133223192852417786890563  -0.378545156999738602430265818034
   5  -0.129582555224984857591713033483  -0.924245116587477597903778845677
   6   0.352627838897677435179110829400  -0.026426915796893637101434073618
   7  -0.678457165547948632028746899918  -0.302643931175794890202635125305
   8  -0.395809857395000000000000000000  -0.587063454356000000000000000000
   9   0.635660384334599369219751322893  -0.309490903155013289154965555112
  10  -0.540291390574364843812338693249   0.212883226324481939086007375863
  11  -0.155241605675079872187630682227   0.800096970465114524331505013293
  12  -0.385217893549732054076828969097  -0.850075201757787786563881739316
  13   0.515170212144051563093519228194   0.140129653136541919696067067273
  14  -0.426135117501018266969675989688  -0.723073596443058875027783459999
  15  -0.870815012815585359405340225732  -0.335711018004217749959920944203
  16  -0.798062641685771360614303125579   0.143828972479756625810707112942
  17   0.574972950212962927386297341024  -0.083106798691233838310604051851
  18   0.008907859339119059305016354038   0.483021176025005465796458911137
  19  -0.247978695719562379956272209253   0.410819269544276459683468264077
  20  -0.291800288880838856825800251424  -0.199062550408706920289684730923
  21   0.798202757580973497134159721687  -0.142934334221577732357464414221
  22  -0.051608974991000000000000000000   0.706670245244000000000000000000
  23   0.341531556905005381357887933337   0.868548714691628208743941328780
  24   0.129398031529666865431248448738   0.033400619733450256945426288752
  25  -0.310949670307286587218339782972   0.634863364245108977544641716653
  26  -0.728980320330773179401800759835   0.401591985157589137391862388042
  27   0.258283657085370123832230664903   0.067927746655812913583076420213
  28  -0.257258845137442909771698199756  -0.070180761033637712967524105631
  29  -0.471208503087572949704134589916   0.470646805074620353730328626447
  30  -0.627516020282136006210905573367  -0.523172296859172829924455950045
  31   0.069595293460755501138470335907   0.256637071561226014952097407876
  32   0.189200769598578229724026561568  -0.189835832094325501061244830372
  33   0.163939475273062812485350500405   0.162282409108519464267586914044
  34   0.173094191519760789980369506701   0.646224215318883382416948999405
  35   0.753702223756019033872180308662   0.550412238290236534884646233981
  36  -0.162914663325135598424818035259  -0.164535423486344263652034599462
  37  -0.857944272050026876252558980183   0.367358544491598534737978242358
  38  -0.584112983735641320681866735420  -0.396998593628501440887145619136
  39  -0.008483783279000000000000000000  -0.483179581854000000000000000000
  40  -0.420685914436542115226782467588  -0.233589677331069576927334862384
  41   0.902115586102440697912699336784  -0.239182239025990831491255777811
  42  -0.034029037769432340023835819094  -0.130008296563981607014384468001
  43   0.480628768400655616039417176527   0.011247863761472712373906441981
  44   0.490388561061486590742194668659   0.492118388185597479691617382959
  45  -0.759570191601246238394898046446  -0.542285716375862500342660220687
  46  -0.455215860297503772058202273324   0.732877043137686401705505921435
  47   0.318086395154281488125008777733  -0.155308705171962844423594698911
  48   0.385190319722657302414583114084  -0.850087696503362735731611229748
  49   0.035053849717359554084368284240   0.127755282186156807629936782583
  50  -0.505749946830968896758236641583   0.341765015699551146408168001155
  51   0.223742213341974176778128613236  -0.060954042719256293739084205079
  52  -0.213437251976166432902170157586   0.539701058919345667005628889369
  53   0.767212373590378545923320937363  -0.531418712470923184262319588744
  54   0.280891039513078155246460721491  -0.766869386521955514869210789575
  55  -0.574832834317760790866440744917   0.084001436949412731763846750571
  56   0.215634831960110547920229556392  -0.542602133846011635698290949068
  57  -0.600482965285000000000000000000   0.437555627097000000000000000000
  58  -0.634635572386672155159218857748   0.307237888777188489770517869695
  59   0.249100542956000000000000000000  -0.413436250983000000000000000000
  60   0.412430576966588799471888942231  -0.249663367624669395108105192742
  61  -0.085434815202868118629200859899   0.577377345556534104783330254354
  62   0.291940404776040993345656847532   0.199957188666885813742927429643
  63   0.082458089802954911763426358883   0.929635056127125689626827381140
  64   0.420826030331744251746639063696   0.234484315589248470380577561104
  65   0.763661313837577550080057670019  -0.271816123596646939679625039513
  66  -0.489768801923334009334986570923  -0.491353256081207991571656112968
  67  -0.930166098896447122057225136367  -0.076234523794677566199699821350
  68   0.703858575768666185787279557189  -0.048579671768871181672953920390
  69   0.730787036535564226015717208467  -0.403056639455405629944959116630
  70   0.550191299130397955034972781489   0.268881936357821721684946263835
  71   0.214183777178335311626147565056   0.908375464083028564570508813811
  72   0.310789564982862536263089854662  -0.636832064405839390613559817139
  73  -0.376864321275265638357254425418   0.376292142621913803045818132616
  74   0.386284586588348304692537012029   0.105602526214179263058416935812
  75   0.247035954917000000000000000000  -0.899304656157000000000000000000
  76  -0.222717401394046962717596148089   0.058701028341431494354636519661
  77   0.864822222426688450209292987464   0.350860652897129114089743662525
  78   0.232489643947732890859466019882   0.423544270650915505721985118893
  79  -0.386144470693146168172680415921  -0.104707887956000369605174237092
  80  -0.170819330257998451208422761712  -0.645896250481201455778416734983
  81  -0.455227358179938062280884519256  -0.362471466706138784249495487676
  82  -0.153634513907255068609392044755   0.316464607091569908998957770246
  83  -0.342322877531869691303152373751   0.505173931996983010367978757908
  84  -0.480488652505453479519560580419  -0.010353225503293818920663743260
  85   0.738879662755012577728733110484   0.080172611452408620315925276173
  86  -0.549571539992245373627764683753  -0.268116804253432233564984993844
  87  -0.741875347905716121589476929192  -0.083166674902441262195322999416
  88   0.452848399361531297458605397666  -0.735083299944023869863341076769
  89  -0.533171838469828694864025408870  -0.617526959311879380608966443877
  90   0.679076924686101213435954997654   0.303409063280184378322596395296
  91   0.152103716709449007908619094892  -0.801761397835029928322987274420
  92  -0.832544334485635469443336186009   0.014724907171648715369457641866
  93  -0.013530008871322578701423584443   0.836953278623157538169196513480
  94   0.529997340157107119010866207788   0.621800389420286413847592347760
  95   0.439675190538565794664072070827  -0.602304937483476733975909685678
  96  -0.284127231230783130588612898392   0.765569843542751867693854881833
  97   0.305939113659040501299446403089   0.684883761850694126134692319122
  98  -0.776416791649112068643578980860  -0.212048464277510469517483624708
  99   0.094856587786270918377146397071  -0.095481169641618950376734336540
 100   0.054437355051684618124090949794  -0.710849854184442524442381623017
 101  -0.326341732624234803879902303091  -0.327944339783776127611845356215
 102   0.326481848519436940399758899199   0.328838978041955021065088054935
 103  -0.010735589833161975106107442068  -0.863590143291359965551058576322
 104   0.644535480942705266381852945987   0.174527273905115171000435770004
 105   0.025773700299479024268942293737  -0.353244748391757365021055587125
 106  -0.040528792258447461829515554464  -0.617121214839425984568689885204
 107   0.154659325855182282669924509901  -0.318717621469394708383405455664
 108  -0.282520139462958327010374260920   0.281937480169207252361307638784
 109   0.506774758778896110818769106728  -0.344018030077375945792615686574
 110   0.473307780319442953659053399155  -0.473182995610574565606864332762
 111  -0.411405765018661585411356477085   0.247410353246844595723657507324
 112   0.748975294625559175029332357821   0.417065760611246082158809333144
 113  -0.204507639337866383228208800937  -0.775003666223819342324637296062
 114   0.584732742873793902089074833156   0.397763725732890929007106889128
 115  -0.074217101338315393849301593689  -0.746228630582043871114910446282
 116  -0.439835295862989845619321999137   0.600336237322746320906991585193
 117   0.400283295471347812646326567587   0.590529099397987575450181825290
 118  -0.909788576509782018856227384224  -0.208099543984942018264270340984
 119  -0.569228810726000000000000000000   0.567331433454000000000000000000
 120  -0.119093070163859121555289993088   0.445346396466639116321118395538
 121   0.106566835210413835581366913898  -0.927180771903555391006312181662
 122   0.182002242179233388925248228063  -0.671724075718913804067336301984
 123   0.197596222963733681998776683034   0.294311851119592364427437923475
 124  -0.093831775838343704316613931924   0.093228155263794150992286651122
 125  -0.137653368999620181186141974095  -0.516653664689189228980866343877
 126  -0.231997550811927492533022138593  -0.422299002236482678296355850046
 127  -0.557061510827235419897874682954  -0.748801140029390034751434260828
 128   0.120117882111786335615822458234  -0.447599410844463915705566080956
 129  -0.703718459873464049267422961081   0.049474310027050075126196619110
 130   0.446972020709984746525990993898  -0.120781578249600187785944567450
 131  -0.197456107068531545478920086926  -0.293417212861413470974195224754
 132  -0.759220000081771904671972303344  -0.408855943332895896895775502068
 133  -0.068570481512828287077937870761  -0.258890085939050814336545093293
 134   0.060315144042874971323044345404  -0.224362959016688157698894961833
 135  -0.260058011953339639651084469626  -0.896320536735220055566236133160
 136   0.043451361886220507063675286640   0.611902413605098111430994531481
 137   0.000512405973963607030266232573  -0.001126507188912399692223842709
 138   0.928693639054395397240575056870   0.092459715197163938627567345120
 139   0.078750009707453478633489342204   0.740578877771589933101459493236
 140   0.858787966038542406876023555593  -0.365381859897039280469618601031
 141   0.622577679111308281238440834426   0.525714449722934689998298096441
 142   0.659446339170000000000000000000   0.658788104675000000000000000000
 143  -0.926888516297942780790216350506   0.109079569624355266053968135697
 144   0.550486285954952063593345384483   0.753648142789431316470686316427
 145  -0.128373219581739651370715983592  -0.035653634111275056329873974170
 146   0.103252041151426370651896518536   0.388666513572298915111948417306
 147  -0.112463715951780148865827461479   0.926483991631131001319254231659
 148   0.906017410151214426827074813097   0.223948937611506434415426645736
 149   0.344422154763739695258071182990  -0.507710122532937222244514464223
 150   0.609514393956358874440399392692   0.045774990683835369011556573441
 151  -0.515030096248849426573662632086  -0.139235014878363026242824368552
 152   0.541316202522292057872871158395  -0.215136240702306738470455061281
 153  -0.388644671478597793620576215165   0.848513991331745279130404679142
 154   0.207635635263156737034471558368   0.775106004693952589739109624697
 155  -0.351603026949750221118578364254   0.024173901419068837716986388200
 156  -0.609374278061156737920542796584  -0.044880352425656475558313874721
 157   0.086652092379115590200868766453  -0.576764684374025871074164003413
 158  -0.445947208762057532465458528752   0.118528563871775388401496882032
 159  -0.901230807857000000000000000000   0.240636400886000000000000000000
 160  -0.024748888351551810208409828590   0.350991734013932565636607901707
 161  -0.360883176367630750934004354758  -0.456826129158845334934005981507
 162  -0.588379804638136243421904436970   0.724451433602298102277384767544
 163   0.361502935505783332341212452494   0.457591261263234823053967251498
 164   0.585994621100591925638095433809  -0.726382115828583717696033914044
 165   0.773421106498408524782835162151   0.209054400827477827638085901465
 166  -0.763815269506326298994342141324   0.272789216226426325735432401647
 167   0.455847117318090643688092616992   0.363236598810528272369456757667
 168   0.283544951410885541070906726066  -0.284190494547032051745755324203
 169  -0.059290332094947757262511880257   0.222109944638863358314447276414
 170   0.602193405875146212060035615320  -0.438655868688211908969214201301
 171   0.271397669915644554245344351422   0.556001972475624918812531693829
 172  -0.768955536071724115474199164762   0.528893238469810370748920475603
 173   0.839832111198221532984460132217  -0.007075483780204491556486827211
 174   0.137795543698527818410555451138   0.517547751152391560746484037650
 175  -0.669177016130068102213320909414   0.178356099402119282448357244402
 176  -0.317061583206354274064476312587   0.153055690794138045039147013492
 177   0.568560816094269053065054286992  -0.567777810561114077338259554217
 178   0.927004000469026460787517178643  -0.108093742968117711832090869304
 179  -0.244051803997000000000000000000   0.899863060852000000000000000000
 180   0.669317132025270238733177505522  -0.177461461143940388995114545682
 181  -0.266538994555323439587124190260  -0.551180791611551885618516475338
 182   0.683589770829217796409129729558  -0.635394129160864848688167797687
 183  -0.299704955813701709609404977876  -0.680423377403564112416066866444
 184   0.417148481025042253391759253677   0.758613698636585605409556728472
 185  -0.103111925256224234132039922428  -0.387771875314120021658705718585
 186  -0.661384063291000000000000000000  -0.657939795606000000000000000000
 187  -0.188175957650651015663494096422   0.187582817716500701676797144953
