   1  -0.213107202930659954976917840779  -0.067931742221266855983363934206
   2  -0.426952006286105664470530521239  -0.139229802614726321368195345091
   3   0.079052993370941978027848670652  -0.587867808543848376202229732376
   4   0.468785286666236260561435130644   0.496862082618774601109055833504
   5   0.848033117903704715558138701484  -0.393610772811747680747994584477
   6   0.296910312501955498791623151787  -0.172262330998486259840937336263
   7  -0.382182332109320701403910018074   0.853244557297859876250983143632
   8  -0.003274915350782056753466960993  -0.340941098979710041574993508548
   9   0.214582403780231464010307520142   0.074664378565652074786298887564
  10   0.551994622455599189651497740848   0.754580377637160997928581850740
  11  -0.036413838160508451603801175466   0.471137090106164427691546573820
  12  -0.432972600327737712225882270701   0.678580746939298645189451196463
  13   0.121686649024096348287435355812   0.681101542960591033422707046860
  14   0.379238221223679533572938783431  -0.419189040562624594468173560091
  15  -0.250258641515954161097413855926   0.399839029712704962306715162935
  16  -0.254271157291521972367575656601   0.055531612560802311330254177708
  17  -0.167930732794230126316098224282   0.152912320148566627679478939107
  18  -0.217119718706227766247079641453  -0.412239159373169506959824919433
  19   0.600548571021000000000000000000  -0.713468601002000000000000000000
  20   0.514767631632969019555397632921   0.243343146546875856520355059849
  21  -0.077471019114618284046025017572   0.594635992954601479919215476477
  22  -0.055343537910718714137687689768  -0.933288113256814618840484465195
  23   0.461264855833673563921253597269  -0.667635849608417660546632018178
  24   0.247741966187661593004716272921  -0.737406927148664073757148778385
  25   0.027733027637577818084981697237  -0.810592995789195750974516104510
  26  -0.764280218174967592941943941054   0.159903497132171490929645573628
  27  -0.753290249934493587006930948694  -0.321360760063140152096800892191
  28  -0.766258461825712597053530225580  -0.535665547907864745889736396459
  29  -0.840881970266570721507544068686   0.408665048194178289033994151510
  30  -0.775669460197000000000000000000   0.521840259841000000000000000000
  31  -0.303460143203519612298557073772  -0.509619866960933823309049680833
  32   0.424414691360109362233758399928  -0.198344978192791110805330686778
  33   0.555931585993831036946055448743   0.119879791764806689206736947935
  34  -0.430993313759073342578626337243  -0.483511684648440279348147368845
  35  -0.921443505217176258867278215512  -0.158213388270473681879499097336
  36  -0.668918017941177455888415027653  -0.216554113553526306138472665372
  37  -0.591599369180383900838989076416   0.354664912307700123628095096427
  38  -0.468115960646967681861188337061  -0.015766447832657154054577233177
  39   0.255746358141093481400965335964  -0.048798976216417092527319224349
  40   0.248423133802081238952791096624   0.651512110070016453808400960079
  41   0.218594919555799275280469320816   0.418971795717554725762759872792
  42  -0.934486251278412194333664205379  -0.028723782943063995180435076027
  43  -0.177700231221107765605314640171   0.677652715084414308166007359903
  44  -0.344624097564381629689214889595  -0.386156512178864655995431568919
  45   0.041901554785647771907352655504  -0.120097036609876557912150635235
  46  -0.422939490510537853200368720565   0.205077614537176329608265640136
  47   0.682499563783000000000000000000  -0.253326065715000000000000000000
  48  -0.496965697318809584874370284296   0.791905742638206486191581469380
  49   0.173418449419369446619649704319   0.198127733347721242099916999478
  50  -0.348369778846781180921168480485  -0.730339435806310223965274003640
  51   0.037889039010079960637190854830  -0.464404453761779208888611620462
  52  -0.258283673067089783637737457275  -0.288775804591100339646206807519
  53  -0.007287431126349868023628761668  -0.685248516131612692551454493774
  54  -0.550443869368691716642503968706   0.231160261731481180572658990650
  55  -0.870383427506500804300989724456   0.084539181423640996219587975674
  56   0.353338894021817453736599719280   0.728520904179397420194900560023
  57   0.194139722445000000000000000000   0.907883883460000000000000000000
  58  -0.554456385144259527912665769380  -0.113147155420421470403801994577
  59  -0.044438869711644074144124776815  -0.217477744197640874261375396634
  60   0.387263252774815156113262384780   0.269425793741180707484748410363
  61   0.063177673840341823528755111061   0.932790539758558753706105525310
  62  -0.381775536149675835809710904742   0.081614259755107162294647528222
  63   0.651431667977218879593627686202   0.670616426499797612247386759544
  64   0.469591161496539190894578016424   0.022499084177042372857512186536
  65   0.655413952982624819068719471211  -0.497351361503086511936329034464
  66   0.527310392084829626449576838839   0.626797906680973152986227038942
  67   0.834676666009637545651669053758   0.421194103417861211718565628275
  68   0.785157779415525168929692780626  -0.507559721568035293930470651502
  69   0.206557372229095841469983918793  -0.613950455738153227166623082890
  70   0.259758873916661292671127136639   0.295508440935485558449141760878
  71   0.686067977852777094428665112927   0.121359868317235960217757892301
  72   0.597095540354693054336713264565  -0.003583563017262478106881163979
  73   0.724599919212846917778848512707  -0.029666210211567329071274514493
  74  -0.509279915007829699251846152883   0.107696906949412013259040878737
  75  -0.130779294208935920195602209134  -0.314858451785405190610600158034
  76   0.833570931910143209839086997018  -0.264272007203930601863879894873
  77   0.398749444614295027146420836551   0.606555527914023453490303769986
  78   0.465578645720971379624416215750  -0.321808332974860278118948798692
  79  -0.710747518936020954270993544570   0.407023192669783240727936602237
  80  -0.336599066013246007148891288245   0.302458322124940645957490401535
  81  -0.385788051925243647079872705417  -0.262693157396795488681813457005
  82   0.323165812976336298563589734409   0.877298960935372144615501402262
  83  -0.602119109896849928827225589998   0.715221774718838624306068498047
  84  -0.538890557585437985978635888059   0.601468439447870608250575484778
  85  -0.636784293865983562693981401025   0.133779554143716864223434229251
  86  -0.595620339505121545303323585202   0.010316199361647696909816117337
  87   0.346099298413953138722604568957   0.392889148523249874798366522277
  88  -0.305428848785158858847326955274   0.652691317530539421192986701136
  89   0.510755115857401208285235832247  -0.100964270605026794456105925378
  90   0.074794194618926053913047404649  -0.931931026410348784422644578191
  91  -0.275114909025965230032338506054   0.779256463478948900126981793887
  92  -0.833219840772190886825145174659  -0.424068752065634819135185373552
  93  -0.020487131023590934416106705117   0.833101666057697501816538769165
  94  -0.810929210041092176744017051655  -0.069605669804428567966775603781
  95  -0.238052758899000000000000000000   0.904054446562000000000000000000
  96   0.918460165728226485516726350433   0.174701269329729625169593843111
  97  -0.126766778433368108925440408460   0.029448965366497460365860827194
  98  -0.476176446580627460473396150264  -0.704349839290526821604147998577
  99   0.169405933643801635349487903645  -0.146179683804181408876543985749
 100   0.790969237845950041417846254844   0.200849585152787893181175780063
 101  -0.257725444411751724380884398276  -0.636951664939366699317746355582
 102   0.885154458190000000000000000000   0.300869853896000000000000000000
 103   0.473603677272107002164739817099   0.366806501328945023833973171763
 104  -0.040426353936076262873962976141   0.126829672954261776715085588593
 105   0.177430965194937257889811504994   0.542435150499623893076377984705
 106   0.161401541690369746953238840602  -0.834787634736428390106373539785
 107   0.091090540697645411838334072675   0.445054442911859576727153223306
 108   0.748336241512345699600191621438   0.323813395830096895369340866876
 109  -0.185944839775000000000000000000  -0.914499048762000000000000000000
 110  -0.006478850507474302983045425941   0.703712952524994040651238451851
 111  -0.464103444871399870591026536387   0.328540969319245496921883752050
 112   0.428427207135677173503920200602   0.145962438959111540171130298450
 113  -0.911491532388057650467998232593   0.208021142963426777263901978908
 114   0.694316181739000000000000000000  -0.622762435251000000000000000000
 115  -0.606105132460774294389822628875  -0.711847018635076701940240073965
 116   0.300922828277523310061784952461   0.172045086153416391135523648964
 117  -0.209094687155092143706756040104   0.276375674930635794993097051021
 118   0.638259494715555071727371080388  -0.127046917799331645420499275893
 119   0.765750422597831515826251175976  -0.153195233622389913432081212845
 120  -0.884892300851000000000000000000  -0.298722477848000000000000000000
 121   0.000737600424785754516694839682   0.003366318172192609401467476679
 122   0.420422815182245285107671137558  -0.542645511973135441058699255586
 123  -0.229216962612350916951114540519  -0.782687095697372253683540450035
 124   0.234643405673819932646541246862   0.781897417352295828668991774266
 125  -0.472157268119935359969284153065  -0.360048329866371112034529256931
 126  -0.681960764002413391354801017521  -0.087064508226116619439408644063
 127  -0.299447627427951801028395273098  -0.165312449809031172332588695605
 128   0.045914070561215583177514456178   0.224210380542026093064310349992
 129   0.919911356407435055890564429337  -0.166891299616166285514655133473
 130  -0.137425163655994636074363856085  -0.686605602978078526969294380777
 131   0.210569888004663652740145719468  -0.269643038586250576190162097663
 132  -0.377763020374108024539549104068   0.425921676907009813271108513449
 133  -0.797886463979856241277631061787  -0.199095275131838254665839625090
 134  -0.340611581788813818419053088920  -0.041849095026962005018970583692
 135  -0.085602824072506091534782592637  -0.094014389415571706947757284720
 136  -0.315564049794767052236542169363  -0.880061895557389628625922967853
 137  -0.805428716423398096479725267131   0.283442295051637224246390560189
 138  -0.081590308296938280264620791963   0.250293027736330944028703700507
 139  -0.175955764345365748856421825631  -0.535702514155238674273443031347
 140  -0.122754262657800297655278607785   0.373756382518400111342321812421
 141  -0.513228257559782386314696999850   0.458566981469086081443066511745
 142   0.933821414508085915944609297313   0.045466199984797249792841454840
 143  -0.695604959626831382595291169944   0.624678597102137214598401030824
 144   0.738245596573281915719356960336   0.573657605785105123446978700561
 145  -0.434716866029197316206596109328  -0.827714235666327598907656521458
 146   0.644904023491915077038007297105   0.244823223099305127531376004215
 147   0.494450693300942564748715863248  -0.793478494622984235381261482303
 148   0.128241979282939617958830087823  -0.022716329022112241562925873835
 149  -0.647269086821636311780480444698  -0.588383663853007534626621962051
 150   0.507924688766846009587737619006  -0.446307081262173750704243043638
 151   0.334082390684953439056193705239  -0.640026219560899757407924016986
 152   0.597346234136770859864591132932   0.517104461385724300604979102460
 153  -0.419742407829800932546631419904   0.549110159085787491150733978968
 154   0.441861301324333819653648206826   0.823922447762473736141410188019
 155  -0.389829359398211325187968521421  -0.606975039430509446661765480759
 156   0.304935344053091121331946753135   0.516352503305319042111984634191
 157  -0.515282611840776439488844077958  -0.237256327514322444507118723501
 158   0.004750116200353565786856640356   0.347673735324095260377928461906
 159   0.852090847095123361877728608296  -0.055814526034625597082856451446
 160  -0.677939793677675746890466508735   0.257284204719935807278870335027
 161  -0.048451385487211885414286577490  -0.561785161349543525237836381861
 162   0.551919070218263225675893648069  -0.224427625387095961769724037292
 163   0.087078024922077600568172272001   0.100747025759956925750692238079
 164   0.718289291470804365697165392069  -0.383402412746798898753852967438
 165   0.603740069131053059647349481283   0.368286577881374294844994116129
 166  -0.102404704892066949965753397180  -0.811950082635661585392355991513
 167  -0.632376407315419439746701468004   0.510925261831169198542908017554
 168   0.707172287151483682209533805616   0.447276750612166062682958978790
 169  -0.558504355302351495254711781908  -0.457423129726388486976911774749
 170   0.124229463507371806688668287149  -0.367023746174014892539386859062
 171   0.806330486625809471845729201725   0.071614515807855517804423391793
 172   0.132254495058507429228991888497   0.321591088129790409413535111392
 173   0.083065509146509789298010471326  -0.243560391391945725225768747149
 174  -0.517340400941489477864053966086  -0.580886484508457654290529886663
 175   0.342086782638385327452442768283   0.048581731371347223821905537050
 176  -0.606061410635476045909280699193  -0.330513395890170813269306699187
 177  -0.295435111652383989758233472423   0.178994967342871478643872289622
 178  -0.724345406548000000000000000000   0.036033081706000000000000000000
 179   0.593083024579125243066551463891  -0.347890980169165129083342149206
 180  -0.108950820152249792341811006555   0.928557660203765758128345446496
 181  -0.291422595876816178488071671749   0.523302384494774129620333274849
 182   0.292897796726387687521461351112  -0.516569748150388910817398321490
 183   0.547605280330965409972731029588  -0.570255142020653344197407256778
 184  -0.147386291461914136790326190951   0.804217861032823787100002452654
 185  -0.163901675798000000000000000000   0.497300719112000000000000000000
 186   0.251733842365525670130803535290  -0.393106393368319743503780209577
 187   0.338074266862817516182280967609  -0.295725685780555427154555448177
 188  -0.089615339848073902804944393312  -0.438321806567474357924218269947
 189   0.050694480416952367224455764181   0.572024583390198472690684071486
 190   0.165393417868233824079326102971  -0.490487100956084059853004970976
 191  -0.686328870988015297235315999615  -0.432957555905370078851351915099
 192   0.383250736999247344843100584105  -0.074881623410721943491712574864
 193   0.364318159895983779356411576445  -0.795265912389903444433871070681
 194   0.120216947731803995418506486473  -0.711331163325917543515847844290
 195   0.277977735398691933304934144126  -0.892646619977667760783095832080
 196  -0.171943248569797937586260024956  -0.191395097003336023296982046120
 197   0.107678368507979716854374076636   0.810490256493294494588007364174
