   1  -0.203938482916731502598198608792   0.291390898960363812064004153294
   2  -0.259723744508128519072175285277  -0.147509879903294100460753896207
   3  -0.175499896967990825502071547933   0.047627179003792607221905346950
   4   0.275149836987522657162851644884  -0.146879465194145381415852905796
   5   0.346001132473056887382424402904   0.168987621738074238096404088474
   6  -0.849667282340160711294639170416   0.258315706123871949533044732570
   7  -0.513487197434625937500763942545   0.193507162152246098700224036510
   8  -0.344640340353919872113857248411   0.584695853854797463907003935478
   9  -0.062837463479112454835840749729  -0.000999482045691889937534216236
  10   0.430224980013194580952528140249   0.364124680645160945779063331631
  11  -0.246197199839411839995689980637   0.657951052783598569168613775463
  12  -0.776002168241589232318558618983  -0.435074726484380814169112749603
  13   0.643915505788000000000000000000   0.389027517544000000000000000000
  14  -0.734362068879000000000000000000   0.177297459955000000000000000000
  15   0.091390938626792593756303194530   0.511156495746767127848833673250
  16   0.620781021733799128284286149380   0.704050258588862097275856019527
  17  -0.302381623431239534716365876567   0.218135700031562706802394313309
  18  -0.195682346169441933990161626182  -0.918021929455678017631731372969
  19   0.839974947239181089758921071742   0.418924732588609666105461853103
  20   0.831364493119689725312730157797  -0.026700644319639312855640242745
  21   0.501321444885046273692845792398  -0.245284619246267066326183684229
  22   0.557106706476443290166822468883   0.193616159617390846198574365272
  23  -0.430867257177737193272130414357  -0.543864038657456403447687319690
  24  -0.048344220949064193683214983290   0.803698477021444458684607775846
  25  -0.189719189942361164050135078363   0.169509038982078209642954750122
  26   0.576479379136000000000000000000  -0.740663795361000000000000000000
  27  -0.634090022982093668027228264126  -0.568924304710448212418401316030
  28  -0.358166885022636551190342553052  -0.220765078832095205722363736192
  29   0.099376160750933057162256713555   0.933370356417166210616739263562
  30  -0.681934892514901324640971417234  -0.196766955661927316665094449804
  31   0.887445915403352540178263006639   0.305770487126878907531248708994
  32  -0.023230923881019899591886326335   0.938358229963129503519846504422
  33  -0.005960291581631100643586628010  -0.488526921958834299621731828924
  34  -0.537410446977686586757517666378   0.446623367973845681333180447339
  35  -0.429263349894488243930660205200   0.388644221059332806382883279668
  36   0.261291929102129713116001225488   0.901544436702923031539583848829
  37  -0.074254516086685758384344695169  -0.935704072025250566061796580183
  38   0.453306565519879744932743821370  -0.821930046427598450885965758990
  39  -0.470829318511514921856573351256  -0.172138417782610708562924173006
  40   0.642422464322665321455203651462  -0.537675000252322768327722053759
  41   0.655549846990951322284989736657   0.266871358546191951460184205257
  42  -0.119714635376593809028094871448   0.486527957867450519746663396452
  43  -0.759968799269128338027644357430   0.550911306565169791591948446930
  44  -0.838464134964063205270527036885  -0.033540765989295944852458254254
  45  -0.667766381430217503568243739904  -0.318766640757646449970681739025
  46   0.585545292425183967262949529742  -0.050147560339180358643524441072
  47   0.092482848932876931474580639764  -0.415271723030033194360121988939
  48   0.458663565961935258048655201108   0.120360960688589740936964525287
  49   0.458893932440110405863666193029  -0.699348818601490804749382451115
  50  -0.400824763945747566834533144341   0.144880501102761601540784473324
  51  -0.316381308658000000000000000000  -0.883673774416000000000000000000
  52   0.764970694650470982457759761080  -0.543944555896903024481931710183
  53   0.018111823675969315731465165807  -0.854921429314658586289168806235
  54   0.189834079141300625874470462305   0.584411694675568233110443513236
  55   0.543979323808157289337036383687  -0.610930199181123873589331893745
  56   0.846886848067766734404682462601  -0.318051423879491685444919369534
  57   0.431316890319278918670805585483  -0.562303538131639376429892330558
  58  -0.020179584556001439191650158440  -0.366645061980548697200682425752
  59   0.937962120480000000000000000000   0.034086213000000000000000000000
  60  -0.334234840933052555380185361248  -0.761187699110536981610046231692
  61  -0.257914135440350518384192970453   0.902516560681276198019505460116
  62   0.487102151910675935144782261968  -0.123402759267981463905134281057
  63   0.003892530701598977183401635378  -0.733039569336372983868119403063
  64  -0.217109437773000000000000000000  -0.513256476218000000000000000000
  65  -0.147061311019250148405944487073  -0.196136540952778597620193459394
  66   0.303588422936263334258978705743  -0.390643185150716586257951712140
  67   0.333498050854942087925669726635  -0.877402355615630675256420501787
  68   0.933919087396834671523967531729  -0.094079656460717667981785647897
  69   0.260930544013152318614788114454  -0.024997605215859778994803502624
  70   0.105610231601162932304366724960   0.389274635768481525427784270078
  71   0.542887413502072951618758938453   0.315498019595676448619623768444
  72  -0.734296728006702650993852201927   0.300112970116243470809960767368
  73  -0.591599567585534115930487767192   0.728742612447297625984933454381
  74  -0.007052201887715438361864073244   0.437901296817966022587223833265
  75  -0.369997016075000000000000000000   0.843789418475000000000000000000
  76  -0.104403432096139132761753895785  -0.561782120887635404883341668910
  77  -0.540757210805026499662660529869  -0.489260245966384099586593642168
  78  -0.528070958602652908370051532583  -0.630708882661304126877965287791
  79   0.349941791655497934756841525578  -0.755800630821360054286137571726
  80   0.628203171348294982907140121032  -0.415793140274037165906672650588
  81  -0.386605470971377228286469613911   0.022998641124475999119735070152
  82  -0.132842018044879809857880956644  -0.318018400931064200041242862566
  83   0.925540833585000000000000000000   0.156164434977000000000000000000
  84   0.788063231226324318803858176010   0.088113887874240988949090247731
  85  -0.434392036806938708146620960753  -0.832081367368974546774894808849
  86  -0.147601564101764543799251990703   0.731550324482904123170162559838
  87   0.812933222801822489412255144060   0.208275693800633612220172902525
  88  -0.931400411002000000000000000000  -0.115362113708000000000000000000
  89   0.332027008885004011355105766602  -0.634406905107287791100050518483
  90  -0.527706490408996276048827472974   0.315389022130531701121273439682
  91  -0.634587504859914406432054496060  -0.691631796723929749837880478438
  92  -0.161280603993620486954008017503  -0.074254680974492995199144056222
  93  -0.329728299073895874094215492193  -0.464528798788666410564462542536
  94   0.613983878373924644359076590602  -0.293911280295751563485623247415
  95  -0.794597387352098768238477648028  -0.148140436749754972007639138431
  96   0.120921434881617608570707700624  -0.659035442986604399202220795283
  97   0.529760030833786950788972853258  -0.489048339202838271168282490573
  98  -0.857956838349719407597394699466   0.380743886481262643873088733764
  99   0.176980617783160134693001076067   0.706445151627226308059214934069
 100  -0.528568440480473646774877764517  -0.753416374674785664297444450200
 101   0.064044262984136254378453578905  -0.171508003073461989518023182595
 102  -0.372386177997006889738406083482  -0.098883218853809603301314333020
 103   0.317807715910633672807042236173  -0.512525045129002188679001115312
 104   0.416005687038824242404464609820   0.486006540623446548200112734803
 105   0.007167091086654900186199457186   0.316019436839680420166174430093
 106  -0.245504451533758180524111754848  -0.269391739881579702881803299379
 107  -0.569272459026022953974740619030  -0.245393616711411813824534012991
 108  -0.135877370421635581346292222290   0.889694545698273347408065217556
 109   0.360220425447427225930487933334   0.047105761759788635675354685302
 110   0.049824970009765915830390048475  -0.049626143095176387096973779423
 111   0.811111419233497090680993063130  -0.147726216339017999659706349968
 112   0.331781839498686548834360872475   0.290869481716359840517453491646
 113   0.698284781496000000000000000000  -0.098765215708000000000000000000
 114   0.078263555958506592926517109335  -0.293389863051747591939072585767
 115  -0.077056756453482793383904280158   0.120882377932593712483515186936
 116   0.289369129961892995710915175313  -0.268761325172430983836902308968
 117  -0.868943692086260361803447438653  -0.354954509123917898310695592503
 118   0.707319565319767715528109103577   0.617053381872069497082234366195
 119  -0.091276049427853131931967810588   0.242764237910879314904564590108
 120   0.401786394064453903856401079389   0.607888400601732150621162137975
 121  -0.646733849384656365361550908958   0.502352801585009806965565619067
 122   0.765462254637651038992913209163   0.321429939262364370794386046635
 123   0.212259713694634215933019071663  -0.858464518171484453631098137768
 124   0.106702141907247270022644170194  -0.537153583008318796781171392111
 125  -0.696154213614390115976614327051  -0.074885098964843490352249579793
 126  -0.499267904460255598952700412115   0.071625302173960496279174633338
 127  -0.611930337949133969618931210319   0.120251963223444993438614196525
 128   0.162815961064066404028762670152   0.828333373307943383684881485148
 129  -0.485048611485885260404636881685  -0.050256557804325106141874769834
 130  -0.133933928350964147576158401877   0.608409817845736122167712799624
 131  -0.555053166051652615426677088601  -0.367275476689697416245583416163
 132   0.376862331605000000000000000000   0.859655029315000000000000000000
 133   0.515540737859416612240909322828  -0.367166479224552668747233087401
 134   0.417097597344908580122742055053  -0.440421678153353774008842927386
 135   0.218272665090041302970597523165   0.340647974718997028268344706892
 136  -0.681608579691072100137037995248   0.645341450439550324134582996643
 137  -0.825844005646022789694532887614   0.088517041710389256783592051855
 138   0.077193444153331105965546035381   0.633088829286845550692402555856
 139   0.231428684963000000000000000000  -0.718883783321000000000000000000
 140  -0.118622725070509471309817426214  -0.439900260909349802462292265738
 141   0.035605677035395577282326518046   0.072255716883109215324075623749
 142  -0.626149630923504308166994740749   0.242133823201730595859663599697
 143   0.008259001392739237904476902420  -0.610408781937119902042781232096
 144   0.219364575396125640688874968398  -0.585780244057803293940610955297
 145  -0.094550609812909054934765632397  -0.806294768265174089129729243049
 146   0.444444272987564919500591670679   0.242242820666875343358013928459
 147   0.514448827553332274522631877594   0.559261739552247653461722574788
 148   0.374439718421797564478551463764  -0.074776098218496966745694717870
 149  -0.260411639384225511993332774935   0.779833478887135877397437956381
 150   0.303343253549945871738233811615   0.534633201672931045359552297990
 151  -0.653419644293904870328891328073  -0.440633584916899602427154078982
 152   0.190925989447384963592747907539  -0.342016524101232089098512148953
 153   0.246711251038781980066724584024   0.096884254762425823426245900548
 154  -0.710373478463642001737098478093   0.046996764294643888177004356539
 155  -0.288162330456869196168302346137   0.096253840053277104381344910137
 156   0.204053372115670964422533992735   0.462529834697282630689394110064
 157  -0.568774580489387167394625495815   0.597114230857538763814118775042
 158   0.162487403498644286496620846679  -0.098252804144660884256413342610
 159  -0.485782204992000000000000000000   0.803143040374000000000000000000
 160   0.275456585821223443780239631404   0.779656215022205955913917297751
 161  -0.442390732562774244760446290397  -0.415902137739181913405022979350
 162   0.829391381542965874007303129427  -0.439506290951737776818231685026
 163  -0.478765568383849183188075267759   0.680515392865286065664469232780
 164   0.387567101090083565308337548958   0.729770260580017753042211541147
 165  -0.908491441018000000000000000000  -0.235947676395000000000000000000
 166   0.472882858936305596596718731538  -0.001520899289695861484084877885
 167   0.749502973872599244638275599545   0.501823454651219899179862535714
 168  -0.358857696892361578475852350082   0.706582200089000470710319059916
 169  -0.232377068865472179694325669652   0.535154618916935016906102959639
 170  -0.021271494862085776909927603673   0.559783156796251625008273236438
 171   0.317562546524316210286297342045   0.412751341694645442938502894818
 172   0.668467377276000000000000000000  -0.658771202668000000000000000000
 173   0.599764585399554305811013060172  -0.172029420317465961064573844244
 174  -0.218157775891101841146262139222   0.413272758938649414485053556467
 175  -0.924696990575873800390580083164   0.161218234650505750502775740394
 176  -0.316600916405609873264429406996   0.340017560009848309223443716481
 177  -0.937859232503206238701414498034   0.038417490449014439199281521195
 178   0.683988432939691999381116797517   0.023107638589620746618085398913
 179   0.064339982795190614784076649144   0.755122286238503625641173976689
 180  -0.108769902787279393482829162826  -0.684412908286888486708679839877
 181  -0.459451178082417388790592253235   0.541384797246374638181733603314
 182   0.402878304370538241574678524623  -0.318539818175068171587793524214
 183  -0.034398877530371777739713688869  -0.244763202002263094779633022580
 184   0.116554964190477347849632433582  -0.781666230385857481027558966250
 185  -0.105495342402223470480031341018   0.364646097889164917325613993280
 186   0.021386384061025238734262987616   0.194137576861394817745125026921
 187  -0.048618170504742116287777219299  -0.122881342023977492358583619408
 188  -0.597711044974763631070867679890  -0.001629896754840608982435206647
 189   0.500229534578961935974568347163   0.681143599530533255882771977960
 190   0.205145282421755302140811437968  -0.463898384079517691519561552125
 191   0.232491958064411641518661053595   0.218766114740711425847295303720
 192  -0.343947592048266212642279022622  -0.342646938810380808143413139364
 193  -0.231285158559387841976048224418  -0.391273599859865305302852702551
 194  -0.410198776313813221377487296114  -0.664819360918343311155212701055
 195  -0.273943037482498857620238815707  -0.025628019925008498039704493035
 196  -0.583491752000393292522804149460  -0.123511756733126211403484609819
 197   0.726646311862803015025307388807  -0.342537941345236060645062810602
 198   0.486010241604591597426504816732   0.803025459508818858303821381131
 199   0.677511903086000000000000000000   0.145915159836000000000000000000
 200   0.176706696473014625044684377109  -0.220134664122946486677462745781
 201   0.119829524575533270852430255391   0.267392775790195923006734866906
 202  -0.415044056920117905382596674770   0.266762361081047203961833876496
 203  -0.331069682504000000000000000000   0.462235866968000000000000000000
 204   0.113816573180126183814851803889  -0.931719717100285558892707977754
 205   0.528668120527702613070695408024   0.437379879573962051040673171616
 206   0.134048817549903609400493785820   0.145510915811910320585685463735
 207   0.712427018888432676477243858376  -0.220656081366950458224013407430
 208   0.913666013510642036892230437062  -0.215105228480096354785851755120
 209   0.289123960575575533190170281184   0.656515061651216647780601701161
 210  -0.456610025537144583308509820826  -0.294020277760896310983973576178
 211   0.148268110524273947948557316250   0.023629055833624718164636060562
 212  -0.635853587492194618875684934152   0.373368169045044576071570607353
 213  -0.216919007313466577037518024263  -0.797165070701566468956273220326
 214  -0.315782634944913722626775213828  -0.586442270302109156220472601854
 215  -0.756133251645113335587803070574  -0.556163959026914008664519027954
 216  -0.231138300287836915585581554692  -0.675283210723280866535223817154
 217  -0.035490759590923702501745597053   0.681665020069786383735836355013
 218   0.571325999450813628714885999313   0.071734299639105243777524962100
 219  -0.745176989899164397479718176732   0.429097602656208701703955779082
 220   0.627111261042210645188862675798   0.510635078502763156302283011601
 221  -0.780377940609045743519447231785  -0.270022278788587294809583008308
 222   0.388659011396167903026614994193  -0.196657958196782569166744121042
