   1  -0.812160482734115741749605896582  -0.246232691231425136705460760912
   2  -0.532158370071502531538998663341   0.191698445259337393961524104076
   3  -0.936290906702487365054711302632   0.119777610880676558519160353184
   4   0.256963431071299378444606960492  -0.386900613548803389887825245236
   5  -0.381752945764243959098838755060   0.763035924183602831635385744868
   6  -0.446558614900508025619428847165  -0.727965691416666843249427503240
   7  -0.017296976032225688593498705443   0.174115955601870091901990513097
   8  -0.677830795782006452582626968166   0.656911523975322365059217656562
   9   0.562332049234368353225755987982  -0.058238417790760048900955767857
  10  -0.474876787367291596420013591757   0.699018663996133853794340832891
  11   0.377141384458749393540533842572  -0.865304405495884695698971379414
  12   0.246073740911072501510978895975  -0.685632924539368702550145573177
  13   0.125017929362794162882728021117   0.041887465177986154803196839882
  14  -0.248438508040887776829510376550   0.890521148358111348687077052294
  15   0.814178742646683604796713128988  -0.214593437310056832689289599557
  16   0.158004304789920466773197755961  -0.065309554503711231369558681397
  17  -0.263327058025287889126152275435   0.629817198938406766983711223165
  18   0.322936181925551986225546430179  -0.601294652912198162233336287795
  19  -0.939572598098294028383435909186  -0.090502325632385335478633495677
  20  -0.575503320736145461402620465261   0.002370479427993199218150548319
  21  -0.765057994372000000000000000000   0.258204645140000000000000000000
  22   0.355873999772935808792345184085  -0.708506602562925541199853233750
  23  -0.256692843341042055593708263245  -0.368940279519568021430390006841
  24   0.748205991792430997015773659301  -0.000199397946662060343778556998
  25  -0.898921163553540749788083730066   0.014028831741438755500551234929
  26   0.671863837251663753320486402428  -0.082364946886172895590495926342
  27   0.387030768412222197859059526578   0.181187092314821274370593426637
  28   0.677988912679683306946827051586   0.520316328261450128969801970646
  29   0.005319995708385979382623242216  -0.229640652382732901862993420087
  30   0.671907857687227928621714600401   0.325825035172893100849658201768
  31   0.430386547525863137663877048607   0.370549660936029495790066317261
  32  -0.202967660540886479874542954031   0.116981877404545807581311295687
  33   0.027936967448997647358745189874  -0.633397260367335895627977353270
  34   0.705127772752079255623325895647   0.218700158344298321446020210476
  35  -0.267406861107000000000000000000  -0.667019588174000000000000000000
  36  -0.775551579852510652827528953079   0.373070000888784081123969671508
  37  -0.770854889048256747304222596088  -0.350507088485575037629200246568
  38   0.104279121989764891054032446747  -0.551231711427825060381259983925
  39  -0.751097828624956327444635455296   0.571698688013996060007947350117
  40  -0.813605397112955227410920864724   0.478574545740492860012407406605
  41   0.135387333049308798797075808302   0.338447053480891762395425251786
  42  -0.150582510935063101249891625934   0.602484531999451885771144521914
  43   0.551962645547853717311408200797  -0.354798006093665656493184179760
  44  -0.048405187091769596336542066998  -0.715562809306846730874694722615
  45  -0.220114958138000000000000000000  -0.916930828927000000000000000000
  46   0.806378034370373067788576919713  -0.490654464696921002468000515585
  47  -0.184338264859108030755471803845   0.709441771443431853196247082522
  48  -0.464980499590314514850874459492  -0.022317749732289311986085291067
  49   0.895646366026000000000000000000   0.297982130490000000000000000000
  50   0.111601012677083024807729282393   0.741836831101389044102348963306
  51   0.638877461824537449430016667585   0.024832072795524490582259594937
  52  -0.465576105955162890239444838165   0.587247472190160779954313701845
  53  -0.684839544124042746453336830855   0.027368324289688008098048064002
  54   0.223977055644173074554137225648  -0.279703593867106003715069723956
  55  -0.431994124163188210960404724649  -0.129514769413986698158840812347
  56  -0.270987825771079459819416186940   0.780653818080360438764949313886
  57  -0.640862800971568288815313480735   0.551021631388008084509330947093
  58   0.365489139382000000000000000000   0.585271506506000000000000000000
  59  -0.508336278703955454655691981521  -0.211680318353497533405558181692
  60  -0.641240178632766637045677209223   0.217784093295398674154760994428
  61   0.178743112162947653806298019220   0.527809622102099342287266124712
  62   0.102400957622180410111010762348   0.445644073162588507040548755367
  63  -0.617664805937318963902078352355  -0.186648835667862782329084334489
  64  -0.919448798792833335668489474919  -0.213544478833952874777048455807
  65   0.420017143839348501749529261422   0.073990072633123888197837905358
  66  -0.833069461064670641130874012984  -0.443827231119799445831951795756
  67   0.114648525676279526968380233932  -0.254672123124919452789031572021
  68   0.321058017557969590078120056891   0.395581131678216046716104469196
  69  -0.270109431150877925509451575678   0.331009187605177249015939655387
  70   0.476429602241906334974691430934   0.557330920035487423004721108077
  71  -0.328794271350000000000000000000  -0.884292116912000000000000000000
  72  -0.126625506000119236179255697159   0.199147426344056642828028665032
  73  -0.007058785245432930573780632183   0.470797244988170877256614504621
  74  -0.376390776995450239093813042146  -0.640468397080287078096580266810
  75  -0.027666379718740324507846492628  -0.122443632701035515690237898807
  76   0.331427169163612705934060933883   0.692140954195311011553279662847
  77   0.399278336466319229920833687051  -0.519129103972687326986618918450
  78  -0.147364313373148508007951271529  -0.393971750261754572356428158776
  79  -0.728162355660951349341804496032  -0.161984094088439562313928865413
  80  -0.499135894773179656595313346296   0.084512540786644743275787547354
  81   0.618740596048687842464089880139   0.425085351321953991712569777066
  82  -0.322665594195294663374647732932  -0.154546240156173249084878964282
  83   0.628304800088620961006695457669  -0.272632457154154821246466810416
  84   0.694279517775854191129515826646  -0.487017904541236119620671671873
  85   0.026058792418020072230519008458   0.363478534130715604805910059638
  86  -0.422793740232412412900026089424   0.166678089726155578522504916698
  87  -0.475349903276829150765222246677  -0.318877338035194919578313702972
  88   0.169326537261000000000000000000  -0.775716256645000000000000000000
  89   0.508606866434212777506590678768  -0.544160574714873877912657070385
  90   0.288071642130843286187650322048   0.502778151359913432888859990476
  91  -0.738275322592231571647024546404  -0.503771983214754229338757356360
  92  -0.083269740922968590337138537358   0.388509990645993230294550716885
  93   0.485989894693601109530468731109  -0.140403966730270884147673137202
  94  -0.651820201120184105646517239159  -0.079818545148928727067211496069
  95   0.154779751693061525638970171365   0.931144761306147758935313515105
  96   0.190990680217046770663667490805  -0.172506574185408617542314202677
  97   0.078437597152294281943682914492   0.848979212366636923688596145761
  98  -0.694006960478086207597365609227  -0.268814384607373617575801703834
  99   0.649915762849000000000000000000  -0.684518153304000000000000000000
 100   0.805448903031000000000000000000  -0.100995902123000000000000000000
 101  -0.229571304101242959620572097525   0.522859959494426799558608662557
 102  -0.289679218768168359484177998089  -0.261743259837870635257634485562
 103   0.605891086397411145539546932741   0.132029092477221876755015116217
 104   0.894771488672596393566188201190  -0.300618231484177237872043111024
 105   0.715219616365304693125303924457   0.106997621735035325828976964282
 106   0.925372323506953030655360204473   0.186207950768466732620203749529
 107   0.463372922952989441554346783451   0.263352641254332109617310795982
 108   0.168373708476435102687545543146   0.231250033799194376222669730507
 109  -0.169981285113760175984073219187   0.009784857722848421408555774407
 110  -0.430209245211057029338174480007   0.477901272734133512786839639358
 111  -0.388638345049547271155587202620   0.059847799207221523260632078277
 112   0.018441852090109375775072698693   0.943741085326656315008634069319
 113   0.556582380367533113316878734524  -0.762366966694163209887072631777
 114   0.542379991892790323920685798749  -0.651112330143275893566658676967
 115   0.786516434519291089283106923518   0.323898267749707727993475889847
 116  -0.442363527849702846874752511834  -0.426074357716892305751069224251
 117  -0.213337064227401115788890741216  -0.179577710898359800010917116217
 118  -0.564898024091999393350389952350   0.299949642234909509401478363773
 119  -0.639143623355794644924493783183  -0.694609794608220868720312998549
 120   0.213607651957658438639789438463  -0.576263182170011611307298135860
 121   0.595516017155233900455180118647   0.243705678790905223122503113760
 122  -0.551692057817596394460509503550  -0.401042886974705754825031072316
 123  -0.333034997881809299288995520117  -0.451105828459078856677107376186
 124   0.071292746562638587163562711903  -0.444034691746127674208504462646
 125  -0.057900302450657867920214558179   0.861575536387145479761916699974
 126  -0.025915502410844983316070530303  -0.825442361887889413307483976137
 127   0.397400172098736833773407313764   0.477746680617726881962821838541
 128   0.015689399394900615296971029401   0.066918935920172705729234991817
 129   0.081662150249153223077910499088  -0.147475103443222066616276050742
 130   0.244715863017202346382832800019   0.313415582738705211469387099852
 131  -0.312296190508780027460299945747   0.142013348146732358507349447622
 132  -0.230952348636680484989606950054  -0.775492117647990965648319574751
 133  -0.608913117074322547509622581748   0.109918185997149733646778118172
 134   0.595318424661494657116225722826  -0.165435437472457435073711289136
 135   0.281164684095618103431334946929  -0.792159577067628180370164033163
 136  -0.346451585691645169204738832551   0.248843638665666413769222286043
 137   0.145756407859948166552168169197   0.635006540582454988840476124886
 138  -0.144549863362629296984158941275   0.932787583024074065330618931337
 139  -0.837495818422962129792974561883  -0.136974177796585628341804049325
 140  -0.104008534259507568203133749500  -0.204609181640546350936955268152
 141   0.187943167217850268503016539266   0.824002380040899879349066332650
 142  -0.552243472506757899892597713591  -0.765515829435111288409999829224
 143   0.542694298352261235168306146256   0.342645903245659836378737823543
 144  -0.717020098658090180489207206867  -0.613896991491562280573307583999
 145   0.234346459330687710468485012833   0.016855994435799603877158687948
 146   0.310688613871454954163772269706   0.099021543375310439123876057292
 147  -0.136994909686633872093603484344  -0.097412161958848964764199746872
 148   0.924111732359218790186945793414  -0.192366431993974058043963170622
 149  -0.074832701419943926618411236981   0.685196492143561028877539509304
 150   0.298440464860613218679931083860   0.799337872675666658106489663021
 151   0.048675774822026919187440764245  -0.040278083761524680443520529462
 152   0.409647740152833865835181474237  -0.222569515669781719394390506546
 153  -0.483199977985544083716027447312   0.810866893711180182756592908640
 154   0.059045178508541555101788551430   0.256281504541380927148707882442
 155  -0.584678433244722698350979238393  -0.293845867293008368652275551037
 156  -0.567643461392167684150950709749   0.635981800314475967990110417073
 157  -0.343023441580688284648519563691  -0.771090740727855176138756026421
 158   0.427237859651587857799758664825   0.750447159531235305293381260560
 159   0.271844511425255969999033200929  -0.903929145259744649719470643129
 160  -0.399007748736061907069934989805  -0.236711789095684084331596333627
 161  -0.303131906449200800453136892723   0.438195092077869899701676212110
 162   0.201360083903561406578015277990   0.124053014117496990049914209227
 163  -0.081391562518895900227011801842  -0.608365789625149344701939201335
 164   0.333305585612066622139894217364  -0.304735064609292554641107875891
 165   0.501727138067032423109831909435   0.666598191776086862934068392081
 166   0.180621276530532134749319703619  -0.469066162488314225134542614581
 167  -0.114377937946022204117481536685  -0.501168769943451958529183680056
 168  -0.596516247410938921306175900480  -0.590868728426532363616419151286
 169   0.264285069677748076935492197056   0.906168163194600713368362501442
 170   0.610744850914208928365736000255   0.692950426558512917809582464862
 171   0.255085266703714897501585276093   0.609975171041610177533983494056
 172  -0.246323439654527419679360476060  -0.072380691216662413838161594937
 173  -0.575966652010420171446964565304   0.747830030029522296952362492822
 174   0.083413027557048564269686461413  -0.850473832630075964233522128072
 175  -0.223706467913915751703238528401  -0.476137299201265407603145528121
 176  -0.235954035968012783765012688875   0.224178897086243193754066816967
 177   0.827345428784743350224272563256   0.104332254642420383790703388854
 178   0.940926240324359594296330456892   0.075134202006237877602303002411
 179   0.817253585171517912722294534446   0.216034791251683379407746635048
 180   0.453003519266474805639998996266  -0.033206947048573497974917615922
 181   0.021037967499876149678326857245  -0.943686781705414596840533406337
 182  -0.597884399519125697240859687194   0.407146661916606895574233885053
 183  -0.761971282278083518364082683275  -0.054056468997086935260526825388
 184   0.222098562400715410247455426070   0.717172089521965824087193494230
 185  -0.091042109483063059500470851842  -0.939520448070675376233568238250
 186  -0.717994925635586653016301127630   0.136003834033211013840015008524
 187  -0.432138416483543858856640502018  -0.839192306352449740007226021751
 188  -0.539537775178950576923931471723   0.502932743476320063712877791293
 189  -0.071022158832381264312664014656  -0.311806201322243737109710789431
 190   0.735860068173028534527883421681  -0.591182965003588770151747998564
 191  -0.699209425311743409132241696206   0.455235549828294916370687040852
 192  -0.661273440338000000000000000000  -0.376091508637000000000000000000
 193  -0.373429755145991471802824899506   0.651187694468556502673133669119
 194   0.137265497416891194944502181591  -0.658428731109522446554015505205
 195   0.445283784596358630335687283888  -0.776220651107424554340632890509
 196   0.518976270120727413420938465953  -0.247600986411968270320428658481
 197  -0.359203628034052276108932944670   0.872903254461353741557513483277
 198  -0.883201533659000000000000000000  -0.333055287356000000000000000000
 199   0.475620491007086473616120943924  -0.436963555033176491739901549105
 200  -0.409377152422576542984282776990  -0.533271377398589691923824745531
 201   0.860331804211869654114742298099  -0.002864765039277002382052132425
 202   0.035258858136315781112442025521   0.659671282161878208855631593961
 203   0.703286448504809395081967530087   0.629583600002049568899149254650
 204   0.376661364725707561944711739393  -0.115372495988084333221634985267
 205   0.737836588105916361101425872116  -0.296758986249567667936006968901
 206  -0.628015891470903251712234853784  -0.483225454523547172485134182296
 207   0.442634115579960169725651209080  -0.329766535351479105567146027826
 208   0.038306371135512283273092977060  -0.336837672064430288035748941366
 209   0.529345673807242049335286253138   0.048958601890937337271799753423
 210  -0.915474515393504970035121975789   0.229986412005309345437279145721
 211  -0.881733102702243249121734376408   0.336948176491762640387359555775
 212   0.300319210184940318249424482521  -0.197538044927595168468352354612
 213   0.704850212678790057210956137272  -0.189561966567870281763251447622
 214   0.814334491923201578058718468763  -0.378779548939779191865504628033
 215   0.069414253319180922856880912324   0.552840991642944153593758755541
 216  -0.161788947128916347765565993454   0.819309101721182763118374820931
 217  -0.366021373308935603179465254961  -0.343908808777381470504351854906
 218   0.366291961039192926030363952208  -0.411932084290989940813863397171
 219   0.536255572498764363055662755644   0.776799394313661360168895333341
 220  -0.050283351459351992483968440286   0.281312975283567478074746034376
 221  -0.157733717059663143922299058714  -0.690531338564660179948656570680
 222   0.496359298380115745444816518294   0.156155621572634723444555274702
 223   0.432718024340000000000000000000  -0.626804951760000000000000000000
 224  -0.180350688800274811898421006373  -0.286774730580057186183672637496
 225  -0.455816215530735287843711406469   0.273863994198848229208241473421
 226   0.940405011111788329030259523101  -0.081398729215424096570273090063
 227   0.147634901103405830858849968776  -0.361869142806616838961787093301
 228  -0.793921352685306851960015376737   0.053453972325749288291284954355
 229  -0.005049407978128656531724544969  -0.526200240685638509455221831990
 230   0.584949020974980021201877935640  -0.461995025775363042665939701040
 231  -0.060652755145866628398316227471  -0.015246613019338129517482377527
 232   0.162709633003577124689766443047  -0.929791865618262930963609087070
 233  -0.038035783405254960422194279813  -0.419003221003941123282466310711
 234  -0.279309815081653723569830210903   0.034816328465034972334593926342
 235  -0.137433003378013092414520823272  -0.837406849778944286182301590956
 236  -0.486178980996000000000000000000  -0.617187643263000000000000000000
 237   0.730832709351652936985103637216   0.421256496697817092497349314547
 238   0.845764751150286553765844094965   0.419129244689203865250708083427
 239  -0.041214180428298072318219518987   0.577627535507104932518487343042
 240   0.394251155348588370545628814801   0.857644078011590951846591260734
 241   0.277702238444328650273302534862   0.206218563057007825296631578572
 242  -0.193794952599075441819336280611   0.413200442345715293191836484380
 243   0.662176506995496743213663185687  -0.379553032646771031998220227681
 244  -0.339749803036428696142807434524   0.544206561466727171863368579783
 245  -0.519044259694409409343027784810  -0.509767599508943064485306937924
 246   0.343674989298581258054242004550  -0.008175476306386947048879463987
 247   0.354044392985095893968589791735   0.288384111996518660543348947917
 248  -0.117425136105833732081577424162   0.495340281164927285556423555305
 249  -0.379474060989968044148424149596   0.356029543138359064454958842765
 250  -0.159639557416210300074897393808   0.306370151826781237929963645959
 251   0.092031553935667858992258286274   0.149084484859683540975952361162
 252   0.289949806498425682335076695336  -0.494097633230500776060580766515
 253   0.509415977669032638865161165777   0.450133900353790036831965586798
 254   0.267332834757814014358954747677  -0.090341025245897782295596833332
 255   0.624860204427301943255256766902  -0.575110247719704556374291755203
 256  -0.488555869551232149655102695478   0.382115191174420344648195733118
 257   0.585447315089082840230595521753   0.583683154817913477880235180858
 258  -0.827448416478000863271906359699   0.160483117823123811081607347488
 259  -0.093639130572992932288785962315   0.091950406662359256655273143752
 260   0.211729487590076042492363065175   0.420612602420402597642142621131
 261  -0.674226554059892940936146944066   0.324981112977096060327516515708
 262   0.060923342876123951249214924718  -0.740594280049033281800732874550
 263  -0.300048622454682995398525785274  -0.558302848140776242849862897465
 264  -0.541347925553280319658181578456  -0.104459811090940856043722290102
 265  -0.355651969622420967265117467776  -0.047349220474475862912123443002
 266   0.790081025982648401467840808662   0.516487473637313229754581508128
 267   0.002095442611527038248395657620   0.766813663427126088441878776417
 268  -0.190720092486789447812768793558  -0.583334318882962793775901049400
