   1  -0.276254751259576115799280454037   0.018657268588416638939151171322
   2  -0.167635641629161164385003366401  -0.003736303178835959705539059083
   3   0.240770144405527475382637751967   0.605005438116819821188640542597
   4   0.046836124086420104608887193448  -0.335663644647043346080738762311
   5  -0.044629915564015603407112281541   0.860859429203687025412550094493
   6   0.063989194066399348007164806095   0.838465857436434426767859864088
   7  -0.088957835766242114385180134679   0.378788642705792367619552327137
   8   0.163196536277884527073137528560   0.228737805011274554280888820634
   9   0.629543123220814348851083759259  -0.259220555101494585244888148993
  10  -0.272384099979051380274293830300   0.312054779301201888442310077997
  11   0.584550452745795426505711676100   0.741938123252529734089924825735
  12  -0.202551794412457903014766854367   0.101527390981176656343743986610
  13   0.019661273864172837029096952957   0.356395070938539768974862096732
  14  -0.427531316234337276893294277115  -0.440480486909888645373193365930
  15   0.455274492410086539154106132896  -0.827584767320869958642940430434
  16  -0.015254878919123901600666535009   0.461658765098552385024145142425
  17  -0.145684396411045791733246377079  -0.836962411519404370378173619717
  18  -0.497363621800930754152821253047  -0.229953098589863413274627274543
  19  -0.342216405545644857533820806232   0.522582167621227120540876169383
  20  -0.564997279935937502264598195371   0.565365812113091165924677263235
  21   0.198112689061181265702901016526   0.123474110851261938231605774941
  22   0.741555106184775917738733108422   0.014384970263783901238169002938
  23   0.011919971303123365979123705482  -0.230399950487030730031455716618
  24  -0.206422445692982638539753478105  -0.191870119731608593159414920065
  25  -0.637028232934117708671875204912   0.191101678050187050922504908230
  26  -0.415919362392763070318334405902   0.439712045228467103136283354095
  27  -0.501234273081455489677807876785  -0.523350609302648662777786181218
  28   0.531727258852342792250108529052   0.643074239003683035844380722012
  29  -0.377132558328941596163584294198   0.627845861781239736590159215075
  30  -0.092828487046766849910166758417   0.085391131993007118116393420462
  31  -0.574959445440946069232119421711  -0.606328758716831913854336826261
  32  -0.665714227865221590899453124752  -0.670071621066444090519025638204
  33   0.419221559602535904056441815536   0.372084478029541990445384220806
  34  -0.283996053820625586849253701513  -0.568137752837153860067166642028
  35  -0.123873988549538853014943622645   0.484052336865804983668835372830
  36   0.931407733021093650950625180532   0.157006513907250187521943786462
  37  -0.132719488845864425755239878435  -0.108999997338848575754822104776
  38   0.236899493125002739857651128230   0.311607927404034571685481635922
  39  -0.679685688278463918351611940354  -0.290429649215370832034529859426
  40  -0.454706166456584544473084517606   0.251578228675694469682407493113
  41   0.621719498929029825485455029222   0.150472281286884007490897793281
  42  -0.085087184485717378860193510942   0.672186153418577617122711233812
  43  -0.669615472955866469288706709858   0.528560693954823005298499819280
  44  -0.050171031702420640230430022975   0.566922459258565001073428188118
  45  -0.267409250963250543058984198248   0.611709602793070198362808648928
  46   0.353275843655334363576304465483   0.875995199090960866587637043803
  47   0.225287539283428533282691257017  -0.568584604734321176823995084102
  48  -0.531557352650570888684617427363   0.780780501411194971315198899952
  49   0.014876722898000000000000000000  -0.943678728285000000000000000000
  50  -0.419790013673287805843321029640   0.146314534515681853633124447420
  51   0.446396409824783171636232056027  -0.319974237556041124610216638236
  52   0.271815645908299478487414616196   0.206344233244021955636198590229
  53   0.314473101252645688167151351637   0.687875560509579838593233357885
  54  -0.640898884214642444196861828650  -0.102295832662598198580653998445
  55  -0.605982731431345705567098340684  -0.207559526822610814629937044138
  56   0.075024895763583350504463000259  -0.849256069128656319667885588710
  57  -0.280125402540100851324267077775  -0.274740242124368610564007735353
  58   0.798850177856147938540790298471   0.291419347005057602140481117294
  59  -0.462447469017634015523057765081  -0.335216792749876029323910320236
  60  -0.243205429684063928251220224750  -0.784149239840720990618825842132
  61  -0.232493098179953804429220710282   0.506445908633057582313525603235
  62  -0.532279774584227492782584741014  -0.124689404429850797225344228850
  63  -0.675815036997939182826625316616   0.002967861497414417468629047248
  64  -0.774247281765510405645695277203   0.339187101432309171431917122878
  65   0.558886170735722858575495767401  -0.048970298610508473751747961966
  66   0.132151034775112523968360664331   0.627399009884072419833330773002
  67  -0.563325276086999495887361605242   0.273971800442947068327097723518
  68   0.093364230711291049813610552627   0.439265193331299786379454912020
  69  -0.381003209609466331688570917936   0.334448351068454487087000308402
  70   0.337777300194368220221954968391  -0.297580665788788525965526407832
  71  -0.936722619773214559207360984018   0.121334843083123156419056558892
  72  -0.193706294116132330274470598578   0.694579725185830215767401464217
  73  -0.910597647526000000000000000000  -0.250960235084000000000000000000
  74   0.696614868244000000000000000000   0.232266436090000000000000000000
  75   0.863335109505000000000000000000   0.382533739328000000000000000000
  76   0.082213301660832136899154152699  -0.738585793742464234944432639994
  77  -0.097803336062567687125476390468  -0.214263691498861191804105150469
  78  -0.241338598476279377169516966071  -0.086606425571595977110131874371
  79  -0.944487609785073808705775699033   0.010703527609090575386780462244
  80  -0.819357503095732717573670266075   0.130590157785019241139131804288
  81   0.368287584810307368020182233082  -0.696417895205117535960699935870
  82  -0.823581379267189633946408292198  -0.164597938964090670690460784208
  83  -0.054041682982945375755416646713   0.273524948545779751570269281444
  84  -0.518893444276701697308910500129   0.666232156207171287031679579668
  85  -0.493492970520406018627834629310   0.063444412122921836228531632132
  86  -0.353828359387219064108780677445  -0.357610364517128627968600550641
  87   0.341647951474892955746941592129  -0.004183155076003276462367501157
  88   0.875656007466383432001702875729  -0.041063560171124414417671391729
  89  -0.221057575874420881190963540577  -0.918316371785522001947997138520
  90   0.698575871786239365684986421421   0.486281561422733767447124817287
  91  -0.609875598224242807861882909676  -0.501065064556819297805053780567
  92   0.450267061105307907161218679765  -0.026576726843255875107057731561
  93   0.590859311299000000000000000000   0.543247387109000000000000000000
  94  -0.874858821143114105981600925002  -0.356080684127742455246107080663
  95  -0.454676380739000000000000000000   0.548451613204000000000000000000
  96  -0.326412804976362936417389553403   0.852109773586656908360450355866
  97   0.585534759053485996197889414855  -0.741161558960646928924162834017
  98   0.194242037780656530177914392788  -0.169923399861523311271553131734
  99  -0.197576945396657065799457222315   0.401182214473044966264242557542
 100   0.415350908322011168531455191799   0.078686967316756740942225314131
 101   0.737511389410703090905928136821   0.590125716292973186950432837202
 102  -0.786195338507287076689669127086   0.024760795728886460750251724576
 103  -0.884815141863631024664138919403   0.330565538539096539178228413475
 104   0.912626982259431931093960984573  -0.243481830518917633027490106819
 105   0.454137712385832642686205303503   0.266820783869529374396101175113
 106   0.229158190563953268807677880755  -0.275187094021535927320836177427
 107   0.668528571759000000000000000000  -0.667229466514000000000000000000
 108   0.633702265625782234473361577143   0.040218046285726813492316134492
 109   0.023531925144697572554083576695   0.649792581651325018478021003407
 110   0.593802323519019597205259255368  -0.154233992770521089801031007660
 111  -0.571066578648048966937334852718  -0.312823220982623430679220089832
 112   0.489053865169129381315968791469   0.161557089709516758346818129420
 113   0.635587325184575277437684011278  -0.561313540763804462375015105120
 114   0.702946914733959099520368177430  -0.173907356537882926777429829865
 115  -0.158790141332835591644707110612   0.589316031025817599718118418523
 116   0.116668429653013581868414169380  -0.546191032967068578179304853697
 117   0.349389254035942426796914839604   0.582611866349567222543950312192
 118  -0.126114791305997424170502725379   0.936091058580651720609223894501
 119   0.943390499717846059938531728453   0.046752278906092993523362127673
 120   0.372693452977664958851718456357  -0.402844359948801142014809453525
 121  -0.426290760896434544172991482794   0.727259412938677646773971227319
 122   0.423108149221927840835831441416   0.665467810770935634489070952417
 123  -0.749517993845057395611138916286  -0.079902260895345599935963768040
 124  -0.783418821324000000000000000000   0.527661089094000000000000000000
 125  -0.423660664953812541368307653377  -0.147082976197103395870034459255
 126  -0.801155958872143576713602557686  -0.273210477621027729946250131275
 127  -0.245209249756804112694503589809  -0.380003936284381226613290781046
 128  -0.346087056826169593058807429969   0.229184656908441871037717262708
 129   0.345518602755417691271928215866   0.289214355636781973040791405518
 130  -0.027971030495974209865949414536  -0.424791079818886423902671241856
 131   0.520099366671901384420745655698  -0.237104115163281107205623822948
 132   0.333906648913843484696968344653  -0.590978176501573775468685314507
 133   0.205853991622230736752874264001   0.710269132276832437237923588290
 134  -0.011384227638599166075679911272   0.755056275811337634527304049100
 135  -0.307300252762348118904057318266   0.417318473461214504491593123690
 136   0.190371386500131794652927769050  -0.463320910574308560774712038409
 137   0.183649954369000000000000000000  -0.785210375777000000000000000000
 138   0.807696956765033476944908853257  -0.489690756062746253933165535542
 139   0.589931672238494861680272631630  -0.447631503483306339304189914334
 140   0.248163715292195731515897006829   0.911365009726165882279698453770
 141  -0.062887183279270948495712902502  -0.319527385658873807853388196163
 142   0.128280383494587788443374040593   0.334001499171287170330171866327
 143   0.733492024569536104314749909388   0.381017867262721151397841771594
 144   0.744731916399514779752792933340  -0.580986904531166299351413927326
 145  -0.210293096973507374064740101842  -0.485267630444393842662573826739
 146  -0.839845383022000000000000000000   0.432181414777000000000000000000
 147   0.555015519455198123050509143664  -0.342367809323293723254906868641
 148  -0.119635290239583665570025012351   0.779166242197812123440206387484
 149  -0.524538472023178021732611493538   0.462105616995719701780973584499
 150   0.147841095250323741176982559922  -0.932906437482336766466162206752
 151  -0.718472397766137708989846819704  -0.478563549882098173383669854508
 152  -0.384873860889991067213557541673   0.041050840355669237583841401727
 153   0.085622928150241578763637305152  -0.147529828094270712626862901329
 154  -0.097165386221000000000000000000  -0.938991495496000000000000000000
 155  -0.351824539314478879665497312387  -0.761755668073468391974135611727
 156  -0.644769535495167179721848452388  -0.395693343375383448083812905120
 157  -0.714601841061760656981375428320  -0.185165955055358215985246813734
 158   0.411480257041486433006468568061  -0.214710543396028508560933592543
 159  -0.458576817737109279998071141344  -0.041819282037090779820751413562
 160  -0.022996181480173372650639782484  -0.125136256327018113982172670924
 161  -0.392615163451040538263530789149  -0.545744181069901261422476411623
 162  -0.671944385717414447301638692878   0.296365372210199666971787953923
 163  -0.567195927367524231412348228980  -0.019425710269838181176061183157
 164   0.006945122287322528763814073430  -0.530054773978899039951954287549
 165   0.493557206055529768397646914439   0.805340111314132759612111684173
 166  -0.698723358077876991184527200284   0.635576179082551287825997185772
 167   0.028920079638000000000000000000   0.944096722740000000000000000000
 168   0.636475717202233008139398992951   0.327283156523645187696531584932
 169   0.442525758544258436111245432290  -0.613371748268826374113375544911
 170  -0.536150425864752228307571364751  -0.418086915142636046728503135525
 171   0.081752276869716843238650681414  -0.440927338807055962130021808004
 172   0.485183213888604645790982167731  -0.131840421003268491156340777255
 173   0.601559564418936269509635504985   0.432546850683657803745814630626
 174   0.041326058183786412087027961859  -0.635494492682442800443968908912
 175   0.516228715391376648895759031959  -0.530501625876066356708782729622
 176   0.738687714435753851166192681322  -0.278893918868856422221286971198
 177  -0.318912206603922325479017189479  -0.462874058677141244017883596334
 178  -0.428774660926839329929053198061  -0.841619688866577299004267392107
 179   0.729572339488023508750826560501   0.124639205264941095236750661727
 180  -0.349957708106694328583794053707  -0.064212853804343378465441643967
 181   0.306731798691596217117178104162   0.101080539084009339586915544536
 182   0.264074343347250007437441368720  -0.380450788181548543370119223121
 183   0.259668475179892416605905145445  -0.674024323437864937316009705465
 184   0.523970017952426119945732279435   0.056293395549504142297535083727
 185  -0.933763969415000000000000000000  -0.142323344156000000000000000000
 186   0.388191996438631102206067953449   0.770731504930948250538353998110
 187  -0.127744639830063588539930246383   0.190654826153019734165676466155
 188   0.015790622583648101504110329219   0.062997560225754519471703190057
 189   0.458024302005224579465594929382   0.560204116610923018439787906724
 190  -0.739665722172887562343473648979  -0.587423211988819116914965410698
 191  -0.034821093362533108106403452846  -0.833977269885774061979015257475
 192  -0.528409123303702757257598117276   0.168708106282934452277814677825
 193  -0.068519930942330046523838491246  -0.620215693439560542755098577677
 194   0.384305406819239165426678327570   0.477348172189554606494667266499
 195   0.097234881991815785338597176365   0.732662704044085035882613818695
 196  -0.237467947195754641644530342333   0.206791085141189272393027032303
 197   0.476906694440722319434459320717  -0.718811466972370134605390166274
 198  -0.309691212865000000000000000000   0.716250603589000000000000000000
 199  -0.858497532050486372576171780164  -0.059334244804078054641177738514
 200   0.642546067325994175979313623325   0.647407219719006724897483224946
 201   0.877797244926331514062357842119  -0.348774149472896539905714049946
 202  -0.710731189781235921456388804583   0.108231555657427033517912092941
 203  -0.582585116649634006205391932323  -0.743482341686157837845235496610
 204   0.151049365549477465191628057809  -0.651630751670612338671319475060
 205   0.810320105404000000000000000000   0.480635240267000000000000000000
 206  -0.466318120298158751048044388819  -0.628614303462661278827069226911
 207   0.174444820106210317476980405017   0.828509065304797470334577813546
 208   0.124409732214063052918387416856   0.040603988458501920827012959652
 209  -0.827091507396552660404123907340  -0.456169978114845574738979624102
 210   0.244267373886054553474303910514  -0.878119980927239153239630781392
 211  -0.234966395051403470655030891075   0.914856384214128011890506809248
 212   0.776649871581077312304881777100  -0.091037234145122909372837014577
 213  -0.311170904042872854429043942003   0.123920962748429254988434217015
 214   0.552862767964708669663769775433  -0.635179843407000366515718705764
 215  -0.136590140126389161280226502172  -0.402397508051633825257981011451
 216   0.823673444276265056974727348215   0.183329622805043655686698763932
 217  -0.143480670621000000000000000000  -0.722716463451000000000000000000
 218  -0.598241428870296234517125093208   0.379235494602959684376380769211
 219  -0.885429263705010329129666177039   0.219663753667241858961644256738
 220   0.481312562608079910265995543993  -0.425237931716053740659499683929
 221   0.407609605760961697481481944323  -0.508108054108813758064092499218
 222   0.380434755538714429901691703832   0.183950661476769356991508359825
 223   0.201983340341706001227887640264   0.416871621564047187734764681616
 224   0.058448077927994311183847064661   0.544528887491312402428737957714
 225   0.663636212766797236000036443230  -0.364753698135371800907483667644
 226  -0.388744512170515802738544165411  -0.252346670357116011919317504948
 227   0.355133555175114714885530562030  -0.875243719503021722357367327580
 228  -0.228592270453326069805095104496   0.799853424125308699327994964296
 229   0.267944994627774742962427992458  -0.087053277468763293866960316445
 230  -0.162660792613360327169693734349   0.295918520313032350214959511848
 231  -0.753388645125582131136125540024  -0.373299771608130849439122674715
 232   0.302861147411071481592191480425  -0.192316971628775909916243362139
 233   0.298990496130546746067204856687  -0.485714482341561159419402268814
 234  -0.315041555323397589954030565741  -0.169476547964355994514724689660
 235  -0.619409985876361114386677983322   0.713093738534736076510034211865
 236   0.050706775366944840133873817186  -0.042266133934258096577579855636
 237  -0.101673987343092422650463014206  -0.507661202211646441307264057144
 238  -0.436376605433797128684465399359   0.837703329807681111282137487197
 239  -0.019125530199648637125653158747   0.168261254385767135520986235750
 240  -0.249079901037328848219490213546  -0.673401446997166476116449687721
 241  -0.057912334263470111280403270451  -0.019872562167005497932889625231
 242   0.139428314739000000000000000000   0.934199668639000000000000000000
 243  -0.027632687465284321711712300406  -0.723306994499581977255562308758
 244   0.376564104258189694376705080095  -0.109446849236015892511650546850
 245   0.310602449972120952642164727900   0.394478049796794589090074451211
 246  -0.357699010667743799633767301183  -0.651007875229913877471759457316
 247  -0.489622319239881283102848005572   0.356841922835707085731690538806
 248   0.155455233716835056023164281084  -0.358057216414295944725428992716
 249  -0.171506292909685899909989990139  -0.297133813891621209208697965758
 250   0.233028841844478004332664504492   0.018210416691249322182322729248
 251   0.492940454788521318095358417348   0.454940422450910402390504861030
 252  -0.700544324918392192861181677533   0.422057223825069188836509938166
 253   0.698552365550093974629799931196  -0.470017392295384416956766713337
 254   0.527856607571818056725121905315   0.349676728290897786341221815337
 255   0.167067187558409262598124152297   0.522135315724059803784047727309
 256   0.089493579430766314288623928890   0.145867682618514536876296005346
 257   0.772780803981736738315145365292  -0.384427061902733637883882489849
 258  -0.602112080150820970042111716946   0.085837983890174434873221862536
 259  -0.471757370621831727693316041218  -0.739384324629561929266626486122
 260   0.054577426647469575658860440923   0.251131376778527152925579051039
 261  -0.755372542644000000000000000000   0.221481498119000000000000000000
 262   0.906584466600976532516688130788   0.265096238107264133975726139824
 263   0.812390671282872063950706280992  -0.196023796476096404816694155910
 264   0.275686297188824214012401239934   0.499741743956807205139357496904
 265   0.668030761950662360890604689464  -0.068643662377870310728146784172
 266  -0.175376944190210635434976613877  -0.590531324604406458711856872433
 267   0.159325884997359791548150904822  -0.064659705701510695222270086041
 268   0.835656210973017465962633896136   0.073075387803886461688117105143
 269  -0.327171330176139619987790923580  -0.886075804461207397473226418024
 270   0.294584627963189155235668633411  -0.779288017597877553365292751158
 271   0.934875133571953309490334836287  -0.134832841584025339732554374710
 272   0.562772760355114795354885393281   0.244413034130885170291938769644
 273   0.279556948469348949537387863671   0.793139254669592454642516403579
 274   0.120539080933538317393400793118  -0.252793522254283328676145947022
