   1   0.235942494235824067854365644367  -0.371213343660264202316033318450
   2   0.628601350875234757766369981303  -0.323964917572692827885274664625
   3  -0.197634699684254826312150635516  -0.078409224877153926191230282993
   4  -0.370432099546024361586935726378   0.671780978113516692514605376628
   5  -0.028584162884994950859156429012   0.171916684747086194727856836775
   6   0.523616913835270717912616906578  -0.279101599949472063067037379868
   7   0.323156356473747534798335964978   0.559217655705339219714177179882
   8   0.181384711194933128848349720438   0.082190049500644665091382267260
   9  -0.290141381819660719269100043120  -0.897166694763423731728609801849
  10   0.805821701033677982365777526905   0.242662719247912557953885532847
  11   0.103679165675414558497604607677  -0.099648329456589003794088240838
  12   0.391353585274861208555855869889  -0.007536585745796864545092302255
  13   0.126826928154042189842333796510   0.535593442661553532498797852969
  14  -0.572756165130168980343818421783  -0.686744867292960867682462214602
  15  -0.079010816884068051706893579809  -0.236623390790601907861321464177
  16  -0.587521159811964271558237043819   0.737501855190990562923060921699
  17  -0.576654110563442781472650991470  -0.239008499254952517473842833245
  18   0.259090256714451699199094833199   0.264028428457878333976852775357
  19   0.350435247994193004301343926942   0.332515959124884786010469387027
  20   0.811421680258285219046589390831  -0.187164051401954453815769447006
  21  -0.617572447844110985727162934416   0.101044045615729133081718856037
  22   0.642240796635457492517873962285  -0.437315765862920044737128561052
  23  -0.125030215746965471427842003610  -0.650677822954729849632412937380
  24   0.144597502956082762752116550623  -0.439700874327270654349649930120
  25  -0.309639336078633282316532823077  -0.784675454800148466947576299067
  26   0.840761133024032523211329407065   0.031956658239484407331250412652
  27   0.062760828394746354243092664731   0.240404215414092646761473448445
  28   0.477639873719750296653338557013  -0.696947934765066464472507822305
  29  -0.265831928485368500069670540426   0.488345016573982158068039199144
  30   0.313648039755342638205110757128  -0.189374964703030533430562810353
  31   0.117318611435637293249108588659  -0.212999177746816220645942137265
  32   0.195024156955155863599853701420  -0.031160798789582551760471629168
  33  -0.574567661116604749113593010799   0.624070571321374225698266352801
  34   0.138071890122844039944735744029   0.932751978177936515605907739090
  35  -0.684436950560000000000000000000  -0.194497712175000000000000000000
  36   0.541479564964155363453324956559   0.694871877776005639978997039998
  37  -0.407603573764182906019656784966   0.011317410369287603445244286522
  38   0.275688737302866159187309563434  -0.711400785751658198804775063131
  39   0.432271922555529412810367812835  -0.347589130616478515100653991538
  40  -0.252192482725145765318166559444   0.374994168283754941216185302717
  41  -0.414807768037766175577486631805  -0.740245169993303042279510483438
  42   0.394652819197000000000000000000   0.856190999719000000000000000000
  43  -0.866415963699452262575701317344   0.372039618164111514794323213708
  44   0.830029781578649034515481343250  -0.447370832005673623401177917423
  45  -0.375129650802841844887917641101   0.803198433151145731308972645856
  46   0.655880242395680227269377943267  -0.550666614153147261588982457480
  47   0.885259060193826418786045519017   0.324663665940141334957212721293
  48   0.086566210225909927914063597162  -0.938933645623625547791243279731
  49   0.090039719915191823746100626695   0.013702518833638213057765655590
  50   0.587683013594566553511858038357   0.016087627297988822670287024657
  51  -0.815100906424176813401226756532   0.474025961296882799087989084310
  52   0.099548036633596720339325834546   0.762295139242007966202505645824
  53   0.441780239273934309403593020685   0.401003489791891238044085998697
  54  -0.357176919765109805171919634169   0.419857485906975706034422587475
  55  -0.536051971211498648444273817524  -0.578637275341512757879551198681
  56  -0.044647468397009275624102310773  -0.731752253062090298999040698406
  57   0.024329066824901320072267949558   0.942601822693112535107809906094
  58   0.909446149928778127401105554168  -0.128634976280449413621024176743
  59   0.719946342154976062868619075046  -0.255477386905686375851658052955
  60  -0.643622744126953906365001583436  -0.540388378584459466178539221256
  61  -0.518801401775900186502644377646  -0.787359641556709119452965760843
  62   0.760094292107581853782076330084   0.347273681205375449879268930217
  63   0.533125230553675614505842114428   0.469491020458897690077702610367
  64   0.400452755985724636432169514204   0.741598362270016739608016254110
  65   0.459550814075974882313375774798  -0.574290827196932948804361784393
  66   0.482698576554602513658104963632   0.060950944921209587488524309415
  67  -0.553506348084815150127921802637   0.396233272863190018819043260562
  68   0.158236948716305497503620531606  -0.553051722617497871201503826548
  69   0.039613065916118722898363475898  -0.394837556704049889531412645362
  70   0.733585787915198797620123056028  -0.368828235195913592703511949383
  71  -0.649006096633118882892330497560   0.327168186964776518701674434093
  72   0.380432220833604798042649369333  -0.756823818968364982598921697698
  73  -0.590293556323665516224154972452  -0.125657650964725300621988936818
  74  -0.567343218172000000000000000000   0.509764194519000000000000000000
  75  -0.942849369028817982948803477866   0.011187804025289336830746316092
  76  -0.248061353683327927159887786313  -0.486949300414842028780408583945
  77   0.007398088533195646555918069514   0.829695705662873843358879358905
  78   0.364036495291818778262883571686  -0.869808904146536131476876281899
  79  -0.400701307398305647493086201090  -0.853538846149510080478701800039
  80   0.797782234498062484295085409849  -0.073813203111727236963915550579
  81   0.414565944600000000000000000000   0.627856295353000000000000000000
  82   0.563441542087479553755628824231  -0.621631781158589899358795603927
  83   0.300008593995119903453606776146  -0.076024116412803316578708913925
  84   0.190483881905796556724663364754   0.831324997516458269244490823625
  85   0.614961905115012023014866000321  -0.210614069282465611033420768197
  86  -0.934585939327460321711039968257   0.125056873654977996802717976349
  87  -0.065371371123845316955389598827  -0.349974239080829124713175360605
  88   0.286369148234897168702102795163   0.037326731877423900273144982502
  89  -0.458030227763256006867393935763  -0.397222665168400499143934014430
  90   0.918031376155000000000000000000   0.215173269987000000000000000000
  91   0.281828873185537861826912458497   0.899812528183464721278107435295
  92  -0.658559127943907902664262356896   0.440936323459733879532375736588
  93  -0.366685236483514701765144842020  -0.328735134501394047110317402760
  94  -0.051731925363622582203885617844  -0.463325087371056341565029257032
  95   0.021842491114078149988580721785   0.580456760284774297317035137727
  96   0.140466373914264924593837777492   0.422242594371326315646943956542
  97  -0.444390782003033272115889954781  -0.510573513458627715995787910858
  98   0.731741103565330671807817127615   0.594680634450072274548214871469
  99  -0.325766899202846497510632899073  -0.668787679372075697665879092042
 100  -0.876854133841982644339962333899  -0.346723128160171718376282059865
 101  -0.818951242895206444403972368838   0.063003375482565784562642516308
 102  -0.119929154164736255961405522755   0.103429154080079742694240225105
 103  -0.343537474004887070420415653187   0.306506637616748489182568691047
 104   0.130958057195860028000612569642  -0.326350026037043437497796033692
 105  -0.755194922172775177802474559693  -0.564597847287256770575959598108
 106  -0.288979690963996131414399729259  -0.146896755544160378224846894663
 107  -0.143076916643363887306134711587  -0.531812618038062793598645868702
 108  -0.174486937205627194967421446683   0.556832547240988610101655810814
 109  -0.187744738195325690871439281102   0.808752455881249889768532526053
 110   0.629265086005000000000000000000   0.540204526426000000000000000000
 111  -0.154060199959410695468968554390  -0.930244889491694476201336741396
 112   0.783462063185235134613975193445   0.130705156376766392570582002963
 113  -0.092650262644290786458397560791  -0.123272542500374691009467567750
 114   0.583573937163000000000000000000  -0.740626884307000000000000000000
 115  -0.083233231403000000000000000000   0.625441994013000000000000000000
 116   0.026876748534416965089994968062  -0.841611410488277580619990076996
 117  -0.266634264097244329261827469505   0.624236697228134194071335597809
 118  -0.357979255376985634364076563248   0.555749166561127742037718986139
 119   0.272729702474674433950598814181   0.150677580167651117124998878930
 120   0.263221385756269537357373606331  -0.597915040240718636019741111306
 121   0.574043567834343818760354057375   0.129438475588216039522140921085
 122  -0.081915987911797064548514340521   0.900811421489533160397259536442
 123  -0.160847491445404460215917465701   0.443481698950761393249801914387
 124  -0.764716384802510974622753808968  -0.368160817614043255423841416192
 125  -0.393964128003960171268152803984  -0.102033437920939613406609609905
 126  -0.329898028244664335668911672205   0.193155789326521272330714794620
 127  -0.302619136724218866165903710241  -0.033545907253933161372992998235
 128  -0.434882465284628375522664746930   0.238019106949742037148952079377
 129   0.231811365194006229696086871235   0.490730125038332767680560568212
 130   0.550895805355716187415624868541  -0.505803296529926496770745172723
 131   0.259293011761080139407543765787  -0.824385870929829347682729647332
 132  -0.316258582484441600917407691223   0.079804941036294055478860898192
 133  -0.133568599924958990712909503737   0.216780002370306959546094121532
 134   0.222303048475601333102861663385  -0.257862495370036985464179422022
 135  -0.170355808163809356809142673552  -0.305110921457608359894938075847
 136  -0.087224214386939715631215873200  -0.837684637108089690925835211751
 137  -0.469831179174852249402891612259   0.578631396161330697104112844021
 138  -0.001305271364549481356148467048  -0.054785011833368238975850956080
 139  -0.014944717124772216107652448030   0.058565836456858977876002940347
 140  -0.421243019524405640771160765948   0.124668258659514820297098182950
 141  -0.664749208194000000000000000000  -0.423321604664000000000000000000
 142  -0.055863054405440420362164390976   0.398618381327540628431564629629
 143   0.769877047972759651248850095345  -0.544407412368437182296117013504
 144  -0.845275197433845301822916656985  -0.048088922658249715464427034552
 145   0.404993031035083943307359850871  -0.120887434036024081396946198683
 146  -0.832590688655429179155476349820   0.176354223772793001414496412735
 147   0.167020669117281142363239739143  -0.676390783672634984125921817176
 148   0.327287485515565372956614738110  -0.302725812993257750282416706780
 149  -0.563014664803220046721147010488  -0.352359347545179734325696729672
 150  -0.147208045685181725464413484719   0.330130850660534176397948017959
 151   0.498233948295261669838291129437   0.800532967717796739313809402934
 152  -0.631211893604333720478666915398   0.214394893905956349933572752464
 153  -0.156716362403586622057638692570  -0.418461769747835576746791972275
 154   0.546764676313898349257346095411   0.356140172168670473225848713939
 155   0.737581527582170293551702736940   0.480661606493929413724773572349
 156  -0.935350535187000000000000000000  -0.118873234014000000000000000000
 157  -0.667999101843184086574900085213  -0.307496029921958969507459444915
 158  -0.304056842602295031699122122520   0.892546657662035985299050938525
 159  -0.083946902746545658546331024229   0.761208174995867391325262747235
 160  -0.448521911044851110274168727912   0.351369955239969254000805975804
 161   0.295468318945760596578416439479   0.786461679893237504426253538868
 162   0.651749113353862389111099170136   0.311276854545449708407611429182
 163  -0.556712841410889894554484003421  -0.466353804913474815822650517673
 164   0.654505249707392407502724298399   0.678758408966262742270598311278
 165   0.076400274154969088994596645713   0.127053367123865429909619552017
 166  -0.681422898242625349124791370724  -0.651730721531192769236093742728
 167   0.942715707625961083560912519323  -0.019421488929326069777489163038
 168   0.509977468075047983161112925596  -0.165750751659244846215183483440
 169   0.012334174395673253395355513934  -0.168135860123595455827704852507
 170  -0.224913591204700295815158597480   0.148292471703300507512477509862
 171   0.354566377036010842459622700073  -0.529427509573712183986124499635
 172   0.601322459354789288263362019339  -0.097263220992238394181566871770
 173  -0.431468697547000000000000000000  -0.625127964693000000000000000000
 174  -0.039106498649000000000000000000  -0.941518475154000000000000000000
 175   0.208663602715378598351357682403  -0.144511647079809768612325525595
 176  -0.211274145444477561063654616498   0.034941623413073290660623613435
 177   0.066891957436564192401371437863  -0.621539253284504323235120438218
 178   0.204532473673560760193078909271   0.717431821618787201384268361067
 179  -0.746241524085000000000000000000   0.257851559075000000000000000000
 180  -0.539866902324592415376417821655   0.282882424572962801967189364135
 181  -0.489262614689434349142359540526   0.806047265055968399200031928711
 182   0.428140793513711574652089039703   0.514354338082118454895939895124
 183   0.049121382634523619491588683749   0.353755063704319863613327344872
 184   0.309516910713524800046831983996   0.672568503995566436566031076309
 185   0.839531651267730290202344322196   0.429274627897604226882596118663
 186   0.519485784793452879754338133446   0.582841868749124906929556506794
 187  -0.526227456564369680624913840673   0.169531576282735585115335467707
 188  -0.193956456058094706069146601084   0.922751858730359238261957887203
 189  -0.695277993363629556077908047177  -0.080794333341504535803751652060
 190   0.145171028463667288763951150952  -0.821126696644034455443376628064
 191   0.154105819674487659345341758474   0.308891746081099098795090060115
 192   0.669447033075161895434594180062  -0.664026181369237556793383936440
 193  -0.722556884884075025580916009141   0.145907363238949897899956140795
 194   0.679028004874307858614107132100   0.084575157964995274703903636327
 195   0.336795802233970269549839945960   0.445866807415112002862323283454
 196   0.842267327860146215205520107766  -0.333860075908428024839556735420
 197   0.008203045353855415237076740803   0.693807608575001514168889034155
 198   0.340926931275788107708118719092  -0.416076661283484967134270603208
 199   0.706306896394753328117115094064  -0.142126538615459158999804156528
 200  -0.042223608645217685610660409994   0.285267533037313411579710733202
 201  -0.353045790723291967013640861038  -0.442085982791621263962171299188
 202   0.249581939996046802605869625348  -0.484564191950491419167887214878
 203  -0.106289708404513521209901541773  -0.009921694210147474157613671323
 204   0.364074693754415739052847907924   0.219165110834657569158615490600
 205   0.496338022314825248409608944614  -0.052399903369017629363329587013
 206   0.199409492385514333092504118178  -0.921588820452754828542863996127
 207  -0.234421907923105192408383805330  -0.600300148705069245632262480372
 208   0.069453494524347405097108530489  -0.735679026442278188693195563652
 209  -0.512588010804146945873409859691   0.056180727992508368263481571280
 210   0.418632476795306678058863831853  -0.234238282326251298248800095110
 211   0.692865872424000000000000000000  -0.028751892858000000000000000000
 212  -0.719985046400407806123621200610   0.537172002033408356545627539951
 213  -0.380324682243737436516648823002  -0.215384286211166830258463506333
 214  -0.498948565043924211121905878709  -0.057170120297718848588372325148
 215  -0.175708288348526402143556552419   0.693279555098472409798332282544
 216  -0.603933002083888250975658953434  -0.012306802674498083770135040390
 217  -0.275340245203773396662895748277  -0.260247603834387595076700791090
 218   0.245450810954228964447590852217   0.377379276748105550828706671785
 219  -0.788280565689502595644359093318  -0.147013445609269939215262091402
 220   0.469059130794379778906600982649   0.174301793211436804340378205842
 221   0.936999601214000000000000000000   0.102590573585000000000000000000
 222  -0.279506123797306434468664809292   0.740823835983854908241602061362
 223  -0.752308708634361971696455837386   0.375779087413963753067136013545
 224   0.445911368315752147561871793817  -0.460939978906705731952507887965
 225  -0.914146481127000000000000000000  -0.231116778073000000000000000000
 226  -0.038092479603399847452381636862  -0.576675935661283558416883153460
 227  -0.220299691377048652482373291824  -0.713591861943886722685168972345
 228  -0.471669673523478741618897916745  -0.283871816878173282292080118003
 229   0.035481936874300884740084702767   0.467105911994547080465181241299
 230   0.560404122074121084008850076393   0.242789323878443256373994817512
 231  -0.069502500165663155113668371958   0.511969229617767845283418526057
 232  -0.686544541073027057167248311348   0.646333267563859147727445082591
 233   0.167745265434710394096845739456   0.195540897790871881943236163687
 234   0.218171919433783494944582890253   0.604080973328559984532414464639
 235  -0.261700799443550661911391767295  -0.373598452124614811928554687518
 236   0.480890084070789438015941222983  -0.811070173708377431771758507843
 237   0.377714139514638473804351888906   0.105814262544430352306761594172
 238  -0.817895458612276153832267008849  -0.469187721939058141494165149964
 239   0.694498170071000000000000000000   0.203609975113000000000000000000
 240  -0.482784677870211771847535645279   0.692062680030947034328907412919
 241   0.025973620155895988146859494916  -0.281486708413822672679558748935
 242   0.455419685034157044155097001667   0.287652641501664021192232102270
 243   0.911121581008762818109678653707  -0.242791194768346014222811821069
 244  -0.183995253924032091560646654534  -0.191760073167381143043084179420
 245   0.638109667593639654359595189154   0.424627702835676925259465325609
 246  -0.485309119283701476370401897727  -0.170520968587946065440226221575
 247   0.113187482393819455090829815528   0.648944290951780749350651749397
 248  -0.708917439123852290829412028159   0.032556514948722681048102244367
 249  -0.905028984424748950751827748301   0.264599011691381788650814628743
 250  -0.802219675656752309594580121561  -0.260327833495720987118480174785
 251   0.537256359595493452664120887560  -0.392452448239699279918891276295
 252   0.368421332422000000000000000000  -0.643096874431000000000000000000
 253  -0.339406344963069232262136880056  -0.555436831081848480814025195615
 254  -0.462161356805073845025672708894   0.464720803530196470852659872232
 255   0.053252511676341457649867456881  -0.508188404994277106383266541790
 256  -0.238553036964923030566662578462   0.261643319993527724364331406290
 257  -0.200801737118076089434940511866  -0.826083101907161987466202475127
