   1  -0.906806126525378948542897151150  -0.258683546559520559866508460280
   2  -0.891375134078841831524884753028   0.091525092323955539525934467620
   3  -0.587098442304367614498884147533   0.156048311641432729673159745642
   4  -0.349652779375879788720339182118   0.491720659994111534062915122681
   5  -0.306808443107729224604869163518   0.267707921651770124370857055259
   6  -0.770112341477486975817414247627  -0.544188854965475849248148631233
   7  -0.846020925164381873261762943955   0.416489042531225041608884822274
   8  -0.457364224530809440056834182990   0.529171702771446205727702041949
   9  -0.485394506674827154496097242604   0.639709656911189227392801564327
  10   0.210326614532843750019870831538   0.192459076936267470892951492628
  11  -0.393097720128583593883629155090   0.193152595257934091189614940816
  12   0.641984722075180022666263244721   0.041706102404758453176325484608
  13  -0.390106094541320285292078032616  -0.858505540673030074237608271394
  14  -0.457964829015362681104654137362   0.006590899692927353162343792662
  15   0.935453848633274919524699828212  -0.118914361797754229708718706671
  16   0.340793896374780577975505497977   0.564725501042395312451739254358
  17  -0.515595865331053443195732915778  -0.789541279489613144356526760051
  18  -0.177674829818724291210639153347   0.118250509703264747860041102279
  19   0.791004343931080469545510239708  -0.223631007744256653607672219019
  20  -0.241941334220950137383844181247   0.454269617216776862398128203412
  21   0.199497473048139294916214877552  -0.884333487811298594504177968786
  22  -0.069362780179241398826324198104   0.603380270004448928760612432298
  23   0.724853609147655255732443201749  -0.410430599644284367885749872343
  24   0.151674772207249828683239184223  -0.516463380982608058938743312902
  25  -0.005696880261568793700939124576  -0.255219640587582038342832918122
  26  -0.732724460843190671310542643199   0.429460056168956625532557992476
  27  -0.589132701916361448926478018535  -0.601877560765747880143414472779
  28  -0.673387719325221983777644139105   0.081492985247596696491917631199
  29   0.254504619353926188217420145353   0.490170174648559302972977764105
  30  -0.285386274973653942547134154219   0.155701552480599419524828021548
  31   0.795954566070035179182173671900   0.299436882681690480954657006222
  32   0.412313802230115150031497318512  -0.731164894272710260170108036098
  33  -0.220519166086874855326109171947   0.342263248045606157552099169701
  34   0.386568847010512192922187527904  -0.620072440419112228335967539353
  35   0.038080905295789715680906138762  -0.480299262862939598296333484889
  36  -0.748676012322703276767159409164  -0.432185195137589242274486878529
  37   0.680379161658198253695984088040   0.496182701543737903788239781090
  38   0.620827584087000000000000000000  -0.709458789180000000000000000000
  39   0.277464527300000000000000000000   0.901212464823000000000000000000
  40   0.233082451219850906159685136053   0.602176543819730007819006797816
  41   0.307249117994841042794320845100  -0.775501652713256116376532944786
  42  -0.328831215726357747710424127190  -0.142866512255578023348472160317
  43   0.274593118935069596193075859438  -0.143560030577244643645135608505
  44  -0.155919816879994304934348853680  -0.517403546479440959812788680064
  45  -0.155652057200095768105084189675   0.528824943610612895579370317855
  46  -0.522231333417588527277859165261   0.342610007206439467700430893795
  47   0.188303841914215226914315867866  -0.218115356971080676826377722948
  48   0.575621354848008283134987723599  -0.148614360345097483391202251211
  49  -0.706548047900229803316959949276   0.624503310137702782538293835703
  50  -0.263631262034923956270843854552  -0.479952503702106288148001760796
  51   0.596919690237000000000000000000  -0.260975500023000000000000000000
  52   0.557063102323642668391076889069  -0.474580111017839932129510814401
  53   0.741482987549368722627974254624   0.399898442789075959892256226228
  54   0.124370182316644084959666130334  -0.405743936469103565115091370446
  55  -0.651965551191146701719909129804  -0.030513383923574008354111402512
  56  -0.592035119656259802656276849643  -0.389570342157208701265407772146
  57   0.469326905179232249842590192724  -0.107312713984628892921954323719
  58  -0.048208371725064653597853852809  -0.554854589256775631477575599332
  59  -0.799094681370449297206402150278  -0.296134589336855231531295379548
  60  -0.284785670489100701499314199847   0.678282355559118272090186270834
  61  -0.085024281214432209097849783485  -0.852734376519626869110996158878
  62   0.555616182200086619121350184296  -0.032757387590792859740712209276
  63   0.796156416474000000000000000000   0.501691744315000000000000000000
  64   0.211660283085775624101950126754   0.714182912990900712665035831527
  65  -0.283131358370000000000000000000  -0.898759996102000000000000000000
  66   0.595883344502537033253131417535  -0.598030793539786417283478147770
  67   0.599140385807029458550793226122   0.265718840747099862868383552030
  68  -0.133944218798646037070382902966  -0.630045682805470853673786846810
  69  -0.890109246225438943100228556283   0.311319864686714336569521829865
  70  -0.242541938705503378431664135619  -0.068311185861741990167230045875
  71   0.405060400777006403669385164825   0.228706393528883221616132777414
  72   0.059170228625210293520085857695  -0.068657945022575300315561769968
  73   0.167482278264693185904400812939   0.416471815278608880585009560050
  74   0.727416574410364593115416424680   0.600066376026572352541516102233
  75  -0.845032824077722777068788877509  -0.068684551473091520132009097031
  76  -0.091052707993215217713323871409  -0.330841850914434221785517531910
  77  -0.109852937287144630613732975228   0.835226381702216509077733972143
  78   0.402309736737920911543208399613  -0.296868046108883938960412569709
  79  -0.134830493550573727095169134748  -0.105762228639076661832016965143
  80  -0.020903781834458909874280798920  -0.665574033770280125301227541789
  81   0.704715066910226100266750248136  -0.298186334138092686788914333462
  82   0.080592396759285575577820866995  -0.180664314193746005161590803679
  83  -0.066058571601945831878073802778   0.940665080399226795531436696683
  84  -0.204629973961000000000000000000   0.759431761722000000000000000000
  85  -0.776765759975316304198904778354   0.534648933875812114705133471126
  86   0.450842534358087554354728358793  -0.433088823214879942040770364549
  87   0.364952232645925903168781282872  -0.508103435753151517584307700735
  88  -0.414187043458004171722808874024  -0.218488722582430206791156774105
  89   0.146548283709140972153496008739   0.931524626033299423653470022496
  90   0.620562553941104740608528235422   0.153712471575929158022354518319
  91   0.319371728240705295917770488677   0.676731870213566017297768288069
  92   0.661910631868862652413747715171  -0.074059033951261450209960136769
  93  -0.931688109474000000000000000000  -0.144201497097000000000000000000
  94  -0.221119770571428096373929126319  -0.180317555032912695013259079585
  95   0.426482568911081685727120174125   0.116700024357712516770103743703
  96  -0.048541216529719357816409143176  -0.031206902245240628650774850700
  97   0.340193291890227316448360182553   0.042144697963876483588861629261
  98   0.362216067195768233995235364263   0.452719132385119390600474517187
  99   0.447904737045156967784855183425   0.004693655186541811924074709992
 100   0.630092663345934827876722069216   0.375474444420113952451158320850
 101   0.297949560106630013860035479377   0.788738239384736722143797321780
 102   0.514319337038578314994071931344   0.790373423080995619960898192750
 103   0.512771845931936055005880165696   0.191255350751548549951345858146
 104  -0.047940612045166116768589188804   0.491373900833278223914583398587
 105  -0.500476322816241561205699739658  -0.293044055698720304400436139134
 106   0.649663137102093574970917669163   0.683485432657667973362493798554
 107  -0.026518443911090834710854179504   0.379367531662107519068554364876
 108   0.408500232697242875413050123971   0.747868680064824673316076861724
 109   0.942239992692952960311448282406   0.037394177816301397336636623019
 110   0.166881673780139944856580858567  -0.106108987799909971980348689237
 111  -0.518425516031000000000000000000   0.787669087226000000000000000000
 112   0.124037337511989380741110839967   0.117903750542431437711709378186
 113   0.065385495186395459404479192652  -0.591018707376444092119985427345
 114  -0.349367109108505339743372904709  -0.555143597250801510344213008274
 115  -0.823610655943647495011053868209  -0.180690920644262224978038130742
 116  -0.418545217358449925268650873796   0.732097472884771279483516191874
 117  -0.192928905928894662625569840648  -0.815320453712811380678680903709
 118  -0.327944940974430057685637895409  -0.667149966421972215190242041985
 119   0.387078064563167593355315114672   0.859875049235995378162105895436
 120  -0.179123789401026767764208410515   0.925812722117810296271944962077
 121  -0.435942056396734157999099173690   0.417165333600275500881673008238
 122  -0.548950783302042724340785364845  -0.495154791691171127352649485872
 123  -0.611165196992000000000000000000  -0.716093812030000000000000000000
 124  -0.608520610438442896556619156833   0.268054680812603434519188779353
 125  -0.220233495819500406349142894537  -0.704601009199306886855028961253
 126  -0.436542660881287399046919128062  -0.105415469478243351683685241049
 127  -0.171313558235286578376609775056  -0.927289702913462902292238273321
 128  -0.942926619661246433655880399685  -0.010194032508694786312130791052
 129   0.087002109550981749157885437684  -0.702987712042404802871645265964
 130   0.038348664975688252510170802767   0.565929227227114257095825513030
 131   0.683292898776150818209015238837  -0.186179964966921981942885299751
 132   0.124637941996542621788930794339   0.640484553620950290277067627472
 133   0.855950715672098591032688290834  -0.037161148577534635844605491424
 134  -0.198764153148144869049818872281  -0.293390808137099550120730612642
 135   0.296015287069144878250810868738  -0.255566399748415348491164642216
 136   0.253170950800994314135340850138  -0.031553661406073938799106574794
 137  -0.810387173071113059758221013773   0.229780137716056150289591342606
 138   0.173291386571836118436645429255  -0.628432385648568769690403151520
 139  -0.608187765633788192338063866466  -0.255593006198931568307611969279
 140  -0.113408325416498445037434125448  -0.217768597810247366678045998854
 141  -0.629609933767863474395798875766  -0.143586637027760863461582935568
 142  -0.594131507469109320271481528836   0.605349786702798605646356343520
 143   0.535741505172653597051806940643   0.678367053909824915114869159038
 144  -0.177341985014069586992083862980  -0.405397177308270254966759646353
 145   0.930322948694000000000000000000   0.152540520450000000000000000000
 146   0.145459505646064662798845849267   0.005897381371260732865680344474
 147  -0.500809165283513245220124155962   0.230603638035268762854401860084
 148  -0.106639628908040293346809849077  -0.740765127318975347497438789266
 149  -0.759907917014000000000000000000   0.007202600618000000000000000000
 150  -0.410101938729144691910223203042  -0.746235766300363685434756704223
 151  -0.318685122447172982815289779850   0.787163773530301578641216109702
 152  -0.700232207757747646250902516973   0.200280652308943836958628390255
 153  -0.721702692881000000000000000000   0.312348221463000000000000000000
 154   0.666050584791593415456022641331  -0.508136998355185424888810189934
 155  -0.921180146444401861992415470988   0.201597783125816031773267442047
 156   0.016926496841612970452435793468   0.677935596398284961941854546741
 157   0.834568448764810425237420767168   0.074959782438125895888319671558
 158  -0.199096997952799573268374162647   0.230256878874435452706070135990
 159  -0.479386997149437963162389146661   0.118597268864098058008372826373
 160   0.469927511452303581717044039129   0.415268087023884445580382834011
 161   0.491453042361000000000000000000   0.303281480546000000000000000000
 162  -0.715899210788717843674558867338  -0.218141963421596896642825050011
 163   0.102615169377914098683375830667   0.229910119713602142557738411896
 164   0.821015314360983683562557959943   0.188188085305849642807948721047
 165  -0.502676235001914393204867864210  -0.676238944232869384062954869005
 166   0.383638232642931121611650155525   0.340712762700053926462161811125
 167  -0.780856994175557949636252610931   0.119633396698131878180451491732
 168   0.511258309017634073356174538292  -0.674469915667477579027838162525
 169   0.846937564178782736215457093727  -0.323008122288779422848292977938
 170   0.509645558714149394631148919210  -0.335382424503978885037710046958
 171  -0.091385552797869921931879161776   0.192805836097100781041283216722
 172  -0.691383236215519645869907149407  -0.333585632114189903196082298816
 173   0.102014564893360857635555876295  -0.292670683364916710007619837390
 174  -0.737321378922793125732293876638  -0.106135594250426191796796016299
 175   0.190238114951700372810828151236   0.826189282162071423395440568181
 176   0.001136259189198416967723586960  -0.778030311705003132524352590596
 177   0.081193001243838816625640821367   0.341916488884772847403767445607
 178   0.259887548410651795931604809460  -0.552440194193697373790732609423
 179   0.418487394766513648843346614214  -0.845034217523828664668145258218
 180   0.297348955622076752332890163953   0.266157436306217893280919696683
 181  -0.069630539859139935655588862109  -0.442848220085604926631546565621
 182  -0.306475598303074520386313873152  -0.255939765359764878455943693373
 183   0.313422710531239541606170140802  -0.889370975964374520874570166906
 184   0.769582175797005187487775230409  -0.111624638573085948761643185309
 185   0.429922400831318157470785133271   0.635862310893653968470047828014
 186   0.470535865791426470383096598971   0.529303019950033177070054314359
 187   0.835868911736069276680813435860  -0.436506232209498292519823119707
 188   0.485513353798031116246864747684  -0.563377461813879547193697665780
 189  -0.371517194548000000000000000000  -0.442999989387000000000000000000
 190   0.904829224883455191759822856175   0.265515728651578921115810364960
 191   0.914259341580277905187196095817  -0.230964033342358186006314594666
 192   0.383037628158377880563830201152  -0.181868040378464926103196438161
 193  -0.156252661684649009152904144047   0.006244140532094043014012068568
 194  -0.112807720931945203989614171076   0.304812205268271485887312250433
 195   0.534194014066011337063615174996   0.079248981580377845105316824435
 196  -0.698791711239665222268003577076  -0.633170334639355599250001711435
 197  -0.005096275777015552653119170204   0.267361162490936814222525331165
 198  -0.392764875323928889665073864723  -0.330495091753600911637185807816
 199  -0.856387457477632928103654410036  -0.394734152360254570609699959261
 200   0.728273999096034391945023236293   0.116261428798594486357567599050
 201  -0.371675551994508311825894145790   0.081146226086763386343585907105
 202   0.146060110130617903846665803639   0.528478184449779585431038593761
 203  -0.069963384663794639874144152476   0.080799466925930076195254183011
 204   0.568988837454764358944731902631   0.471758703174775896347141875711
 205  -0.134229889066020486047349180375   0.416818574439442190733341284144
 206  -0.414519888262658875941364164390   0.305158964429104796035643974527
 207   0.706851830961959109887288226993   0.228267797969765191203596632762
 208   0.059770833109763534567905812067   0.453922858055943552249796479318
 209  -0.015154975247091223196920686326  -0.942859933972079051085936985816
 210  -0.646435183822336302031782651627   0.504015382562792658713800106919
 211   0.016658737161714433623171129462  -0.368292893691768893450304451178
 212  -0.609136366413000000000000000000   0.718559343093000000000000000000
 213   0.016325892357059729404615839096   0.155354793319766109376496297454
 214   0.777065887380007436404392875443  -0.534212630920399349522883437298
 215   0.098769039251595344642651924069  -0.937794863096343705763437372702
 216  -0.328230611241804506662604172819   0.379714290822940829216886088970
 217   0.361615460024302598506095191853  -0.069861671207294221257167404450
 218  -0.662396162172314717501647045388  -0.506751430663460233142905689191
 219  -0.285053430168999238328578863852  -0.367946134530935583301972727085
 220  -0.373312005001000000000000000000   0.606375602640000000000000000000
 221   0.281504162775238085685011054492  -0.664409198859658084542392448041
 222   0.855474903661423097687369097146   0.396707975178281594213377562265
 223  -0.543653501551663809335594174561   0.454616376377610172546459927506
 224   0.188904446398768467962135822239   0.304465446107438175738980526339
 225   0.197875514018000000000000000000  -0.743225366943000000000000000000
 226   0.706898647090951054201501651647  -0.624106426105000341917551395134
 227  -0.479054135938143768547755781841  -0.405050437136244499804957427470
 228  -0.416303985154272125879392082267   0.846112002225027410113045044064
 229   0.231748782666919032077605840839   0.080452707765096766046922458917
 230  -0.027119048395644075758674133876  -0.143213271416411333496803884411
 231   0.037748060491135011462350848395   0.043348424148595404530467263743
 232  -0.263964106839578660489399144919   0.043695183309428714678798987837
 233  -0.462494316387595668619175210520  -0.569516175158292631272189882098
 234   0.615866126679704508667497449487  -0.376873712306938875126450496810
 235  -0.521898488612933823059303874895  -0.181037679805095535126369854836
 236  -0.096901222127011169172862356350   0.721927709614305704630977228004
 237   0.318771123756152034390625173253   0.154151067135047188434890662972
 238  -0.263363502355025419441579190547   0.566275986387947567244157237123
 239   0.109057982043925780856377685889  -0.814871019604561565217680384435
 240  -0.241655663953575688406877903837  -0.592594640028136182008999927542
 241   0.275926787488001470275155154654   0.378163805477388598126948730394
 242  -0.289569407685383362194371325119   0.897420796782261703897178873941
 243   0.517431901554032572168023833994  -0.788339238918595983525875384645
 244  -0.544254106036217050383414128933  -0.067964426700908680018898321780
 245   0.209726010048290508972050877166  -0.330121726142251381672406756659
 246  -0.350253383860433029768159136490  -0.030860143084407318502443126606
 247   0.038482735976333755994109596611   0.895107962049876465387757986475
 248  -0.005257551463904237031473398904   0.789793560009516723245954829099
 249   0.239049350041605544169139689814  -0.440323712304523523955901776522
 250   0.102992087570000000000000000000   0.752752435096000000000000000000
 251  -0.629942778572518178614354166133   0.380061049983774139365217813064
 252   0.489332077827153913856227732027  -0.223169686738933516572444365653
 253   0.343506712381859071266787839195  -0.394574444819784995963472887299
 254   0.748279171743956055958660775596   0.000404456044289862707077557116
 255  -0.302875539951356257172243452315  -0.785053744449925527445872212739
 256   0.597134967159196060009596115611   0.582267215992270989009127654957
 257  -0.177074225334171050162819198975   0.640831312781783600425399351566
 258  -0.565676274170292332441149138233   0.044041942470262024827130711931
