   1  -0.713025293896716767196529967132   0.192701424981846061964139132060
   2  -0.031943764814420205407477622863  -0.077501430902652644365332162335
   3   0.149933712201375200356023218449   0.926859563045150579620820101673
   4  -0.402738644143047448177026377268   0.304804962091376561780759159993
   5   0.210631774487210800963740615371   0.509213536420973751039124165663
   6   0.387980468713260119753766858691   0.734886459314616555828579196710
   7  -0.451542322236842057867849827637  -0.133022033762579470408363195254
   8   0.153146531006076735789144940654  -0.888051194347019613816065366412
   9   0.695441451294000000000000000000   0.080364472446000000000000000000
  10   0.656112305827000000000000000000   0.473272246920000000000000000000
  11  -0.187908968935235711633783611389   0.919912488803380084282620381709
  12   0.225937766406914309472082423088  -0.413124139591810081925272014747
  13  -0.080747442908214815098301073232  -0.515328426756608676554454517582
  14   0.145079253306237659861815673548  -0.608695795366673853070953209167
  15   0.629508906325961632382663313340  -0.236475866692176305688422525537
  16  -0.224994200438585581046422903924   0.574820603600753875189911589034
  17   0.500568140715294374942883290365  -0.068664512347597586908452599331
  18   0.938539129381000000000000000000  -0.026322040667000000000000000000
  19   0.607940901188855279855988144181  -0.715511445278420944421257620538
  20  -0.435514904733467528318058513115  -0.254149703802286420602181651545
  21   0.274944444579160734577341468693  -0.897749586498255692724013029961
  22   0.775616140613996111508120625510   0.276818302469341610804922070180
  23  -0.450820896653171036826400320832   0.668187972210497412362214528865
  24  -0.810301431696236524926662470093   0.117302246244603626724823994810
  25   0.868920492620196214482142144658   0.355704856822911267640085166379
  26   0.837086312466907947693128231254   0.042272174327775397333027973508
  27   0.194604356983836271413949300850   0.630341206460680701232942621954
  28  -0.469262649632536304742451881359  -0.813228955044385850917983125707
  29   0.497326764842000000000000000000  -0.795989646588000000000000000000
  30   0.113745843883292602623543221439   0.434769550686138569431457179288
  31   0.000832495775999874733554512985   0.481453234991010338017608649203
  32   0.258714026997334389613114558936   0.145830526301852900457668796791
  33  -0.321880131042503779386620297856   0.500376617865918693582244602659
  34   0.371627375104627117503103267389   0.099146841996981131871517326876
  35   0.728407951097000000000000000000  -0.162719713987000000000000000000
  36   0.849447970242440989765903828501  -0.242879364052990973657822017414
  37  -0.661341600948052984098035930023  -0.160782335192542883429878711714
  38   0.641045620460234345875412716025  -0.367252087151471332203979415976
  39   0.161361420655000000000000000000  -0.730162146691000000000000000000
  40   0.091898039954000000000000000000   0.703582129185000000000000000000
  41   0.129773261386667132173334535960   0.313641880646431619237638722997
  42  -0.353934966049252838486202926899   0.742631957945332593969881515240
  43  -0.924236514398774357199157461909   0.165334911965792720544901742366
  44  -0.434793479149796507276609006310   0.547060302170790462168396072575
  45  -0.354656391632923859527652433704  -0.058578048027744288800696208879
  46   0.532622975722043434042465919408  -0.310919852427011487296089511912
  47   0.435737045118125235702268525475  -0.385363838161846668903756498287
  48   0.241965183910288839021873737609  -0.534251809631517032119090471038
  49  -0.306574139122800270878278490140  -0.421961058146865139382151577751
  50  -0.096053434827918323606642880948   0.407009249256175156409941662828
  51   0.177855513896790720822708479524  -0.049741129472689231343816645875
  52  -0.305852713539129249836828983335   0.379248947826211743388426146369
  53  -0.612537922854258374407212479655   0.277044660661413148759243643533
  54   0.080969583292872522482511085591  -0.124185115207524412951483632250
  55   0.129051835802996111131885029155  -0.487568125326645263532939001122
  56   0.599385922082000000000000000000   0.722585504774000000000000000000
  57   0.113024418299621581582093714634  -0.366440455286938313339120544831
  58  -0.128829695418338403747675016796  -0.151945416637487825972999148710
  59  -0.577430144096093630812453890991   0.740353426649662245256905158499
  60  -0.562693267890208087610453620670   0.619061979957127484823916845940
  61   0.032887330782748933833137142027   0.239197894911596437629971736622
  62  -0.745080681387067097915479688892  -0.352446778970399777082631845740
  63   0.706955974898149691629324136025   0.617868932070984624069920457918
  64  -0.074995620827942983743794902935   0.873228804498508315696468911794
  65   0.242686609493959860063323244414   0.266958196341559850651487253082
  66   0.533344401305714455083915426212   0.490290153546065395474488212207
  67   0.269024061567410987501056274726   0.899541450940703527441647077478
  68   0.753958968567527073765401424479  -0.413935771456343100790130885891
  69  -0.532400835337385726658255907048  -0.328593689537121602209848637920
  70   0.279518391236783112815932103478  -0.775651799568889843412142957824
  71  -0.735396370794009615217271386758  -0.520798101473454573222955036582
  72  -0.729052711400091296746321281654   0.313829095021553012157957588351
  73  -0.696997876393342237646738652611   0.071573754942139111770320675769
  74  -0.516373417834011197108464592527  -0.449721359576828552403667094211
  75  -0.712154422372429694901933174618  -0.049665964931586284390567773987
  76  -0.358940227004000000000000000000  -0.867469187766000000000000000000
  77  -0.691700479617167248424933977810  -0.634900948306200803177886546054
  78   0.549371818809088984633706740734   0.369162483506358445280669755916
  79  -0.015916347311045675857686308342  -0.198629100942359594559150618625
  80  -0.015194921727374654816236801537   0.602580905030717288211427105494
  81  -0.761108098890441627465271003413  -0.231319108930692826888813389449
  82   0.226659191990585330513531929893   0.388085866381266800845305709372
  83  -0.613259348437929395448661986459  -0.524165345311663734011334080586
  84  -0.914587439952000000000000000000  -0.211893149602000000000000000000
  85   0.436458470701796256743718032280   0.415846167811230213866821225832
  86  -0.225715626022256602087872410728  -0.226389402372323007580666135085
  87  -0.241743043525631131637663725250  -0.105261732332616057386847678794
  88  -0.371783082797608458457495624785  -0.739564006726000178764536895979
  89   0.338851114514207037362071661045  -0.459807823896681850511424173790
  90  -0.500346000330636667558673278005  -0.570849029616535502597485550501
  91  -0.258854111199151214039802608729  -0.786209884730282979505635835840
  92  -0.761617118193325658297501239583   0.549079350310705167726696778018
  93   0.064212527490904222816239231529  -0.804268537550765652667156390755
  94  -0.515651992250340176067015085722   0.351488646396248330366910629909
  95  -0.823219392117746858489790556995  -0.126100394745870627560015242038
  96  -0.096774860411589344648092387753  -0.394200756716901726360636061291
  97   0.000111070192328853692105006180  -0.319756770982066544752969074916
  98   0.376404321840701311156130194915  -0.701207813834054661804476879223
  99   0.322823697010832507812279817021  -0.338680153856974900317605028372
 100  -0.063998599821169264507060251905   0.164753909176761256022304750247
 101  -0.370683809136298389077443748225   0.062549622011962661393122247412
 102  -0.289825296035754720287037668814   0.258121277786504793194607690078
 103   0.274741444500708919162905873457   0.024702856262145950263850340500
 104   0.257992601413663368571663917223  -0.655379479671223982312909077497
 105   0.265913314740942925172157101914   0.729557249037830369319116069281
 106   0.469394661388179755249384975635  -0.538334476635718433543844808560
 107   0.403682210111376176602685896432  -0.143108498082432768516119585706
 108   0.354878532017581566911862008660  -0.580935493936388800705242998896
 109   0.494540964220024898836278709853  -0.670022492151965136574118749988
 110   0.781204986805128836573718488420   0.520833501470029046525599103453
 111  -0.047971182317794734957268937384   0.043626239137054305828486293956
 112  -0.826328849199611054476453784614   0.238429916284310576918642451101
 113  -0.128108269834667382706225509991   0.649264589335589056797578575409
 114  -0.337907548545878308936411612378   0.621504287905625643776063058950
 115  -0.322601556626174800428069804661  -0.300833388107158189188333121460
 116  -0.825457977675323982181856992100  -0.003937473629121769436064454947
 117  -0.193660791015507542988289781686  -0.468644742451736907968303047666
 118  -0.160884530425087462847257645838   0.090309923441926074414637763871
 119   0.657073037963608875425204030546  -0.488379757191178282397797872266
 120  -0.274881151645811440983222983371  -0.665082164799638226564287193879
 121   0.016859913279374404283345827506   0.360325564951303387823790192913
 122   0.586007403843927636664969023051   0.600541678364254413360128935689
 123  -0.080026017324543794056851566427   0.285881579216468206216123206537
 124  -0.683540586425000000000000000000   0.643132802834000000000000000000
 125   0.890586076704309391489342286335   0.235457640525111596920875445688
 126  -0.476400205702236353692347192200   0.809068360319200195465521035832
 127  -0.241901041299811218595739429960  -0.907211471422622221556909194076
 128  -0.773838287727199820539641860415   0.427508656571219157705246331829
 129   0.597454071319212573283080684298   0.005779473387237594699214387045
 130   0.171005175582538732969409904810   0.806506814875231828633542237533
 131   0.737931551064152544215610109958  -0.292808101416636150596312429601
 132   0.468513305708545315843300661322   0.173590827731816313479184313251
 133  -0.064720151726518042495590851320  -0.636456402329628998828925197513
 134   0.016138487695703383241896320701  -0.440884441021773494946787531207
 135  -0.161614168722350593229820908194  -0.710901168940846115391131820029
 136   0.473094055736634908774980314597   0.647225362669126181946280405604
 137  -0.208966782935211051496631589402   0.453692933561046924996093132744
 138  -0.112080852331292853156434195470   0.528136919295882106603760119119
 139   0.662285166916381712523695449188   0.322478799201486676694518286001
 140  -0.596510505350883844857421165133   0.155916990621706198565425187243
 141   0.420431053198421727193926717758   0.536973837850937164060639682123
 142   0.931180508094887632993682410830   0.120214928386116738671156825232
 143  -0.419487487230092998768267198594  -0.375277373841993370796000107835
 144   0.032165905199077912791687635222  -0.562012111061480445140605987497
 145  -0.241021617941960110596214218445   0.695948273640460825383730045325
 146   0.452485888205170786293509346801   0.294718497771523263673002769541
 147   0.419709627614750706152477210954  -0.264236168122139718709938041997
 148   0.544159689856316147535215322092  -0.441696072886306513811646402351
 149   0.826316195031148475924733034711  -0.079435652583625608009594916364
 150  -0.629621156057000000000000000000   0.399216729971000000000000000000
 151   0.791643558117370641057911940032   0.155690632429634660611103613890
 152   0.209910348903539779922291108567  -0.291996469552103131731453558456
 153  -0.176911947928461992397048960360   0.211437593481633024608456220162
 154  -0.483597157243591116967432456679   0.109233306316834429979273717327
 155  -0.403460069726718469218475884073  -0.496405043881700320989818564126
 156   0.326377414331000000000000000000   0.623383268814000000000000000000
 157  -0.028562514023514744460630565895   0.724030886658051316742108688458
 158  -0.387432652223343939668684569551  -0.617532713921407271183637020417
 159   0.582308009495472483139373684089  -0.585018160940590202129996278476
 160   0.516595558218668904492674604886  -0.189792182387304537102271055621
 161  -0.937880685229354123428324302683   0.043915691232740932393626864332
 162  -0.141475862130807472350619274349   0.770714570962923085328260158373
 163   0.927085090722619501973482084663  -0.148532832136752297422610895235
 164   0.048914748286123463382928456549   0.118070224871889487436153280331
 165  -0.484318582827262138008881963484  -0.691976699656242452791304006792
 166  -0.048700964609543639333680171189  -0.757585201522181585864337352744
 167   0.581426653815838043733289369776   0.126907143426944544893032843335
 168   0.613481488822587102832871998819  -0.115348196652469355494604069246
 169  -0.564455670344134785757838536091  -0.086338349457707701822211725339
 170  -0.548428252840760256208047221569  -0.207466019497414652016030181629
 171   0.865475387745815519315695143022  -0.364007034092697923851640473705
 172  -0.870246834505040842945991053847   0.352447463739900280673231272836
 173   0.484540723211919845393091975844   0.052463157692109363285365856960
 174   0.041632299786588344575556329147  -0.937984818255184716986285763027
 175  -0.935642099671776999736257867577  -0.078247229884007925730323922759
 176   0.290768862004083448712697187978  -0.096424813777560999929968115790
 177  -0.641665951894222978162676803523   0.525830516693497391816536863484
 178   0.097718426379918073073751906917   0.555897220725845519625275635578
 179  -0.499624574746965646517223771201   0.230360976356541380173092173618
 180  -0.145587128275690366286400533552  -0.832028888871490868332480461989
 181   0.695707946464302864159083118418  -0.630507114067046009977135149026
 182   0.355599957601252587953311952868   0.220274512036688082065335783166
 183   0.500263786564000000000000000000   0.794098132830000000000000000000
 184   0.388976006995000000000000000000  -0.853416706480000000000000000000
 185   0.049375739248650400136950956408   0.818128810322494816991635745168
 186   0.193882931400165250372499794045  -0.170868799512396181537635102166
 187  -0.080524809501011766186923858493  -0.935448834900957067740216633838
 188  -0.531679409753714705616806400243   0.472616316435955280560729086199
 189   0.161828096393416191272917165003   0.071386540567017718850001810416
 190   0.387654792608001647052894581911  -0.021980828042725818322301129415
 191  -0.467569739740216587417641142158  -0.011894363722872520214544738963
 192   0.323545122594503528853729323825   0.462529852116101982452972695748
 193  -0.367302558345392928130596691257   0.864081939572666622500563098205
 194  -0.863781569795000000000000000000  -0.323030771131000000000000000000
 195   0.028304275867486867523564270047   0.938481558492413567978913609308
 196   0.565399236312463514183498055255   0.248034813466651495086851299626
 197  -0.603396793620201083078510614809  -0.719347674710631653230930366104
 198   0.383558561026608351636739247919   0.856989847037833830073984737320
 199   0.771693365350573606312409485355  -0.534825314973626123727446122310
 200   0.306796279507457978262488502499  -0.217552483817267950123786572081
 201  -0.580483087847509315307629850612   0.034789320581999248371606730952
 202  -0.257770461029005661187455039771   0.015865937707090892806970777496
 203   0.678312584419756242073486763709   0.201351129161779726500699829710
 204  -0.192939365431836521946840274881   0.332565263521339974802274676453
 205  -0.290546721619425741328487175619  -0.543088728186572089575970034042
 206  -0.338628974129549329977861119183  -0.179705718067451238994514665170
 207   0.710367419426505301173069392752  -0.040904210917634173886937082871
 208  -0.630940131074000000000000000000  -0.403251325834000000000000000000
 209  -0.273797878532380190737246354292   0.136993607746797843000789233787
 210  -0.418766061646421977726817691789   0.425932632131083511974577616284
 211  -0.645314183444678454548244615502  -0.281910005232249833623697168004
 212  -0.254389210238100200240607982803   0.817398255267794853914411628289
 213  -0.112802277914963874197883702274  -0.273073086677194776166817605000
 214   0.755589518922581815497716968335   0.401365353555056333529681382200
 215   0.339572540097878058403520638347   0.341402182076395032259154239457
 216  -0.209688208518882072538081096207  -0.347517072412029957774484591376
 217  -0.828522223974278497471308819207  -0.441700907904260216704708632700
 218   0.048193322702107404088618526723  -0.683139781101233050238306897119
 219  -0.177633373512133013438498467164  -0.589772412491443858162121503957
 220   0.064942165789497992932719771070  -0.003057445167817462757665175959
 221  -0.386711226639672918627235062746   0.183677292051669611586940703702
 222  -0.144857112921712933297466331317  -0.030817746597780875779180692419
 223   0.096997000796247052032302400113  -0.245312785247231363145302088541
 224   0.145800678890041661723125850481   0.192514210606724669043820266706
