   1  -0.854014245099000000000000000000  -0.406392804229000000000000000000
   2   0.438158842405903870804660216990   0.608360122513790346866725934239
   3  -0.893371605021655975652995920441   0.311399208814590403492029480372
   4   0.544527737624830770051103522980  -0.138876625722357531764238237157
   5   0.740735427360551222550308560431   0.093710991340081770701094123570
   6  -0.052300284808794789019107747067   0.172913012998186602049837436325
   7  -0.685846761309000000000000000000   0.382224941173000000000000000000
   8   0.337562874045593210230153589789  -0.199455485791449547502882894187
   9  -0.538148983072574763800812364590   0.726064187739282725332979121242
  10  -0.694496656598444678296807658544  -0.510300200239123557982999209242
  11  -0.431395891932000000000000000000  -0.638065112764000000000000000000
  12  -0.718586407008396078715644429019  -0.615398949927676026276897004423
  13   0.234080442255974430319678623193  -0.229744915825995555372205222702
  14   0.785419153469267083919735565770  -0.354228102677319914215185074681
  15   0.466555105853953170201251255609  -0.064402925964430301853694171054
  16  -0.053743516523448848687091916764   0.561676102133533545299980686282
  17   0.939374619294539271727494949499  -0.112506073323007663734675457513
  18  -0.291188828291894494975242823757   0.806457798060584112762728844875
  19  -0.233755348369291168779434981033   0.217097282721567824091059173913
  20   0.285100042293456790440924021642  -0.020218656241049079812472433467
  21   0.846066775982751741441271782785   0.070659521574810445025435152999
  22  -0.924350715773000000000000000000   0.201472404159000000000000000000
  23  -0.308841516710860649293318909010  -0.485955195791198832498683259896
  24   0.412649042387162690744037517765   0.503596992721317109086859539622
  25   0.465111874139299110533267085912   0.324360163170916641396449078901
  26  -0.818943193603690071337758011135   0.233383346102519060145966424894
  27  -0.208245548350549988718812281809   0.321860412514041061870925568530
  28   0.178731147074529891194480715652   0.727018091995098798818491737930
  29  -0.128829684865018329200975844740  -0.141376376379233111289761747528
  30   0.576455921540937655181489407580  -0.614315412508762032736824211373
  31  -0.232312116654637109111450811336  -0.171665806413779119159084076043
  32   0.078135178714219230619974088451  -0.080797516310141095551117090497
  33  -0.622175275509025108360712148191   0.200702692375857030393636254470
  34   0.629496936595398423846267305245  -0.205256581184912988184426207485
  35  -0.093304562456599224970030248411  -0.833967413468179670611489311331
  36   0.282213578864148671104955682248   0.757307522029644806687814066445
  37   0.519017937606089589990480823756  -0.243639755514830769544104631774
  38  -0.387658105322789828115523587362   0.758294099593303474396818098036
  39   0.672128926069113376369160925800   0.384760151043805473200662352902
  40  -0.536842863611496529445632616278  -0.660586797107692811662727822067
  41   0.593470648617126902448317278341   0.461498464215831324636638031506
  42  -0.310284748425514708961303078707  -0.097192106655851889248540009940
  43  -0.571155675471542748239466749742   0.410228951960803505953369043705
  44   0.888901585258885863830210532365  -0.323938672642773906345862746165
  45  -0.520136075434060388118221351293   0.619755211545749981513101832941
  46  -0.313171211854822828297271418101   0.680334071614841997251746489971
  47   0.516510334821126733790107595808  -0.703940129488668807299925522597
  48  -0.714969672537097803072468759960  -0.240456318259724656741408341484
  49   0.492064905872694350261873954833   0.040360203828042935926172223564
  50   0.256703778845407491044332983023   0.652544392237171568907947671827
  51  -0.839467447469932831921875931204   0.127530531949352681939830799283
  52  -0.209852934719000000000000000000   0.711182664210000000000000000000
  53   0.621057137681054310232971620654   0.175412763655062181575360946696
  54   0.076691946999565170951989918754   0.307965572825205847699026159458
  55   0.913099443073045506334532715904   0.247652375254138636336977247162
  56  -0.818597093720127134506065158109  -0.210666708663998078730261958313
  57   0.287880221553842371505581919342  -0.798097102780179135772915103293
  58  -0.389700611911046368479139515775   0.366044682237422283912147306118
  59   0.661524311151117459445431292843   0.676363716993572994690431157185
  60   0.543084505910176710383119353283   0.249886463412989411485905012799
  61   0.361629442349680330622792119316   0.294070733136370633527126750386
  62  -0.406027042900302958924553583737  -0.532656767073030283994131584117
  63  -0.248518293493034393740080888764  -0.685200852087594797058401872015
  64  -0.260708380102686408508041849955   0.501097242064441529561336029251
  65  -0.103319884846277149140353145516  -0.036613246586759873509895352910
  66  -0.493183043700665148389614482371   0.335755252202876276042824977603
  67   0.450833209605000000000000000000  -0.560381017683000000000000000000
  68   0.707469568366276023696119572616  -0.279730280942840218094970273588
  69  -0.439276980233874668932400744527  -0.232244666482871134897728733073
  70   0.736479335855000000000000000000   0.593866713740000000000000000000
  71  -0.860382661238139718687938340300   0.021754272354200754030185910951
  72  -0.050857053094140729351123577369  -0.215850076137160341200305813630
  73   0.105088210447614470348580957373  -0.364797475653014801021393945835
  74  -0.466230011967269908661007613449   0.051755292860002570572548122265
  75  -0.415210411929787548539762215000   0.261281552444949046132280911500
  76   0.163914097490275692833211083844   0.931780264093026905917028802675
  77   0.861401987523661671877642682128  -0.038032373565080433824131391411
  78  -0.842650021793253270731637116399   0.430143269947528480439679665176
  79   0.595547337662313130172348921429   0.070649633862588943795494552079
  80   0.263391171119000000000000000000  -0.908163041912000000000000000000
  81  -0.311727980140168768629287248404   0.291570982479495054001603240015
  82   0.205684178807925130923087584574   0.443018132652225093348214882591
  83  -0.283331716692119469232696209785  -0.381192065998725594718816865278
  84   0.309166610597543910833562551170   0.473307562686771101217537211107
  85   0.207127410522579190591071754271   0.054255043516878150098071632636
  86   0.391308443510873833237359696092  -0.767623078370564375409179355573
  87   0.836461800174635983667217238437  -0.144677721115820972445781550454
  88   0.235363454032740237599380800002  -0.618675391916056454609165982112
  89  -0.206802316635895929050828112111  -0.066902676621305881379217681425
  90  -0.001280684771312428897862348617   0.382439272583133077609570225561
  91   0.619117936608009052481911270514  -0.416777015885865464515433035622
  92  -0.925475075618479928424805148298  -0.196413279383781555018719116110
  93  -0.025347253075399549290500878145  -0.111086946344687103420439419013
  94   0.441045305835211990140628556384  -0.169166055756903539633560565672
  95  -0.049574041317374922071421400560  -0.604780552227221240437266573040
  96  -0.155782716598413568929582713662   0.142623582963640594180515107810
  97  -0.665311681548174452822611838165  -0.336164976132744527873153354836
  98   0.651399333938000000000000000000   0.278883610028000000000000000000
  99   0.390025705797729630019383157935  -0.378692315341850015193293354907
 100  -0.081253994055743270634724042814  -0.715509196970797719870509592784
 101   0.629731932612182772030207225441   0.573333100535416022610627507747
 102   0.387139242368421510683414818541   0.398833862928843871306993145004
 103   0.561009107910920872664631182738  -0.507603373780274191302614110198
 104  -0.545645875452801568178844050517   0.514992081753276743733235438323
 105   0.060431665700656912922736117248   0.901490834058480898047706474160
 106   0.260873254051481417660003499227  -0.513912262123583216829299587494
 107   0.363072674064334390290776289013  -0.094692355998976309723016499570
 108   0.556400990661315094005478715557   0.652381416225943142908459744395
 109  -0.181292516617154748990205412887   0.037860453171167356400648713193
 110  -0.569712443756888688571482580045   0.021465862825456562703225793750
 111  -0.090453404504779755651982284650  -0.941753934699939153648834992939
 112   0.180174378789183950862464885349   0.338255002859751855568348487974
 113  -0.478720371864747356606582242292   0.816032534566484412544844583483
 114   0.053908390472243857839053566036  -0.574491122192675232567944244524
 115  -0.182735748331808808658189582584   0.426623542306514299650791963148
 116  -0.553791398931444060188638959607  -0.767070647580049662228965749045
 117   0.365985611826631564759546355771  -0.872431558258416470390140916088
 118  -0.596665475490283928300089448967   0.305465822168330268173502649087
 119   0.313336085803617837449233067373  -0.693149091673983684519710048214
 120  -0.335794548444255889021925777932  -0.201955236448325127028406404558
 121   0.181617610503838010530449055047  -0.050508086275595087681794761982
 122  -0.388257380196392308811155346078  -0.022718406897924659337995943838
 123   0.415535505816470810080005857160  -0.273929185549376777413426960290
 124  -0.641512936914255146090617411461   0.695372881036476333494650852176
 125   0.700951982476937460542426603201  -0.635412157714167229766705182982
 126  -0.440720211948528728600384914225   0.156518422652475808352414516882
 127  -0.176715814441783962392908564422  -0.765640066796625268622322563245
 128  -0.077810084827535969079730446291   0.068149883205713364269971041708
 129  -0.257821916673378289172073510561  -0.276428936206252356938950470661
 130  -0.130272916579672388868960014437   0.247386712756113831960381502428
 131  -0.801992173262374801622144647583  -0.501887284093964236038637987188
 132  -0.673194875546507468481957546640  -0.008823567209089445166096534766
 133  -0.751167507317385068331809814012   0.065650132548837784744447531337
 134   0.102201747018306351012612617978   0.412728702617679085478892554076
 135  -0.393111218267847981310801974171  -0.860549744048123550242819835365
 136  -0.442163443663182788268369083922   0.545281511787822751602557766838
 137  -0.106206348275585268476321484910   0.740912931683934012990391147002
 138   0.129154778751701590741219486900   0.128728743274805380008615698738
 139  -0.337237780158909948689909947629   0.186807852687021816221736845398
 140  -0.362747580177651128750532646853   0.082044722894548578441870450780
 141   0.286297735948197310909721765355   0.901729393055510229057339447845
 142   0.028398590453502677778430866811  -0.679254251985148470347810639142
 143  -0.104763116560931208808337315213   0.352149842548587069740247897046
 144   0.517574705891435530322496654058   0.145123333620516173706038618181
 145  -0.595222243775629868632105279269  -0.083297266967016675076640600868
 146   0.525616850828399118700073115695   0.545295393673641422490209276979
 147   0.491000393187941715556040936298  -0.808703224797953435654478553395
 148  -0.386814148481738249143171176381  -0.411481496033271602588139193794
 149  -0.897116106392656993604495874792  -0.300441314669273652736067931895
 150  -0.416747289019000000000000000000   0.650366150388000000000000000000
 151   0.920026805460000000000000000000  -0.220400483617000000000000000000
 152   0.259590242274715610380301322418  -0.124981786033522317592338828085
 153   0.772959540030000000000000000000  -0.545121579104000000000000000000
 154  -0.624093751842635793192461808645   0.588965008901227643073994819705
 155   0.697585730400910555778451388086   0.489536171077605924757056262274
 156  -0.101876653131623089472368975818  -0.425376335722106816760038602866
 157   0.002157257929441466788154273197  -0.783836543642352121859676340870
 158   0.878990692005211212254627895327   0.349939502310788702947365213866
 159  -0.230868884939983049443466641639  -0.560428895549126062409227325999
 160  -0.079253316542190028747714615988   0.456912972341060307520114291663
 161   0.779709618789055276757208714933   0.392002927777089539464846317563
 162  -0.080288642421392773204179299584   0.846100803300885260443000885566
 163   0.127711547037047531073235317203   0.517491832410152323258758948694
 164   0.153221347055788711133858016428   0.622254962202625561038625343312
 165   0.283656810578802730772939851945   0.368544432894297863437670816489
 166   0.416818517593236617359708033969  -0.662859661639437676650387719699
 167  -0.487243313182803948966173146579  -0.450724917626667105588963632268
 168   0.334676410616285090894185250394   0.578070692479244338997403605724
 169  -0.185224849052943965861905949326  -0.890329849300537081115005668264
 170   0.810952000155894803606594539212  -0.249440850908294210225647945072
 171  -0.544202643738147508510859880820   0.126228992617929800483092188367
 172  -0.127386453150364269532991675043  -0.530139465514580054539904997484
 173   0.183060842218492070198433224744  -0.439271175410942030931938011938
 174   0.286543274008110850108908191339  -0.408981745376396023062615683423
 175  -0.026790484790053608958485047842   0.277676142790659839829703830943
 176   0.079578410428873290287958258148  -0.469560605445488038801260340453
 177  -0.740958615828793515117158525203  -0.412999893942646958769133332364
 178  -0.467673243681923968328991783146   0.440518381995349513822691372220
 179   0.805166423120852456166499177219   0.496778947810889991021240226936
 180   0.336119642330939150562169420091   0.189307603343897395747260355769
 181  -0.205359084921241869382843942414  -0.455665765756652824629360931381
 182   0.624100409892621993533538216150  -0.711042171942834756226093515366
 183   0.758489168403758383817364971066  -0.070204021357893742535237484352
 184  -0.649603551861376973253084507870   0.484201879108754405294128425088
 185  -0.859692252821591075814571728881  -0.110980946594702913995656221445
 186   0.049738915266169931223383049832   0.591965532168079553169303014797
 187   0.490621674158040290593889785136   0.429123292963389879176315473519
 188   0.157390822261862637749528532631  -0.544201692158129224698621916009
 189  -0.565215944953681548816025413950  -0.376251217868739875678419566165
 190   0.080129889700319066638006540568  -0.858310243400279351770220406973
 191   0.258147010560061550712317152721   0.263781303101824625657804421871
 192  -0.157225948313067628597566883359   0.531386672098987537430658357766
 193   0.027115578676736870498728690002  -0.290323775895087571110849879733
 194  -0.259962911092000000000000000000   0.909670998185000000000000000000
 195  -0.731331336019945831009116600666   0.600197274955996156947055445130
 196   0.312053074026852030169530890564  -0.304218615583922785282749288805
 197   0.209853654013999057538758100778  -0.723438521708529692389032376729
 198  -0.153056473106993701981896367156  -0.635069982261767248306588901555
 199   0.184343853995257877478135401553  -0.828201651501002930168898771347
 200  -0.517249612004752268782253011898  -0.157770966724943904987184666971
 201  -0.790616606817716865367015446998  -0.317291236069627087637388319012
 202   0.570037537643571950111726222205  -0.034113495929884293984371842539
 203   0.945634703318266954345263605287   0.029279682195949588316792506059
 204   0.106371222224380277628283134182  -0.753727951743075700258354705245
 205   0.051182146980823990891367219529   0.203202443032732609919159764841
 206  -0.179849284902500689322221243190  -0.350902635964179586849494536763
 207   0.831215962261647445478496609623  -0.451843242718939042270487428426
 208  -0.614815495382374129295484883649  -0.586113097349765581752183755965
 209  -0.464786780252615848993023443752  -0.337007796275344372677595127691
 210   0.025672346962082810830744520305   0.098439313240259372139293370223
 211   0.000162546943341630770121821080  -0.006323816552213865640573024395
 212  -0.076366853112881909411746276594  -0.320613205929633578980172208248
 213   0.131881022243121457688905833407  -0.648964821950602462478488310627
 214  -0.284774948406773528900680379483   0.007571023136621348531326384677
 215  -0.352948342123161083923568442463  -0.712041645742405673659984504449
 216  -0.546923513879000000000000000000  -0.266974942759000000000000000000
 217   0.568594305928917890443742052507   0.354649593205462649265771407417
 218   0.414092274101816750412021687463   0.114833903585970165836716289666
 219  -0.281145863071910652576396118122  -0.792480860451436145223905195679
 220   0.130598010466355650409203656598  -0.260034345860541563241527551218
 221   0.103644978732960410680596787676   0.023965613482332142228749304120
 222  -0.292641988598840603145805648308  -0.899690479230628858022162162425
 223   0.655006736614139603906890004470  -0.100493451392439750404559812868
 224  -0.639098961565000000000000000000  -0.697172656243000000000000000000
 225   0.364270367719074910759574032726   0.827255693297582999146795381743
 226   0.467838117630718977480953432418  -0.453333402054491201090654930463
 227   0.792922160373123423090597856259   0.284991283523765260333179831155
 228  -0.647685075527766288421334847416   0.095939562583383792613769859852
 229  -0.235198580083945228447419150730   0.605860371856914767341202423868
 230  -0.361304348462997069082548477156  -0.306718366240798364808272799176
 231   0.466770823596877956965375206464   0.712318853716311794001426554584
 232   0.100758515303652291344628448281   0.801491791753026028729035804032
 233  -0.775060465176068180436481911559  -0.044171338147759599878591311913
 234   0.075248715284911111284005749057   0.696728661960552790949169409414
 235   0.156107810485096830469826355822  -0.155271216068068325461661156600
 236   0.001605778657995690438105990777  -0.395086905687560808890716274351
 237  -0.154339484883759509261598543965  -0.246139506171706349069628142145
 238   0.338845885822359017509855766598  -0.588385961881510446739843653596
 239  -0.259265148388032348840057680258   0.112334152929094586311192779295
 240  -0.620732043794371048692727978494  -0.188060396759489912856506995486
 241  -0.183771074211011553114654266180   0.815811373266339252573678557051
 242   0.232637210541320370651694453496   0.159018173309351387877938027253
 243   0.361068303611000000000000000000   0.683757429132000000000000000000
 244  -0.028233716504707668626469217539   0.666439231926006783079847080899
 245   0.725919287614864539388181453529   0.200512420468848790975504493296
 246  -0.154715930681000000000000000000   0.933105131612000000000000000000
 247  -0.945014448883662614066028157622  -0.045055336092742560086878998581
 248  -0.445968337230733326871453827642  -0.766570021576442736989433306628
 249   0.154664578770442770801842186125   0.233491873067278617788482093356
 250   0.204240947093271071255103414877   0.831781221787572036598358132547
 251  -0.381134453220220825149127953324   0.865920793420417797041794632721
 252   0.158102521471196666487858807939  -0.932783943158206581680764473075
 253   0.471851758869232851230969190103   0.820023298182029647274429035683
 254  -0.023904021360745489622516708448  -0.499850035480034046670582668968
 255   0.231193978826666310983710283799   0.547781262444698331128081277209
 256   0.496996423462000000000000000000  -0.349442389355000000000000000000
 257  -0.328054411129425359074701316366  -0.607130466830957513904675650220
 258  -0.713187675929000000000000000000  -0.132484573490000000000000000000
 259   0.603987136576657243785644606021  -0.310019710977386225964292602103
 260  -0.002723916485966488565846518314   0.771202361718480020859713475517
 261  -0.729543439231000000000000000000   0.171335463791000000000000000000
 262   0.732979368385017203756742271841  -0.174967151150366980315103878970
 263  -0.756841136038687011069739299891   0.495434145163522919167189050513
 264   0.723780366795439534194615223782  -0.442696872524589410906239822696
 265  -0.700147907279902708210564415562   0.275176392133784260304180320572
 266   0.439602074120557930472644386687   0.219597033378443403616582684284
 267   0.831250636237065058279144675883   0.177460950703577465299845522725
 268   0.052625378695478050559351389226  -0.185560646102614333330983485115
 269  -0.413767180215133488871778045303  -0.127481536690397897117862338456
 270   0.388582474083075570351398988238   0.010070773793496928056849895048
 271   0.017289923298866916906126869095  -0.945929886652093189402582998352
 272  -0.511333063592755349385009917053  -0.555823667315219573882861427449
 273  -0.491739811986011088721630312674  -0.053007836932470667207318272353
 274  -0.038082131387476590572335099377   0.945321132302832602020217696351
 275   0.680516536632880783967512703695   0.004269678400033487375306581750
 276   0.563493250633497587522209965781   0.759972136594373333989498516031
 277  -0.131716148294326448536944184135   0.636149801891460775210524752384
 278  -0.518692843719406328450237181596   0.230992122410403038262958582985
 279   0.364355685841100197570478465823  -0.483622832089037208959977258979
 280   0.208570642237233250259055923969  -0.334508045618468793152071617320
 281  -0.788593680305860107637389685235   0.336848172509832977877344118498
 282  -0.286218180121427588568664549180   0.396334112271968291781469634633
 283   0.936095187193000000000000000000   0.137142155598000000000000000000
 284   0.024229115247428751162760350607   0.487202402375606315389436620179
 285  -0.338681011873564008357894117326   0.575570941822368759471880095353
 286  -0.590725744972422728876648113175  -0.481014347661213113458285960783
 287   0.310609842312197970501546720867   0.084544473551424157967393961151
 288  -0.364190811892305188418516816551   0.470807812029895521692013700736
 289  -0.941529982280735326455633564619   0.092755508600625937669069121156
 290   0.665671538098351354377335136006  -0.533523230418998137693420897272
