   1  -0.325477698728785969059465769387  -0.741279273572948953492742230048
   2  -0.931470640159019317746614156842   0.089554811682853566007291968226
   3  -0.451317144708262949352702617170   0.675522274231762134617863611274
   4  -0.934958305006572059329463290240  -0.038866253653296570667487198944
   5   0.230793165628848159971242298931   0.135735931898094540779069297222
   6  -0.106678363219495957854629858807   0.592655164493820320273912615505
   7   0.465878085533506382572968118326   0.676199398239744361047820704229
   8   0.120181365841129982262898571151  -0.184749775446993973824526334476
   9   0.449620809546736426356402165581   0.525558674923033947295174686893
  10  -0.794973003898893509420030733061  -0.192354425923559796571729185281
  11   0.342826766287880644887844951748  -0.056516178138579302111878390015
  12  -0.547873065378813202859809124508  -0.058976073442580806836290198074
  13  -0.442684116562295064215563354672   0.824432162592693234470016672563
  14  -0.547949094502368564597001561800   0.199609769414008133941967861566
  15   0.007629368568061972641371215994   0.135969704327726714184371472308
  16  -0.745437277233156413461503476763   0.359665090213925040262821198127
  17  -0.763483433987777287634192184653  -0.316903776845086164871889022112
  18   0.564301984637500833060706401383   0.201316450656167311646747707900
  19   0.470379133402000000000000000000   0.808909941565000000000000000000
  20   0.007110971966743053169481470617   0.264437074088006068546167951186
  21  -0.442069412120000000000000000000  -0.520712100812000000000000000000
  22   0.030833108971261932648353196655   0.935257684900247640757705865553
  23  -0.551453270207445985412907657161   0.336205263386869273699268634260
  24   0.343345165058284409630170966737  -0.184983547890105861375887525109
  25  -0.325737624964769961586771275824   0.458712819075759468531549348807
  26   0.453823573756991896093703070773   0.008166451367538072964613239837
  27  -0.808121097415549520775403390579   0.471802829247231770541807023486
  28  -0.214968657810895357703344402387   0.393640784039006188569637823242
  29   0.232068377842929050119383069966   0.906532892828029783919424440224
  30  -0.352147719708107393080786904821  -0.866977278409408402453077922569
  31   0.453305177168389581854848282358   0.136633821150049936570256078048
  32   0.704343272478344000263386120461   0.012270398027720293409616100042
  33  -0.107605121040736712598429327793   0.464190091621457980287900906426
  34  -0.100775451556284990664165636923  -0.571049773962281842505527864368
  35   0.152555548307069101805175257841  -0.923246674759532574312531223153
  36  -0.338110223192704130520133125891   0.614790678261207375205714756463
  37   0.024667153279672774925784443148  -0.935440617742720077997313746324
  38  -0.548071561480186989380211449597  -0.441270386197191771310239585982
  39   0.565857178766910676784213219774  -0.184085658629397670486913400500
  40   0.784474828463925083082783537966   0.333709691690074535305715587503
  41   0.361666492757000000000000000000  -0.723608074566000000000000000000
  42  -0.325879450440590700448092886458   0.070389185569653943316693061630
  43  -0.671877055731520314799013428750  -0.406972668760842334018550012575
  44   0.721453214779806789975950642634  -0.492797842494616292048586661312
  45   0.121218163381937511747550601127  -0.441684514950047092352544604664
  46   0.817593263917634786957556183369  -0.051495627539530551232783158921
  47  -0.435321067013622627694259894994  -0.379695555091407676264330528080
  48   0.119413348670606852897419346445   0.714644263965699782035480940991
  49   0.560904514226402043439263682591   0.589746453361998215142517728204
  50   0.452786780567070662382958536981   0.265101190910329290932052556926
  51   0.464458919566777683326564031272  -0.633885827645943758414311389126
  52  -0.711677365440698142604396975414   0.019069218047730230971193862187
  53   0.120347387492720742256852745772   0.843109284105967464954139622360
  54  -0.213845849768841610298455276678  -0.121862924444787390330408266275
  55  -0.872223693590951767294695011005   0.338944606259433049957221978064
  56  -0.214882642971479449242234767433   0.135071815075771318393184691482
  57  -0.101812249097092520148817666899  -0.314115034459228723977509594180
  58  -0.103367438901049278564486903031   0.071287074821609339107879842456
  59  -0.324842657237952861504313395703  -0.186545553950904765406899896127
  60   0.237115234579000000000000000000  -0.513320055223000000000000000000
  61  -0.212290656703677441068327896580  -0.507265035590978839737152882349
  62   0.786813996164325649711277427847   0.202214339885890198194088129393
  63   0.232866757451699488710660737056  -0.378133549021855977135530813279
  64   0.231311562230167079443132044309   0.007268562137815186417272818344
  65   0.580725923415980051736602962638   0.733767687791212218602635978217
  66   0.935101429010000000000000000000   0.014498318768000000000000000000
  67   0.231829959910891959226008707079  -0.121198809518802858607512543090
  68  -0.659936342025193007216086016080   0.136657484146336968605484454623
  69  -0.102849042299730359092597157653  -0.057180294938670015253916636423
  70   0.229756372426210321027462808176   0.392670671418653249502662254979
  71  -0.323805862943192457016512030592  -0.443480295345569655549635377107
  72   0.121736559983256431219440346505  -0.570151884710326446714341083543
  73  -0.103885835502368198036376648408   0.199754444581888693469676321334
  74  -0.436734432433881212792629394849   0.394030189569642093455057718955
  75   0.007664072768702564549379213064   0.651220864015343331771206460869
  76  -0.230085229221678439373489211249  -0.907038259980146761892568400459
  77   0.675817188695214398505419308823   0.137531710379772823117596499541
  78  -0.920824154344989776428535045836  -0.166554779422984625356365648029
  79   0.928508293298735766959665730405  -0.116318386548617040913654752274
  80   0.454341972527395660836029085762  -0.120300918383988486299395895257
  81  -0.325595535865927681938186017999   0.877294229319892436185163481063
  82   0.672959624393494912405035673563   0.397494431944236514591020436529
  83   0.563783588036181913588816656006   0.329783820416446666008544186778
  84  -0.549456401990000000000000000000   0.069585015700000000000000000000
  85  -0.668380498066872758791330280907  -0.230535001194478934783978120119
  86   0.340753179895321572233320927201   0.457353300924770624579153884831
  87  -0.202370227539137248227167087898   0.913621315852231215345143859515
  88  -0.543410920486144972024148451396  -0.616410643508685483898746097127
  89   0.924516116304768250285463257043   0.144663639061627517068583979645
  90   0.565338779996506912041887204786  -0.055618288877871111222904265405
  91   0.341789973097959411177100417956   0.200418561404211915855560927074
  92   0.341271576496640491705210672579   0.328885931164491270217357405953
  93  -0.108090187051290670599050348158   0.726007255117549798447150565689
  94   0.675752352108875712602898526903   0.647314742913466072697333002192
  95  -0.804340605951975502284662570418   0.108050439022213176475112985906
  96  -0.910426894270031518184530363743   0.216287974616319037020613940106
  97   0.609720251205715900635478508516  -0.709858318992912355898881171528
  98   0.008147765169380892113260961372   0.007502334567447359822574993429
  99   0.561444420323064741727287809161   0.461279172198398493876325285556
 100  -0.673202082441323849714865180950   0.465901668008706263919603757244
 101   0.895990032521638648527496445405   0.269924951413680046776564379143
 102   0.247773081627021673927470407055  -0.643879618142162069320244373703
 103  -0.218668964025317380739689150688   0.529708844829270055388325642582
 104   0.118107779435854304375339589642   0.329119703594123443622659581038
 105   0.006802431306440966400352919397   0.522628484772608161937829923422
 106  -0.547354667685371717843897504774  -0.187443445076966342617229200175
 107   0.701198740206473770950971320470  -0.619659539187979192701809892055
 108   0.010221355912826260541692482102  -0.506367144456164467429036234517
 109  -0.768107037695727458462550779688  -0.534480304984289326699693743908
 110  -0.435839463614941547166149640372  -0.251228185331128321902534049202
 111   0.397350164671096722815601386318  -0.847213352355625315150825586456
 112   0.120699764611533747005224586139  -0.313217145198520533088535469570
 113  -0.342572142318128542491159088973   0.743922992673385680502518166477
 114  -0.420990421103789391322411096995  -0.655363886751517962949043108927
 115   0.564820381226103147299561189798   0.072849080873655448041104869689
 116  -0.436876257909701951653951005483   0.005706556063536568240201431778
 117  -0.327136989740000000000000000000   0.200141801472000000000000000000
 118  -0.570059466861969273289357149715  -0.742084780880764305750808924981
 119   0.009184558372018731057040452126  -0.249432404953111348901017964328
 120  -0.437394654511020871125840750860   0.134173925823815922601997910657
 121   0.452268383965751742911068791603   0.393568560670608645293849035805
 122  -0.047348066650061209750251711116  -0.814547373115555110888607175472
 123  -0.324324259544511376488401775970  -0.315012925585290301187838898228
 124   0.118451024296796983052476137931   0.586179452597137967817832597363
 125   0.354042962776277367000726982527   0.866205055562711487706482329235
 126  -0.080887881378946375214177127539   0.871834076178185321792421047690
 127  -0.325361053839271780976203141080  -0.058078184190625411045103417248
 128  -0.834072595300588051450370451804  -0.424241114865527949384696531294
 129  -0.212809055474081205810653911568  -0.378797665839452280473143747254
 130   0.579346152035097430295286831912  -0.448976677197936557587500200377
 131   0.352174885132049588281860183874   0.609275015282176121869164966497
 132   0.675298792106612084266564520408   0.265999080162284686723239337752
 133   0.229237975824891401555573062799   0.521138041178932603864458733858
 134  -0.809107154560475792320958977465  -0.064665900153871741882850736196
 135  -0.447638967479613692587619795315  -0.781038024123596784801105936781
 136   0.815340079947455251469244239486   0.076953027533837668486107729894
 137   0.081105807544165835808968887580  -0.816480255071156226092588526250
 138  -0.639677003197552755421825635816  -0.531340230628759993469972749165
 139   0.009702957142422495799366467114  -0.377899774704637908165027099422
 140   0.579864548636416349767176577289  -0.577444046958215911949296679255
 141   0.005870728627000000000000000000   0.394158721734000000000000000000
 142   0.681270958243622385155953489323  -0.370775221281085302839361036605
 143   0.704348064544863302298800914541   0.522069307633616843321881431675
 144  -0.221388384764633472771974039916   0.786568399616881060155929046536
 145  -0.217186775526643163074873258692   0.658168709944468565677560907601
 146   0.463940522965458763854674285894  -0.505418457885664404052514910248
 147   0.342308369699278330648990163333   0.071951191643932561493764448196
 148   0.454860371297799425578355100749  -0.248768288135515045563405030352
 149   0.832258857625912405695424301977  -0.427788279031831213219063603174
 150   0.344381962599091939114822996712  -0.441918287393158979903905795298
 151   0.352943715496347512648816166869  -0.570101087391781779129006540100
 152  -0.325965465280006608909202521412   0.328958154532888813493146193390
 153  -0.103686160901767424651230379151  -0.930003654730053957740462941643
 154  -0.668898895092424413620447995038  -0.102067631435911461801678715342
 155  -0.104404232103687117508266393785   0.328221814342168047831472800213
 156   0.013156744302000000000000000000  -0.639678024504000000000000000000
 157  -0.551429118952429471077106882869   0.756031444151069688585362117361
 158   0.353108923954163477641293583200   0.737740035422443804787823647866
 159   0.903826841723232152522134012561  -0.242393601306660056722314364185
 160  -0.433466990100859273755676860966   0.528702230528748140734538696088
 161   0.236669843959155991533743517354  -0.771867320447701901004838031781
 162  -0.666325549573377056687034334135  -0.657014368000838815322035577018
 163  -0.889334584433873554642696497428  -0.291104130344510993656525484860
 164  -0.203423932333395656607216842326  -0.781366826963747047929182031894
 165   0.343863563828688174372496981725  -0.313450917641632420639896660204
 166  -0.323287464172788692274186015604  -0.571947665097096214813644512201
 167  -0.104447474319464859348139049521  -0.699465700065656131827961657012
 168  -0.735885902623716957028765094766   0.578039407042012994198589582604
 169  -0.549668975393829975129035207424   0.592872100433044967679487371382
 170   0.680373846218966655630518335709  -0.242309937962299852062595684295
 171   0.815863268615293472976548778944   0.458284567379454864036576582649
 172   0.679855447448562890888192320721  -0.113842568210773292798586549201
 173   0.008626397142512434394322421578   0.779685675383905145988854804496
 174   0.119144572638492143319119080396   0.072184964073564734899066623281
 175  -0.102330645698411439620707412276  -0.185647664698949369615713115301
 176  -0.544741332899343448548978036240   0.464498223933162298184862334829
 177   0.118626176037173223847229335019   0.200652333833844089260863102160
 178   0.230274769027529240499352553554   0.264203301658373895140865776101
 179  -0.783296860062987702722578777318   0.234783601955678647488434957786
 180  -0.658460996531868875204607297461   0.265117428034834465792767663730
 181  -0.214364246370160529770345022056   0.006604445315491964031388212604
 182  -0.101293850326688755406491651911  -0.442582404210755283241518729274
 183   0.119662969239811062791008825774  -0.056282405686714619462729855597
 184  -0.436357861308383032182061260105  -0.122760813696742786121595047100
 185   0.232348358681295723968334722068  -0.249666179270329417871521678184
 186   0.277568621822514999041487118582  -0.893651653583964598697513383296
 187   0.230200300198701271400516271313   0.649602852547494418082107077485
 188  -0.215401039572798368714124512810   0.263539184836050672754981170361
 189  -0.213327453167522690826565531301  -0.250330294205066744692204745153
 190  -0.569941233381000000000000000000  -0.314295262133000000000000000000
 191   0.131380861224491170864448652889  -0.698257783410304018686767314933
 192   0.792076601089728000875427148666  -0.305765657818300224009837978466
 193   0.491243446669838170386019033551  -0.759531054121230178255884532144
 194   0.008666161770699811585150706749  -0.120965035192831994539221485449
 195   0.455378770068203190320681115738  -0.377235657887041604827414165446
 196   0.791558202319324236133101133678  -0.177298288066773664745828843372
 197   0.231134339020815160759949670639   0.778067872687762101000765758854
 198  -0.437703984274723309047894535803   0.265565432545045977936891138344
 199   0.566381892974000000000000000000  -0.312553434094000000000000000000
 200   0.117589382834535384903449844264   0.457587073354402797984456059917
 201  -0.649780949637996496853439473123   0.673381270352352521646985877469
 202  -0.224888404146000000000000000000  -0.654675722913000000000000000000
