   1   0.071188025106486831943465953577   0.142116027604662515820757441655
   2  -0.824537878727713328389693416735  -0.463438246053626228987179878654
   3  -0.328320278796165309485467616062  -0.309491844044776937367618112387
   4  -0.120478668724167779991242057087   0.715627117254120278351421014129
   5   0.136043052315304773490625948041   0.318669928460351491420013318797
   6  -0.688092005948000000000000000000  -0.479595530739000000000000000000
   7   0.643404333636260378670372945759   0.129526332022237882609097141968
   8  -0.417848479780023442145707964796   0.225391728869597426705853689171
   9   0.448308149834883543035717566859  -0.612168092837997092326201793856
  10   0.193696437945373186583146020340   0.621527141039978967450620322931
  11  -0.686314256099828984003285020734   0.125294064036614571325972818311
  12   0.477077050163251316087263551752  -0.009198849545828371227975499808
  13  -0.139596982442000000000000000000   0.825768599379000000000000000000
  14   0.591776906123000000000000000000   0.591733483862000000000000000000
  15   0.201564316106728073276304204892   0.494425031868579790324260660388
  16  -0.157118219211212995514470807748   0.932711952616645691866366407733
  17   0.607453341163492557420101803067   0.343110154718088903275527718925
  18   0.143090010052022474444008238963  -0.285051617787039525512103712259
  19   0.578549306427442437123212951296  -0.047027568833451092990158735174
  20  -0.766159789291827007295278659597  -0.554650248926620370040189510594
  21  -0.316376223515832321109758565252   0.187563009581974704943670453805
  22  -0.346295775032549220110603187408  -0.202699932696851427034402823909
  23   0.033574937489711593861370363536  -0.753099030880194437653781916618
  24  -0.549240287560931462182501986496  -0.127042494121605983510036353177
  25   0.662046066455249647534026779493   0.021935623226851695580873317938
  26  -0.089424773795015246163297674282  -0.598733105315873401558415160077
  27   0.310083530107636895265635895358  -0.147125233666433948370039606034
  28  -0.584841999835637862967335621190   0.087465344748991849563789582945
  29   0.130825728266284173411194551532   0.832297039475752523428401763914
  30  -0.161326758740550888663839959668  -0.171565459924171360225554006162
  31   0.274618278241557763909280059319  -0.802544123100308159404742018376
  32  -0.411817038823972519896281444260  -0.378455036105079725938650165500
  33  -0.620792992308405684217606763884   0.301049167444842870230220159903
  34  -0.845318498084580245752544287878  -0.121169828447408624711444966535
  35   0.219481085567047866239025341503   0.920035746284006571327513983194
  36  -0.357890550114820788020874730220  -0.698830770148856256938296030936
  37  -0.077829998712743678253026131471  -0.102602267863868571654521953049
  38   0.652273679336943667758971607780  -0.684964793698409499515455634140
  39  -0.734597213844000000000000000000   0.356470807607000000000000000000
  40  -0.770392951966439247817549914254   0.056231287011600241475184775938
  41   0.324237006149000000000000000000   0.887543118186000000000000000000
  42  -0.041879006239975857002754988778  -0.316186090559719592320952530007
  43   0.346034522580404716515907038051  -0.360709056362284969036470182991
  44   0.386533332398726404723067432632   0.525559504641259857133109478135
  45   0.029291897013789689007790023258   0.870237337698253690657706623028
  46  -0.292082840453896904625443074067   0.576821506185770987977445664112
  47  -0.143351262504166978038704388321  -0.278357371272096870558769294641
  48   0.429531282608211926926720866248  -0.291745864301982180465438129878
  49   0.368557836162342494097931861286   0.632351415989185367466324766614
  50   0.100441340040598372705792313347   0.533177767330949324493839254919
  51  -0.576294426478441550995561211406   0.624391182202733087272996335839
  52   0.292108033871252984640500324011  -0.040333322318508438036824317555
  53   0.744876589900451499706322345303   0.091697612734615160846913906601
  54   0.118067556078920862865490376695   0.425461839808277001753228607276
  55  -0.048259727394088199717619017313   0.286736658240210747916155965500
  56  -0.250854959724409021324080308401   0.363318112990203003847917795397
  57   0.838419326256012742771439778611   0.162355018811670624711100146428
  58   0.672976451039069985119571212916   0.518863022930366043343793582713
  59  -0.197277751213318709914111102361   0.042018362771679660440876570796
  60  -0.036981908696360569580428228890   0.784590309314423066922453067242
  61   0.505981084899301436384152403523   0.380938874005711625037710954291
  62   0.197016498761174206319414953003  -0.605427351830816056511749577696
  63  -0.429792535060356430521417015606  -0.271663124757154215605434877022
  64   0.614500298900210258373484093989  -0.260611391529302113656589312132
  65  -0.012308734921320378467347874620   0.073152835544359727249725388543
  66   0.459101553926867405462127980406   0.097593061802097139105239788670
  67   0.915242292155915100314115491772   0.238682357980738172400441702669
  68   0.172660281370677952979415353121   0.104287308317039794058574206289
  69  -0.113780991185511499503297274164   0.110981554831982449011908623909
  70  -0.292369286323397488235196473369  -0.523075666740627958034048689345
  71   0.763574245628000000000000000000  -0.015753341838000000000000000000
  72  -0.172921533822822456574111502479  -0.667696297376176190129447213189
  73  -0.393841542587588609271145872913  -0.485246947453005236271865453979
  74  -0.066552180015016048115835343048   0.395251383210343747351775148693
  75  -0.944776564342307719579803336903   0.045110584474200512325150255422
  76   0.531003538872403047962670265792  -0.329574583589604902227621365245
  77   0.877924138015561256888406454242   0.351975750942721121741926155848
  78   0.798410767772170914747118922196   0.425496188555843099183655040267
  79  -0.125375766267783067413568816975  -0.385149282620022380891984583119
  80  -0.555271728516982384431928507033   0.476804270853071169134467501494
  81   0.087103547315272600244713540608   0.640647456450736399591424582629
  82  -0.185999932515591079776920313938   0.539872013845891979447173672538
  83   0.034570796051113652454676548497   0.356498647747974213182196554163
  84  -0.662306782629725888599331591798  -0.585345261575730228023235544340
  85  -0.531264791324547551557366415149  -0.233834405469531493843251641656
  86   0.640354774256526324609954498913   0.696120308889872792363488229862
  87   0.519821845901650359366402940357   0.790204384881189814690901739203
  88  -0.396150371558740832537878199946   0.743566362514133551302261735953
  89   0.632733193046445403959046495293  -0.367359657863419304726090259202
  90   0.277193197973180396993959848537   0.690490333100281756021652376044
  91   0.154684785134294042354279781775   0.211079219664965304391789494768
  92   0.877869434690566020969598186985  -0.073295013624156427237931189383
  93   0.256157041398485163390229181318   0.173250500377342582629606259402
  94  -0.477338302615395819681959701110  -0.554210139513308024842897507092
  95  -0.805763302735090464434251097818   0.269911223086754634622472581985
  96  -0.465743527533124251771688158299  -0.058079302061303194939004300064
  97  -0.853512500965569759916130058882  -0.013186083786122826779217492338
  98   0.781493818955824679195111750383  -0.122685007408696536514525205907
  99   0.016944580012791162294978485150   0.464214575270646535922807201806
 100  -0.679126382307223520940299900679   0.658350270157430388916399742041
 101   0.125114513815638563818872667617  -0.178259706439114015178888423781
 102   0.589477844927108646794966231720   0.449902066066014413608743007403
 103  -0.878746237447092381448197427788   0.349918235498861982248623479677
 104   0.375604793899060195051314152209   0.028629869741794350534207735558
 105   0.652286869951328214089545882280  -0.476108155180849123354974199722
 106  -0.453799472252791263395979107489   0.438975551565448447372284266129
 107  -0.751835519891252283788963277585  -0.050461039371613727578274523280
 108   0.357629297662676284426178580862   0.135421781089719860867423024036
 109   0.237429830991309308926173057580   0.813239335614066509672135415219
 110  -0.312687357340107852658382274161   0.812570391757560362632843076577
 111   0.258989071950208865907815981246  -0.909704557519873170566493999597
 112   0.625428837399876468045237374413   0.236318243370163392942312430446
 113   0.393580290135444105676449723555  -0.078162041606131159799007552921
 114   0.440459821107878136598474146672   0.205183770597483326133463612699
 115   0.274132537634869074015364752665   0.066458589029417072296390970923
 116  -0.073363284811000000000000000000  -0.720777865688000000000000000000
 117   0.219539812343111983901439776238   0.387633120520654279991045371910
 118  -0.059854502476359767627890560124  -0.209394179211794081987737241527
 119  -0.274393790087013577610060902023  -0.629867578088553468367263977823
 120   0.257447118888838370285207996115  -0.695292645160740620600099410404
 121  -0.107400270031399156788433245628  -0.491941193967947891225199871598
 122  -0.226848022531974188449518216519  -0.347320563332399659129801347753
 123   0.817678968017519982111056874534  -0.336287469502255284730584609966
 124  -0.399872983543639531520572393449   0.118599817521671916372638400692
 125  -0.453249262215260438218419364895  -0.769123535183477714465608251451
 126  -0.190897030059206367199247073826  -0.560904386028250679796231924711
 127  -0.287417836735745819454736195509  -0.901126355450889506171807160891
 128  -0.698258311380161972378994071544  -0.371760789590137070985315747882
 129   0.513028042636019137337534694445  -0.222782672241679391894406076766
 130   0.153306934064853350743630823302  -0.933345973007701686935037430799
 131   0.680957040227016528587777350249  -0.580538285558295611352191443947
 132  -0.001030916223592748330157086197   0.571006486618572046256022490285
 133   0.810729394482280398772034825466   0.267049328459585498818211804724
 134  -0.893717346431413532692364906739   0.140612349173159116388689836062
 135  -0.232879463488025110698944737055   0.256526201642277493514702506918
 136   0.097299044275796942110220549888  -0.840659689903542501952969629363
 137  -0.490635662706052652696805775107   0.690649819249336368290127932487
 138   0.111945838948070285421379082907  -0.674643569033169904246454957217
 139   0.059593250024215264033194410766  -0.354014809847342314083135765372
 140  -0.519320736044214563181657364340   0.263220448157220148468036924537
 141  -0.561262585082541331315793352080  -0.761329121962717088684601802466
 142   0.262537762552597506105093209854  -0.429672248422587757607502236104
 143   0.095544242496983085283465553459  -0.567598632543193334749566342330
 144   0.781719495802853337885122946071   0.532496339183464679483270839783
 145   0.107139017579254653193737096270  -0.071467795091188504845673135302
 146  -0.386535918023261394880324703682   0.523847484892659322575450286077
 147   0.045615125585484117951216836536  -0.944752338806249905388553180457
 148  -0.614761551352354761968180243347  -0.302797597529834282414283694769
 149  -0.400013325160000000000000000000   0.631359682353000000000000000000
 150  -0.560932962482357404563229621107  -0.623436984863295220448265102824
 151   0.112876982842022730724046835455   0.939093450145692585083780331889
 152  -0.307569759774676198262283063067  -0.794723673190899177809033772785
 153   0.567211929255022104173368238441  -0.543114761271647603630337600794
 154  -0.817643122274329807740074199945  -0.225867986826860736431990645196
 155  -0.704289752336212894628420592081   0.232085975384540081659188106790
 156   0.089163521342870742568601524924   0.035324116256737005487542153177
 157  -0.208872526295590277824382645172  -0.454112474680325169463016636232
 158  -0.749928450362995247603849766728   0.576407009584560197845772274069
 159  -0.650363263627061162753013878041  -0.088289758659236449340457758646
 160  -0.095805494949127588878161702817   0.004189643484056938678693335430
 161  -0.912984308206633034424917843254   0.247178830668231778431024782099
 162   0.338987564843687015562524747128   0.243012489885106047895646848065
 163  -0.030284231157704289092483445966   0.179944746892285237582940677021
 164  -0.131756487421895410128432845510   0.217773466179907959345123912387
 165  -0.019006412459976658955292657543   0.677798397966497556589237778763
 166   0.426089682689356940264924275393   0.844443783604179192551757909706
 167   0.431422828044541276902614368585   0.720530912415160236288591398309
 168   0.005666761315063532157787696727  -0.033639075803565783083489899936
 169  -0.262799015004742009699789359212  -0.133736740636548638463370770796
 170  -0.382246767505317041360874330102   0.010883889998999593632027753049
 171  -0.215253247449702620539246673707   0.148810274119605170774091859275
 172   0.161065506288406385069143810310  -0.391843529134965035845319000739
 173  -0.727054740735778629922029443410   0.470556056815219423498798262778
 174  -0.495313798851779730307095272457  -0.447418228165382514509682218613
 175   0.560573810191058526498077379950   0.059764342514474417343056553304
 176   0.280513258788981416730228781200  -0.536464159770513267940717524583
 177  -0.352327215988600142360029707945   0.401146832277825725610101030762
 178   0.411555786371828016301585294902  -0.184953952954056670132222841400
 179   0.244562266316213595479957638507  -0.322880337074662247274286947625
 180   0.041617753787831353408058839420  -0.247222898499416803749920476893
 181   0.006947592870839073887965863167  -0.648129438555391945930494027890
 182  -0.435823976016407352770843536142   0.332183640217522937039068977650
 183  -0.310344782559781398860332044716  -0.416283755392702447700833400866
 184  -0.102503172487783869366106485741   0.608835205906194768018205725650
 185  -0.005928013767208035752483846085  -0.529769913255570612987383106964
 186   0.541932077372069257634423546216   0.167355051309860604371280377333
 187   0.697997058928017468784297922186  -0.191648199468999325085557259020
 188  -0.280774511241125920324924930558  -0.026944829288623128130155482317
 189  -0.182529904601147291400928676251  -0.928073572131194115903370082109
 190   0.285061076134535283687118033089   0.563388223928882578895292713501
 191   0.226586770079829684854822067161  -0.216088425726736736941071659147
 192   0.715728306172705635611123062493   0.618361312749438132769283659106
 193  -0.375866046351204698646010301567  -0.592038858800930746605080742458
 194   0.171239433459000000000000000000   0.727513564265000000000000000000
 195   0.596524802663826347748348522643  -0.153819480181376603323374023653
 196   0.465739672990830983137418838898  -0.505286041984024881868154365427
 197   0.173518839737097287596414834392  -0.763730023492430509016290261372
 198  -0.244823518768358099074653787865  -0.240528651984474148796586059275
 199  -0.394101387196607173665699064098  -0.859838251051771137701944368985
 200  -0.179302254976934799288975531014  -0.064773548576245849892338717683
 201  -0.501345239807830652556521792993   0.156428536809294638134821636058
 202  -0.447768031296740341146552586952  -0.164871213409228705272219588543
 203   0.470030092426533615133881260830   0.594522696701562645704141531248
 204  -0.459362806379011909056824129764  -0.661002050861233535176112795570
 205  -0.513289295088163640932230843803  -0.340626316817457004176466930134
 206  -0.897256417964334967056962201115  -0.299280206134434046223020297300
 207  -0.072760360627000000000000000000  -0.942935980193000000000000000000
 208  -0.203975428751974990402055885284   0.646663925193817489780388961016
 209  -0.334351719752216231734894136599   0.294354920929900215276885742284
 210   0.523956581135685347009287974869   0.274146962657786114704495665812
 211  -0.364271271268933130735738758755  -0.095908021348925916701187535430
 212   0.447506778844595837551856437594  -0.398537775649907690798653418357
 213   0.805596964312000000000000000000  -0.228326750228000000000000000000
 214   0.361276172779712372598551561225  -0.874138003031387551185643297984
 215  -0.084527676251399958740970914394   0.502043294558269257684990437172
 216   0.779530651130004095758743741686  -0.535695515485140628487020470333
 217  -0.805517925016534525155249787361  -0.356827401600015182679160360474
 218   0.905585907824003347525759735078  -0.273041910542382506493811558577
 219   0.340058189855379179798642355837   0.778669829526256624843919007739
 220  -0.716319582717000000000000000000  -0.264871943215000000000000000000
 221  -0.733860023654868373163827706237  -0.157252950719539237911489811759
 222   0.709440711804161622954360140289   0.305366864335719222105790653396
 223  -0.632737047588738672593315814693  -0.196005686181908772081068406290
 224  -0.578810558879586940717909100654  -0.516381420225685303080714271726
 225  -0.305527490426234481167290583470   0.684277879572409887365244395712
 226   0.404508828635110315348203003979   0.418767593293334346799894189657
 227  -0.168024436279207169151784742591   0.433080102497966469113958384059
 228  -0.638768488544789594842742335230   0.407841078792768380563435448381
 229   0.208611273843445774229686495814  -0.109296514378811226607856370668
 230   0.930860641288174137290005768016  -0.167738450757802974597282756372
 231  -0.201663665404259245219014573351  -0.772106644882746665541364357235
 232   0.077568746260599174658329982113  -0.460806721195267824416351053851
 233  -0.602817496072021773592471192537   0.194257256096917359897004871424
 234   0.053212528870102921318330382231   0.248907938952588026153972730134
 235  -0.262702904114865042835071074517   0.908639040285896323563277987112
 236  -0.596786055115970851343044672001  -0.409589508877759792747498983247
 237  -0.118121609164254944283898705695  -0.841014958122002435104617927443
 238   0.726901093664067589081186773957   0.198489524082540671180129195080
 239  -0.298750007477509830950060501905   0.079847082059302382203059806162
 240  -0.643557980707971419511215615213   0.539519248875522212069830315891
 241  -0.537296232280598473806792935686   0.370012359505145658801252213016
 242  -0.942932165597520757021349486221  -0.074274170770385523319166268187
 243  -0.668338759863445073378149449388   0.018502152688689060992757529833
 244   0.716229953074252614369860323490  -0.298396465803116516155058206090
 245   0.488005588662917525759016832176   0.487730785353637135370926242769
 246   0.458827374967827172425322722200  -0.827112544544085379902392089519
 247   0.358546557393298846598073221043  -0.734106744768618270988551167408
 248  -0.508663397885028079461587592243   0.797432924460807744393135793931
 249   0.190635777607061863604550924468  -0.002504603030885716274641082189
 250   0.549236433018638193548232667095  -0.436322849923722093297122312315
 251   0.846532477434012448951258334550   0.054365169417154125529316277979
 252  -0.049473902322493645980750613988   0.944558126507333087231119051766
 253   0.690951947275453895744706784263   0.412071111582440533010578294234
 254   0.422484324871494225973338575326   0.311975681945408836466678901178
 255  -0.149382703460217900288130908858   0.325489393702580282085734560030
 256   0.532895084308732397938563768129   0.682702193127537514526408162942
 257   0.567260095844854559801120128653  -0.756870996289423893576772629757
 258   0.680021562691633558159162350840  -0.084856288121073814752341970540
 259  -0.644608272597000223903454460109  -0.692183426745808577306285388733
 260  -0.269496692543398290187734142135   0.470908821785589190876141619425
 261  -0.023903510003591946377619417431  -0.422978001907645102654167818485
 262  -0.010392764203572290682193436878  -0.852066055702090720406485379021
 263   0.023642257551447442782923268073  -0.140430987151491293416705188415
 264   0.835654464253903892736192445880  -0.443079380850180795063799898445
 265  -0.599127563046000000000000000000   0.731343822128000000000000000000
 266   0.328059026344020805890771466704  -0.253917145014359458703254894513
 267   0.064635648936961475442478249408   0.746585288865550880980740470370
 268  -0.832988854245685586305507927793   0.448070630664986424390640998049
 269   0.179041002524790295694279381657  -0.498635440482890546178534289217
 270   0.495052546399635226712399123099  -0.115990760893753881561190788287
 271   0.549780406099074664071666966402  -0.649996812125619814088385029222
 272   0.945788318580396949589062480664   0.011053406666013194123323166483
 273   0.734182207989712771700243046336  -0.405250661562558073301616663079
 274   0.340943878916645580696021824312  -0.626329453100437832029067357291
 275   0.364149739024000000000000000000  -0.467669921383000000000000000000
 276  -0.488008174287452515916274103225   0.561676204180282044337633521443
 277  -0.566866503599253952342200049844  -0.019326566598933660769425705533
 278  -0.925814215373000000000000000000  -0.193659103785000000000000000000
 279   0.321012068607303104937389175782   0.349804401233031558228862136544
 280  -0.483369743571446741931386221647   0.049636625461369127801606347580
 281  -0.414178106737716259302660017081   0.850349467725604927405269597396
 282   0.465787839580663438765170729110  -0.719042277001801171814589394391
 283   0.938181326727000000000000000000   0.120221991217000000000000000000
 284   0.303036572370919194312253604435   0.456596312580957068562077425022
 285  -0.221950924988358901027191456631   0.753455836541743000113604249495
 286   0.237515308579495894526575347585   0.280841209172728769657830083431
 287  -0.787787806498706553809115526471   0.163119311738829124289257293506
