   1  -0.224175941549584892124985812337  -0.277944501324879305583806541008
   2   0.758706048349688694614054321042  -0.332842488051900421042895595990
   3  -0.126036501347363450526633645485  -0.354741587281569395352548161145
   4   0.434415286886811627302709655148  -0.245169236353316030812611697879
   5   0.651802803648000000000000000000  -0.402617249668000000000000000000
   6   0.873507868666437139204758590828   0.340954997415337978010635335814
   7  -0.003536302009785518367863688534   0.937685342453837393809324147430
   8  -0.276693457915191158895574280573  -0.648085158958904465529177671269
   9   0.133302810167694664420002244443  -0.831883711479012184597939524029
  10   0.192311929975079831125245691474   0.355392779951618905153400993107
  11  -0.357394390843412543571758589817  -0.447898281695561735754231423342
  12   0.937304307415384643081199048449  -0.026961865388745670753590647733
  13  -0.281165823130181303348414774958   0.894545743262021411396645912417
  14   0.273012862903301215801430000718   0.155205902688276175378454745179
  15  -0.234252366915123890694838291456   0.416901125339621462450650571985
  16  -0.010458553871141952006113621025  -0.308148881931606845115085153493
  17  -0.206737434275584835202817954729  -0.154554710018226665577601913218
  18  -0.154421912453584664436314381906   0.215614663901731254441011970151
  19   0.521607823256811911913548943187   0.371779720179947169218411441069
  20   0.174873422701079774203077833866   0.232002988644966265147196365317
  21   0.238135848355301101957094285503  -0.091573679925029104633954510400
  22   0.220697341081301045034926427895  -0.214963471231681744640159138189
  23   0.567431741637033182745397537216  -0.075186739696700840568944062437
  24  -0.599295465947664832835718161834   0.152634305717736805510952510020
  25  -0.571111778521855483690630781129  -0.417693901088834196222952810856
  26   0.353713795831522600477614309963  -0.044980974575066554396491502748
  27  -0.410655980679973942291117536383   0.696901153244490883132107148675
  28   0.014342035311319163268369615072   0.633476327346199202931781215078
  29   0.916997290741000000000000000000  -0.195912118892000000000000000000
  30  -0.045335568419142065850449336240  -0.554928464544912125127494409072
  31   0.290451370177301272723597858326   0.278595693994928815384659372969
  32  -0.731916927464135547220049152106   0.586143257383494999181889929632
  33   0.831047811867148202832739191119  -0.434310765783557071209152341852
  34   0.076733982498858332604725667014   0.308800074601656354915937985455
  35  -0.553673271247855426768462923522  -0.294304109782181556216748183067
  36  -0.527469485748000000000000000000   0.775269026082000000000000000000
  37  -0.161115510438969660375054256113  -0.601492453608941915291714663617
  38   0.035163369965473222821650077591  -0.755086625522322094829197903892
  39   0.399538272338811513458373939933  -0.491948818966621310825020953458
  40  -0.590991191195886404027082616592  -0.540714025809874140077518759898
  41   0.382099765064811456536206082325  -0.615338610273273950831225581248
  42  -0.108597994073363393604465787877  -0.231351795974916755346343533355
  43   0.723539572460623735943077517299   0.531951672646932171337874175495
  44   0.301398274009522429711110737139  -0.415150348495024474415105386116
  45  -0.385577807406027661477354430825   0.122429253201806153966085954847
  46  -0.312753060233694651144072735011   0.773999533919665589641096135748
  47  -0.812141859407486073359002966412   0.183937904379481337510409337499
  48   0.031621948654000000000000000000   0.767245995067000000000000000000
  49   0.245003010391102182498766298528   0.726730672557527124389590985461
  50  -0.685851575458414132980040580183  -0.337384035264993770540656145953
  51   0.836747684103550223642569683047  -0.100565585693948198642787252912
  52  -0.534712890327067436317458032416  -0.651898084855959224686812477993
  53   0.504169315982811854991381085579   0.248389928873294529212206813279
  54  -0.173931312332976516828683170497  -0.884042929888073702608676488665
  55  -0.171860419727584721358482239513   0.092224872595078614434807342362
  56  -0.518594262156249216920042312893  -0.047553243454809036277581680594
  57  -0.349830314391345389215358315915   0.370308419989658912213187564333
  58  -0.927616632790182474990129486904   0.137090077889242167063295483055
  59   0.330785426960792202709521200212   0.817121596560486710112071961386
  60  -0.634172209632470715440562337352  -0.094145948804771586515044688247
  61   0.486730808708811798069213227971   0.125000137566641889206002185490
  62   0.440906332209175695170803654683   0.571967981939213071375228942604
  63  -0.038843964977363165915794357446   0.262207369251693804678474977803
  64   0.231442250369916106018354411296  -0.908680797435702274366681144166
  65   0.932602436061620252584121270869   0.097565378780621917994532527113
  66  -0.447969754593566830813710482768   0.447105505946349001981929184471
  67  -0.073331954544737162048104735285   0.834449161674689318498897209595
  68   0.515116219815033011978893964393  -0.445356113616658760587557945806
  69  -0.160063674421984835580667417413   0.923929611504690090083034456200
  70   0.112481475513540604866721781923   0.556679241389509113163039594940
  71   0.325328384725301386567933573542   0.525375276608234095397068628548
  72  -0.314953299843345275371022600700   0.617088002602964192225596819913
  73  -0.062976070236748218776702089261  -0.678289539565632005060456283754
  74   0.748907690899340497136097848782   0.338970599508525947996503014095
  75  -0.937605292073865912810005900168  -0.012752378592063343058248985432
  76  -0.616733702358470658518394479745   0.029243842501881053491159939543
  77  -0.833377650738542761052924298716   0.055553850379531048694917758238
  78   0.480239205267032898134558249177  -0.692135696229964040599967201385
  79   0.584870248911033239667565394824   0.048203051609951799437260565352
  80  -0.565246748033356988031782048037   0.404971802757950516067457760007
  81   0.677863255703480850895981973997   0.647894832092178411306545328957
  82   0.532554727089033068901061822000  -0.321966322310006120581353318017
  83  -0.867023856557804761930302431795  -0.357121742609303912256679837322
  84  -0.749952151652298309965167257226  -0.140709937868801376679264942791
  85  -0.803177781998754767043341883684   0.483912964682943252763709026626
  86  -0.455533831045633985170110756670  -0.371101195738871645985489803204
  87   0.157434915427079717280909976258   0.108613197338313625140991737528
  88   0.203258833807300988112758570287  -0.338353262538334384646363765979
  89   0.469292301434811741147045370364   0.001610346259989249199797557700
  90   0.665571181839254624343749704068  -0.151983825653390930337685682575
  91   0.700448196387254738188085419283   0.094795756959914349674723573004
  92   0.185820326533300931190590712679  -0.461743053844987024652568393768
  93   0.459723660851599995036056984240   0.695155035956295736432891250346
  94   0.255574355629301158879262143110   0.031816111381623535372250117390
  95  -0.526233928156195440811637560843   0.650308447894528332894644141024
  96   0.343449609567725924034319055542   0.650327732527696924370006833234
  97   0.122557900879079603436574261043  -0.138166385274991654871417518052
  98  -0.298451503983311426732848892586  -0.888928009826878030599758867631
  99   0.776144555623688751536222178650  -0.209452696745247781036690968200
 100  -0.322315381751806333723337979189  -0.201147415368189215815064920870
 101   0.139996408153079660358742118651  -0.014776593968339014865212890262
 102   0.336275288557522543555446452355  -0.168370765881719194402696130538
 103  -0.199375352367123776850502576240   0.663680707952926742463059827564
 104   0.307889877451301329645765715934   0.401985485301581455390864000759
 105   0.070242379057079432670070688219  -0.508335759194949574890031401420
 106  -0.474495792022000000000000000000  -0.496463964416000000000000000000
 107   0.064073249568091334447616387697  -0.935500361076605787420524223109
 108   0.557210461061202267169621833338   0.616717191391625128551315497344
 109   0.126920030633779691038575684338   0.686911681783319762189574830737
 110   0.737762389406816772967845092218  -0.516936258768725617849894795368
 111  -0.027897061145142008928281478633  -0.431538673238259485121289781283
 112   0.105119393605079546514406403435  -0.261556176581644294877622145841
 113   0.455374829272020122495158075232   0.819695109019294591978243585282
 114   0.416976779612811570380541797541  -0.368559027659968670818816325669
 115   0.318836781283522486633278594747  -0.291760557188371834408900758327
 116  -0.783991015660635574578392747035  -0.260586949308303680771914525816
 117  -0.658317010847832066274769303622  -0.667746224334552174435346602352
 118   0.691951652202098658056811053190  -0.632826372632699795178134911788
 119   0.717845318426059825119836757779   0.218288077364779633693844539436
 120   0.576027789703626567034875162895   0.739904245408707793608977805085
 121  -0.803505146836234298863002271398   0.359297416026654673591714832235
 122  -0.269999859929806162956834406366   0.169021958551768704203548962499
 123  -0.669423221560944451917855270585   0.478330090946690525009978079414
 124   0.624309469390000000000000000000   0.301058358317000000000000000000
 125   0.087680886331079489592238545827  -0.384945967888296934883826773631
 126  -0.003096471962680893653798242537   0.510086536039546562925576587288
 127   0.553874381039899230621645426398   0.492145875653466100942719337469
 128   0.497677712541032955056726106785  -0.568745904923311400593762573596
 129   0.243071391238225441328949744702   0.905639335301966806696076002075
 130   0.406029317653522771244117882786   0.325188399344891365622122380621
 131   0.228059422989762103387241806383   0.603271946739471663400502602592
 132   0.882899768929000000000000000000  -0.315838705173000000000000000000
 133  -0.651812711450076868366815090374  -0.217507023825491466448006562929
 134  -0.896162761457150895248883094596   0.275968497952517005735236248447
 135   0.549993234363033125823229679608  -0.198576531003353480575148690227
 136  -0.101235912164902335252150409389   0.586883621996236652694318207426
 137  -0.696641160164647505397558781932   0.230721775628662871695995965910
 138  -0.317607572198893986894772710056  -0.765793176472686204253450848780
 139  -0.368139300132027604555186573218   0.245819044508458793972290582637
 140  -0.339753889025806390645505836797  -0.324537206674841855821269548660
 141   0.249082752187522258944607164316  -0.785319722414982394433719269485
 142   0.815984758628281266718188924631   0.141490991408089543925102919298
 143  -0.021405457703363108993626499838   0.385597160558346444684679605593
 144   0.209750437249079888047413549082   0.478782571258271545159605620896
 145  -0.241614448823584949047153669944  -0.401334292631531945590011168797
 146  -0.872683864987226776610104876181  -0.119121314093359221122746917985
 147  -0.430531247319566773891542625160   0.570495297253001641988133812261
 148  -0.714873142560692100116746646598   0.106040928458571143259901559680
 149  -0.678998331871642993029928270453   0.354082517943502254291016903305
 150  -0.073720979525363279760130072662   0.015427786638388524666065722224
 151  -0.687590038044021563975481569257  -0.461987887061329053154924766390
 152   0.601926675626708309739278124303  -0.718992756607223545546704380316
 153  -0.143475008621363507448801503092  -0.478131378588222035358752788935
 154  -0.259254950641191101973406422965  -0.524695367652251825522973043479
 155  -0.580986209343788386256398364835   0.277123009289733811738261549030
 156  -0.555671637722658446919709048169   0.529219375761138786786418936116
 157  -0.252561352655806106034666548758   0.292411749858421344209753590289
 158   0.602308756185033296589733252432   0.171592842916604439443465193142
 159  -0.332391807117345332293190458308   0.493698211296311552219392192123
 160   0.266521259461522315866775021924  -0.661929931108329754427514641695
 161  -0.536032769430249273842210170501  -0.170943034761461676283786308385
 162  -0.304876874477806276801170121581  -0.077757624061536575808860293080
 163  -0.184746480993000000000000000000  -0.733367798644000000000000000000
 164   0.059295475224858275682557809406   0.185410283295003714909733357665
 165   0.364661257790811399614038224718  -0.738728401579926590837430209037
 166  -0.483717247608249103075706597678   0.199226339158496243734827574985
 167  -0.287438367203806219879002263973   0.045632167245116064197344334710
 168   0.041856967950858218760389951798   0.062020491988351074903528729876
 169  -0.083797404890902278329982551780   0.710273413302889292700522835216
 170  -0.216813859641123833772670433848   0.540290916646274102456855199775
 171  -0.906722728995564041223330365990  -0.238998325532861525215396501010
 172  -0.060542507252282899437353210005  -0.935735492380342487498991210555
 173   0.283959766735522372788942879532  -0.538540139801677114421310013906
 174   0.371152303105522657399782167570   0.078408816731586085609713125042
 175   0.168381819259300874268422855072  -0.585132845151639664658773021558
 176   0.798655736775557954189266567295   0.018085776217351019759855834958
 177  -0.647729338550697767216777052347   0.678021394105931052852657279521
 178   0.451853794160811684224877512756  -0.121779445046663390806407070089
 179  -0.812012061746938028655483273329  -0.468937862048013375404874631561
 180  -0.091159486799363336682297930269  -0.107962004668264115340138905566
 181  -0.056282472251363222837962215054   0.138817577945041164672270350013
 182   0.683116416064000000000000000000  -0.028609074998000000000000000000
 183  -0.501155754882249159997874455285   0.075836547851843603728622947195
 184   0.648132674565254567421581846460  -0.275373616960043570343890310364
 185   0.006979953402858104916054236583  -0.184759090624954205108880525704
 186  -0.403016314680027718399522288433  -0.000960538104846486040118672942
 187   0.024418460676858161838222094190  -0.061369299318301565102675897914
 188   0.388590810379522714321950025178   0.201798608038238725615917752831
 189   0.052803871783079375747902830612  -0.631725550501602214896236029210
 190  -0.526045646988000000000000000000  -0.776235810942000000000000000000
 191  -0.118674419438902392174318266996   0.463493830689584012688113579637
 192  -0.080414577510748275698869946869  -0.801679330872284645066660911544
 193   0.120834603431771993822276180643   0.929873811599273461788979358719
 194   0.820582570493124052279019912016   0.453773679148065854866853673600
 195  -0.437893329228027832243858003649  -0.247740120718151766052527928522
 196  -0.465408261867566887735878340375   0.323715714639696361975724556681
 197  -0.420454821954027775321690146041  -0.124350329411499126046323300732
 198   0.613255660017254453577246131245  -0.522153199573348850356299565944
 199  -0.418469214246000000000000000000  -0.839136167431000000000000000000
 200  -0.415747012401115428493124876908  -0.688996090515996114484709228643
 201  -0.189298927001584778280650097121  -0.031164918711574025571397285428
 202  -0.374832898117412600493926447425  -0.571288073002214375760436051131
 203   0.659055431445245602014469329300   0.425317073701967447487264973752
 204   0.350479752670000000000000000000  -0.869513009765000000000000000000
 205   0.423469296552596151738711896698   0.448577982659871887317970901090
 206   0.462800697993032841212390391570  -0.815525487536616680606171829175
 207   0.151477262948919168675418633613   0.809084037394828349004020714708
 208  -0.420000024382000000000000000000   0.838371102194000000000000000000
 209  -0.136983405179584607514146524298   0.339004455208383894447216597941
 210  -0.188909902020958660568624759745   0.787856456324726768261434201944
 211   0.150943311985300817346254997464  -0.708522636458292304664977649348
 212  -0.741048586780919433662723986009  -0.574554870238410597840154725355
 213   0.911005727232388149619926473765   0.222114546652087425860867098817
 214  -0.732311649834692157038914504205  -0.017348862848081496746303068110
 215   0.094172489772858389526893524622   0.432189865908308994922142613245
