   1   0.476982834749950765164355234494   0.816013268092595706371340786039
   2  -0.138118697167364591356551193103   0.935047327059998148387840109898
   3  -0.386885060957747777383733383236   0.138255167055808652484034992071
   4  -0.907908137961661678095219082641  -0.262855647404132479775588467017
   5  -0.080991788369483649837026014539  -0.512190414176930390036492273638
   6   0.652979974206296811886231492433   0.017304611766988676557208867027
   7   0.031444475211567430026437652789   0.731151668559568041767924649033
   8   0.341220506530265690247750506503   0.881452689752822878402008280621
   9  -0.014521769720886969748655701982  -0.721097511856958600698938168281
  10  -0.335949652821000000000000000000  -0.650854329370000000000000000000
  11  -0.560219833574213755030415547433   0.370765155458687362417048538230
  12  -0.007054431600793423168264392153  -0.431150912018813990393293136394
  13   0.932447194440409485491020925282  -0.154701350768073447477181470001
  14  -0.116239391660311317777204611425   0.569133291876630626559451683181
  15   0.347343899286781797354631186695  -0.605840846820602816177488563056
  16  -0.825288038675129140118014271816  -0.079292288292027522234596784090
  17   0.458836518724713514813546318079   0.706962437915128177275675398926
  18  -0.228823583616640677875788299922  -0.674073826641604003101857557184
  19   0.222443506097774799173355002329   0.102102044582304082346981153514
  20  -0.391322905516783516176475142711  -0.860381695509126829463147165576
  21   0.133162175153795878450509832483  -0.559079206275627757043850858926
  22  -0.287466185978899164958714479860  -0.175196527566586596956600297592
  23   0.016032353648200986446611679856   0.945057269156613772705559094507
  24   0.711774561708208165194601003367  -0.477317728466618802548798111148
  25  -0.823375548865835941536545806081  -0.464158360776945094892833052102
  26   0.568248740316417328908868984548   0.755303678978238670218342460034
  27   0.572289953226325431932649805455  -0.752246294630600066532236356275
  28  -0.357901706012824862575747835436   0.738723565156664572750690194879
  29   0.059320241717856504548688700376  -0.640088394617096464648087341852
  30   0.265665259995077270714100444350   0.802039060882784776030482731660
  31   0.636389625488523640621900612015   0.412327967360810643763433810553
  32  -0.083004343334610927535257820021   0.464679707485813235451535907612
  33  -0.618249568431135282642048153928   0.582529423606473774327802148359
  34  -0.488301550162721168321162600883  -0.809290970206600547920722915110
  35  -0.764101196769475191376365871579  -0.556362866701861284911038965865
  36  -0.009162409898671553633436687914   0.545688895827281943055772390538
  37   0.744914186701157702669607304493  -0.581801626674083885695676541035
  38  -0.024850082418454266589187145819   0.253474734888466532501218168689
  39   0.247925024307933184929612283319  -0.292389152198207566736853273393
  40   0.487010882530581965713759414027   0.251870945707643459319143125864
  41   0.943030738007716431352003530638   0.063900747428171802570748730107
  42  -0.256579182357357862779504833530   0.696904120763074393297325870236
  43   0.166397223479496268692456623887  -0.663532790666445148151766634496
  44   0.570831134364748626979466864351  -0.352998005898330565388405747278
  45   0.438272634392950477079441659849   0.064937586931529767199107972273
  46   0.454584462163721170985463743337   0.356578380933098610802597191286
  47  -0.154907685959406232148597515746  -0.593132120440001764918893612684
  48   0.255583131090724336648361303454  -0.002381853625161000799897276373
  49  -0.106473306579642035593283295529  -0.117699217396418740952657846732
  50  -0.539931361617235981915621194321  -0.712598249185458000930310202548
  51  -0.817477277791974589612510139607   0.392065519617752547943835976096
  52  -0.534716856232982507827059904877  -0.023628245383224426531208494937
  53   0.821017827422782309316615400311  -0.468316138311751710434912395483
  54  -0.330421115793297236681325965637   0.615894932421605685693089387311
  55   0.057212263419978374083516404616   0.336751413228999468800978185081
  56   0.772313226043945318861003765871  -0.287581861748993184155097509258
  57  -0.468437606247083432877047302627  -0.232596041798154592824965354712
  58   0.549475491204135178701461569730   0.645320760478706209976082606437
  59  -0.583129776501290923458033048813  -0.498963352470293289042673908745
  60   0.529317552890575655227549503249   0.436766190977474976369385048780
  61  -0.065675574803901346399527974269   0.067824182969162741837419720400
  62   0.374537479276676133821818115479   0.777025207468147477961712803117
  63  -0.114131413362433187312032315664  -0.407706515969465306889613843751
  64   0.164289245181618138227284328127   0.313307017179650785297298892437
  65  -0.689402040846000000000000000000  -0.187722660737000000000000000000
  66  -0.073333681586692498118276994404  -0.222183115603883824099536276619
  67   0.471412259385900014554447960975  -0.039546311275935315947770457615
  68   0.706429380480910612424262403890   0.496646129401427107300526797395
  69   0.726895871843914177107894753253   0.098246317986505216064830610531
  70  -0.156969460713007544820604949596   0.383513053773974527934615889210
  71   0.929291309843294353247585333653   0.172649760495031109183420532732
  72  -0.634135731211831120252078808254   0.289823449239170822909426794726
  73  -0.575493128877650335573716864572  -0.209053849810206049185708668328
  74   0.619840349213347274411225191307   0.121788509974453759704087296914
  75   0.000603675181997728550484627982  -0.141143613445767424456337139375
  76   0.131149620188668600752278027002   0.417790915387115868444177322325
  77  -0.453164310943646852333745985487   0.347222963470738818777791851847
  78   0.115366524336135035029587078818   0.125546440631652765850660446158
  79   0.561743973257436449955845173940   0.332058755752019824885930983358
  80  -0.757837891974402875569624446857  -0.273923814850061504086422832586
  81   0.355002006069572949073380206830  -0.315833548247556250240532566036
  82  -0.346108788313079949637076423542   0.323680771482790275138535165463
  83  -0.371123424236287073108140796618   0.430401845872671894941974474498
  84   0.082226899343185497554580777692   0.230030338839117848997538876046
  85   0.273501965850842423452810054588  -0.686850035162071523781725045981
  86  -0.646986884247802884612290756267  -0.689056057197509457291053516164
  87   0.181645774322034109979599681069  -0.083421355783277400443096413617
  88  -0.246689913334231337212057520165   0.010229076860395025697899875800
  89  -0.313812801936407684584279341345  -0.782874898566789826839125154825
  90  -0.657045674138908288679696309633  -0.579905058689809828550295652249
  91  -0.221186935993000090008701877610  -0.384164323981516763250357157367
  92  -0.098815199796850883874534275394   0.172308081176627824984298150288
  93  -0.932619847889000000000000000000  -0.152440294833000000000000000000
  94   0.051073788811622940990206665890   0.838993264323410142857280903612
  95   0.281064649300882722404618584445  -0.396873050405672649883731703280
  96   0.760491219001312159823007815095  -0.006656110290263457687292262443
  97   0.430612902181987868031554749095  -0.225077136649552156542738540706
  98  -0.139612931572591573068289596654  -0.013215319188953657805779416844
  99   0.321862381076623411598373905705  -0.211349650040091167093654136149
 100  -0.402158356261184357927034700376  -0.441563838213084759118722214487
 101   0.314204274293832259879624885570  -0.501356948613137733030610133168
 102  -0.616269401522318163320373824268  -0.394479454237187671840208841720
 103  -0.040194056593742960643270693278  -0.326667013811348907246414706507
 104   0.820211102858842680238594136809   0.183449212959412407624111081886
 105  -0.690185299131857826154702610759  -0.475421160482344745403417222361
 106  -0.427661333602415605130390342932  -0.047170437371172970170465181320
 107   0.107708417553343883310838058683  -0.164460857941393800086295550861
 108   0.041429167567444808360825456432   0.044506938473536366207461308914
 109   0.397473277189038330556548447970  -0.120593238442087073395860110818
 110  -0.068928066856000000000000000000  -0.942606282107000000000000000000
 111   0.247271978078571650603386419690   0.693979785900758368815160951831
 112   0.421281256055472024023392809081  -0.524801344662486416534289425812
 113   0.840507477950521724893217055884  -0.081572850963321912870232196431
 114  -0.264046442474647308964372873107   0.406957449823323211438295181854
 115   0.563171402153786017931579953596  -0.643012729479412489130252260257
 116  -0.709214496329487898639877462946   0.208505763528499090916706008225
 117  -0.394521708609466067655384041806  -0.151654335578638053317343611208
 118  -0.320605810971848702433720780986  -0.070712629359121513809721867704
 119   0.405133009400000939604435358724   0.169421485138994850345986402160
 120  -0.149474439986011708019151402829   0.673586876267448017667367458751
 121  -0.541182767158952809054406764978   0.663894753448887906264806492195
 122  -0.172752556565541110543295897780   0.091268579018511425341099013044
 123   0.686119599199246349361237793558  -0.087179286440476406589669562861
 124   0.097914571862968210510331235597   0.522244499777933259552093097894
 125  -0.725305091061702185338717715873   0.606071615594422317967058834743
 126  -0.748827901494116313220399028769   0.023456138592672660747304877831
 127  -0.361382083616516530180377740681  -0.256138233786103136464222041096
 128  -0.295102833630617455230365138430  -0.465106030201033302757978900871
 129  -0.075632506550072334117330270722   0.754596064608916725271603941676
 130  -0.312969163320130412162070122416   0.219196873275325191991656735575
 131   0.207127292532192495735856962059  -0.477912552563789049526930840524
 132   0.298054402210189718131529544594   0.192858456180308176044775178844
 133  -0.147271038355382724787038616789  -0.303222617762000223742735413863
 134  -0.511318571859803513279816659689   0.558427936068085521728109590770
 135   0.280507026404272040845333211095   0.589526201509940977707245176262
 136  -0.056003192950016823153561257621   0.862437660372758826360960196255
 137  -0.856515173858785479011552107206  -0.359674462569480011745954622215
 138  -0.567856481225932045302066206003   0.080855652824240656615669934951
 139   0.530031777160836480456573652472  -0.538528831271947405983373830369
 140  -0.641772378863549410523729466823  -0.000086053395275882891951808553
 141  -0.261963208609590215368024362976  -0.569589928434138919960443967897
 142   0.148506149329084572504593379943   0.021062542424187682703782016271
 143  -0.435297981254133895402041001501  -0.337079940005619675971843784599
 144  -0.004612723099298597943310323019  -0.830262206352717800446357796437
 145   0.008289542574495270885819155307   0.148990836681001449354339738802
 146  -0.049864718341661390060251518895   0.360195809278348152304657477725
 147   0.364333652196088793081542146845  -0.016109340234621990248981680931
 148   0.346978748483844278658364684522   0.380626457736341553296304141083
 149  -0.509213878891751260623704262322  -0.418021646225136215479465528103
 150   0.750427364399154310973601600480   0.390468692098297781198327264056
 151   0.356010860708285210437589451385   0.668988713015010932758167984497
 152   0.206665092968332666943512078988   0.508517013168472270103008693337
 153  -0.245444361504606997556437482804   0.912769052802982090536343381785
 154  -0.297186067467596846439379174232   0.511441348030788294585173611742
 155  -0.674912003856498947998735767949   0.104397844812189200254926621335
 156  -0.649409026515267700795380125393  -0.289995556029722588693330411832
 157  -0.279829538327180874687063821291   0.114712975067860108844778305688
 158  -0.460800958595365142605396644057   0.057313460836292112976413248567
 159   0.033743300174947266025490929107  -0.245627511653232507603215569263
 160   0.814660123823082865077257838388   0.479290268002404371021241020438
 161  -0.131954824789800421349540576520   0.276791979384092908131176580175
 162   0.601259466274404631419979430693   0.229815684882023017385814385166
 163  -0.213550288341281799737051219040  -0.094254821347070057448978554088
 164  -0.478178946866853975804810358564   0.453944037860620438581231160882
 165  -0.827009819067192884694238575246  -0.188892266401435717795478533879
 166  -0.944157952285000000000000000000  -0.043419878090000000000000000000
 167   0.289945158902202684370435741198  -0.899623300708932143094583648828
 168  -0.600996106218881582777072507128   0.185339551031705739762548364839
 169  -0.585234469497420878501479920509   0.477486229848568982220487847265
 170  -0.922356899690457697049928680924   0.206513989702064181939956956602
 171  -0.741194610387440694615279233048   0.313350372517905793743204158410
 172   0.675905118505491822086034868768   0.310084896490813836263317212360
 173   0.615451193957888144929163489964   0.557786045219846287664803787743
 174   0.793973725453471544588601730016   0.289876276041080554634859115972
 175   0.074568792560394345835831757558  -0.059976959733928716939417120973
 176  -0.420024685950697314858739684362   0.242739065263273735630913421959
 177   0.399866957502166469602728853139   0.568530948241415811782001427877
 178   0.463752527174937405506561050221  -0.329561034857017239689616970594
 179   0.024072638427028836608510103491   0.441235311436464551947856614968
 180   0.851760273531394428410707319964  -0.363101967514466374310083240947
 181   0.726728938357167417842964608260   0.604363573111022031676521577713
 182  -0.410791446582345336728966799516  -0.731784173264263545296700904359
 183   0.331194027203139255606535845719   0.088374557972843092897896748957
 184   0.645343326554578521614580833863  -0.272604890867458029244169736253
 185  -0.047852163314967127014765582189  -0.616674312364867997242637141437
 186  -0.549990151508341385983026747687  -0.603447250677758372189552338633
 187   0.140690389504000000000000000000   0.720393442353000000000000000000
 188   0.173430044642632276701565287583   0.612970597559289661210924468906
 189   0.512784826582780371714555629361   0.145330701962402303343343983298
 190   0.603970759357698164454473165477  -0.457481904105795648535284177165
 191  -0.223344134031657472537558042126   0.592450536372257002189410094667
 192   0.612203701561628984139574532737  -0.168120992659992946097291306365
 193   0.100022550160846340975503531358  -0.454595308068162673896972429038
 194  -0.032535949810951808924521673143  -0.036659715238302341309458709488
 195  -0.254326560985949627483708178735  -0.279680425774051680103478727479
 196   0.102464241197335750368201549942  -0.853706682169390347418838308677
 197   0.454420881048421561498399110206  -0.629285242869951499681167855700
 198  -0.239031806551440185493308500031   0.300236375433441591634855872819
 199  -0.328242458623566992705371439555  -0.360622131993568219611100470983
 200   0.306737014176542813694756845992  -0.791303619552888914889640821550
 201   0.173987667539242958260850660934  -0.373428654356323966380052410636
 202   0.380578947612482187596577978099  -0.710294431211420207285404338625
 203   0.579064076568679446664568231612  -0.063637094452527862950412876477
 204  -0.543235676242142434856463597517   0.773489029273847890244037489965
 205  -0.404263049229236610583147097743   0.534885744080136978088852904386
 206   0.196651886476000000000000000000  -0.790035062155000000000000000000
 207  -0.289081396838689806507255287871  -0.899901230330889844533691021036
 208   0.496892152167886942981567351346  -0.434044933064482322836495400481
 209   0.719259224192195886836244094683  -0.191663184647941489736547992749
 210  -0.692165466068752647863711414748   0.501587717386957234820180404855
 211   0.944087436686308469302889204321  -0.045707660630717150019226841008
 212   0.828867240000543375564124095262  -0.190566553507449002116598688553
 213   0.026085193392156114306741908972  -0.535634810226279073540171566282
 214   0.273039766286982594660465171518   0.299579530570189795848214487880
 215  -0.204217277110890848632294639654  -0.780889787103729439515913074339
 216   0.698397328406327953639340505051  -0.368523567968509723662719252762
 217  -0.269282465570446440640907866648   0.805779032128867535715823327541
 218   0.066882925167896803500497230233  -0.350111409860697590750093999151
 219   0.545924451575729909189561930487   0.040846803754937220196465553410
 220   0.421444837170771633510457442211   0.461062279140563693949475621173
 221   0.506705295638842553949969236946   0.544021985931792920768072130359
 222   0.240266917525142033210863263184  -0.582396450771254132673809270412
 223   0.140848042546293420785844359808  -0.268944756148858883233173980749
 224   0.236135613526000000000000000000   0.915217149569000000000000000000
 225   0.189303881104825261698348701203   0.206585942789769165493859583402
 226   0.864671469751003707824634563374   0.381750609361525961459256118973
 227   0.214785399314983647454605982194  -0.187905253990742483589974843505
 228  -0.190109085705957082295611250721   0.487996951981439611081494319098
 229  -0.749459651228218576314882545261  -0.383216654557428555385211308599
 230   0.392148682150336735728127387178  -0.860005633375160795277335196213
 231  -0.892245545427564989556394131930   0.311910508021009727737733364334
 232   0.833950531023264758343012333794   0.074700199892553101011439279261
 233  -0.369018731240157118064693924921  -0.546047736446190376321187281513
 234   0.040675373925000000000000000000  -0.944315662435000000000000000000
 235  -0.608632753870599873048723165698  -0.104569951602740966038830238440
 236  -0.113543203875331269231449872458  -0.842479820162444619869225546895
 237   0.906382880479148850415139834292  -0.268067812919750369161005759142
 238  -0.667470693621000000000000000000   0.394744195609000000000000000000
 239  -0.816025160224372542264865533167   0.233135051127519019895789160318
 240  -0.431743639448764236477568967543   0.657714376815195865146453711953
 241   0.637110384350647701929479466602  -0.561965802313260731682162607053
 242   0.670250009343597239404485767727  -0.666449700520725814829041036941
 243  -0.799310262285000000000000000000   0.123532806918000000000000000000
 244  -0.205892181558490648018302198905   0.195752477225976508487977442931
 245  -0.180410663348332262262044917915  -0.198738719554535140595856983975
 246   0.064679523537267820268384444193   0.626698084168750650660008873463
 247  -0.352656630111941614874511836465   0.876939895082523034722733425249
 248   0.183842191163158992541409620411  -0.927142020996560061955629084294
 249   0.903053932437923217597592926860   0.279076823576699256194168566818
 250  -0.476074253870724020761363486867  -0.522505544458241832681930595129
 251  -0.353745435964798239908727082111   0.033771268848343569337156562184
 252   0.504551884378849552029454262101  -0.144030209483400399094648887502
 253   0.239900141294033057185458870392   0.404063428777654878995092917767
 254  -0.440260951306051809544437735207   0.811056645030476982045605348909
 255   0.465990615586276109629948519285  -0.778996445033692087673098713288
 256  -0.042397458224371943875383479318   0.650142480218099334163688166107
 257   0.537691509371799089504460563225  -0.248514107690865482241527317390
 258  -0.188047311000050552533695576485  -0.488648222188981846397235587255
 259  -0.493940583588314680080402945182   0.161797359043757196123291678455
 260  -0.501577231240032970352053603752  -0.128112143590689509678086924824
 261  -0.858427663668078677593020572942   0.025191609915437560912281645798
 262   0.160525176072915722291500208947   0.833033939203921600836012110044
 263  -0.801774039998376332104738509746   0.500548366428199766112576168699
 264  -0.123208797365000000000000000000  -0.703991706936000000000000000000
 265  -0.542353503884700798098710563447  -0.313537748017671132332587098216
 266   0.288722756083673874123367604580  -0.106865751832626083946775706261
 267   0.092555290043556894790635491780  -0.744541979007913855756003117421
 268  -0.182952060322410629326633776642  -0.927318080257816571080438599858
 269  -0.159924960733000000000000000000   0.827555997051000000000000000000
 270  -0.715688276501166775745392727644  -0.081027759614792422399573552057
 271  -0.527080208581264217555409246308   0.266281257251222279270170108343
 272   0.314552328116983483930069013831   0.485333892961796704779758206505
 273   0.651872323354434314055008663014   0.684436083497757403787061595418
 274   0.388141631062522486548386507956  -0.420317446455021333387410995924
 275   0.713156443679492099003476556268   0.206995331053364522677502413156
 276  -0.940063564926058879992087332773   0.098340084643886665152853196269
 277  -0.648113763730284578416638259217   0.687996240987276158864499049785
 278   0.125337875618976950891185834097   0.936846142802850619905074582577
 279  -0.442934628877774483286357185742  -0.626989442665706915828809025017
 280   0.380118373476793816133370985648   0.276142559528876470149425711195
