   1   0.525071785237344405534917365660  -0.783854946401304140969469688741
   2   0.874710187795958826013882215408   0.353569008845630809108267050046
   3  -0.105062209618648057913449418514  -0.263119880726263026351691140314
   4  -0.832697302963541605930687723764   0.155217289535757832354893288025
   5   0.592086906328752445041807902166  -0.692788271914060377145851063223
   6   0.868816300070150593818976141639   0.059218104873752780786897072720
   7  -0.261170868564605744632497242835   0.703545785821236700523055362172
   8  -0.046906866041548043227069811801   0.440584898736570827667326966380
   9  -0.167505673197031132601068548242   0.123546385892736864398207460681
  10   0.502231310563293685590525553222   0.231631124555422883936721167774
  11  -0.341570073334927804215163067129   0.492186777258680725010309025039
  12  -0.111763253145334780038345345674   0.837858317744286838849498605703
  13  -0.002409482663000000000000000000  -0.544166384867000000000000000000
  14   0.207556738866670687969690531380   0.283303515933182942567971739154
  15  -0.551545955856702445619350975147  -0.335223381738487146902879286856
  16   0.744638614138000000000000000000   0.258746140152000000000000000000
  17  -0.752691244239202743123242248143  -0.568845187635233631697856255367
  18  -0.297082350948483714422590631967  -0.492504764541875032002234514082
  19   0.198578868270701195522167184097  -0.015709121657594990563350729910
  20  -0.936880286031303388559773074677   0.111284708275784516294043334779
  21   0.229800600059892732865976748961  -0.209042254967094935938300030407
  22   0.484275569371354700695478858655  -0.366394150626132982325923770353
  23  -0.319326212141705759318876849548  -0.000158993641597153495962744521
  24  -0.114040080214617550360972765797  -0.562132518317040959483013609377
  25  -0.328304082737675251766400196831  -0.299171631232375086627285213585
  26  -0.185461414388970117496115242808  -0.474478889288819001864437477446
  27   0.390599009600536852031308397549   0.213675762158017015087192643859
  28  -0.634722096013036587801746337497  -0.242313247501851919604435782014
  29  -0.936499760438281559496931033518  -0.114442803833026405404961894852
  30   0.033492338728774016355596012494   0.651943907299126803180073303513
  31  -0.288104480352514221975067284684  -0.193492126951097098870912045019
  32   0.271157180418687570284469341298   0.903660743950687852479755049142
  33   0.902908075772263752165683224242  -0.131696115333346027939895770343
  34   0.238778470655862225313500096244   0.089970382623682997193022438657
  35   0.095935802307157091043215142221   0.265277640680126912430174702518
  36   0.676757252609364193710275854835  -0.169924187620699858975587284357
  37   0.290854389136309965719948491270  -0.897514724653733627789276342570
  38   0.693213035972778494826451673719   0.466866254510033633719903585157
  39  -0.337281953333644744213923544114  -0.598184268823153019758607682649
  40  -0.649436942558310377761059948048   0.354861888755172783832568345725
  41  -0.238927007371383699736211025253   0.211200014920958822016783592611
  42  -0.229949136775414207288687677970   0.510212652511736755148106061675
  43   0.757156457379686253292941679129   0.041434820941856116537159052776
  44  -0.118328200215900610362212288812   0.528238527764792785285903098310
  45  -0.064234699166000000000000000000   0.941277132586000000000000000000
  46  -0.582767798511215314837912520017  -0.141889561908492298405161222456
  47  -0.006694985327322221104465048093  -0.844846719637896700688341958679
  48  -0.151189512787126272687660428894  -0.668922430371515116504675706606
  49  -0.396352103536401446013287200595  -0.856174028263175606599655436213
  50   0.742337153785572784186665247283  -0.539296670985410666501688962335
  51  -0.749204136774790945139525108809  -0.258985417350648456042942202423
  52  -0.275316415483120570853612512705  -0.902402253995217501789382072839
  53  -0.654230914926084592549195873195  -0.053975273281606323197459952398
  54   0.278978073041023255104833008391   0.195649886904960984949395607223
  55  -0.914004322160000000000000000000   0.233933523932000000000000000000
  56  -0.520324224067510908275541410283  -0.528556515047987092277828587353
  57  -0.225661016774131147287448154955  -0.580158393570096989620810646013
  58   0.297102803221705265381386692953   0.793610799314512659620116158747
  59   0.629523450718252096827889575730  -0.546861990364002414726160607846
  60  -0.578504274481359513590133210773   0.442911433084185711961208800130
  61   0.797356059764847283084274591276   0.147114325223134104293532221342
  62   0.032070573351306142160750142534  -0.738632798152078665361448229272
  63  -0.079296160230292267138302272257  -0.758167800287399204850003774823
  64   0.341432901022649566425193904633  -0.191086892569689067088771506491
  65  -0.839282133965350581592776303489   0.042342112203718560378187228238
  66   0.859581382576327306006919911157   0.241518641110008687346375887319
  67   0.764578986424466255512211637813   0.379167527192079102268197243715
  68   0.930855210507552213808731059219   0.153745028280799924747820189851
  69  -0.649052378064416587310033227504   0.241795457984533644886308257358
  70   0.542430912948454715381858465369   0.337310628836700871693094336341
  71   0.183684144321708324314424804999  -0.614915137625152864043636727707
  72  -0.368503685122836281557733108978  -0.404851135513653074383658382152
  73  -0.578521194634216761169659035966  -0.745279936674215054511797939682
  74  -0.270148739160575237080020590117   0.404533148230458767391732893109
  75  -0.726108524180514795810767961919   0.033304592351477384584120828349
  76  -0.024663004848325998330783594220  -0.051760872163707050838944803181
  77  -0.828748769558439485717673238615   0.450892929203259828689334569495
  78   0.634916924258123377324208468220   0.563746226723149731800139005442
  79   0.828616697684989564027643229492  -0.046461399407525206969476095847
  80  -0.705963527434460984817853307747  -0.154513338013924874715457301786
  81  -0.189749534390253177497354765823   0.615892156793014742904479230242
  82   0.439945471570410399651671646975   0.618303541258068744382963894885
  83   0.176335007077479150625880966516   0.476636649242682887942921039651
  84  -0.381769675720088834006495979276   0.386507272977402737253935856473
  85   0.692482061021515597731527884840  -0.640778863426000703584579017484
  86  -0.591745558241863475410683887294  -0.440902886019765134659252455422
  87   0.388939479737234592863227164233   0.859566773294461746566092204756
  88  -0.943465117033112364221861654402  -0.001590469056254755682662725008
  89  -0.430947148701219356245352238706  -0.018184868894653183633759781157
  90  -0.697925895476902925597965380725   0.634845178821487535823504667511
  91  -0.292585199977262061961456884146   0.896951981660327724346919713540
  92  -0.775135665085073915025421613784  -0.369038683983468991142541341058
  93  -0.359525814526866789110209761695  -0.105838497922875141252335913088
  94   0.167357136481509658178357619233   0.177624011651904954811598570588
  95  -0.916084253743516999381996175856  -0.225651493886716545636471250756
  96  -0.033640875444295490778306941503  -0.350773509754484983970267272245
  97   0.295305080881221921240900194157  -0.596889262372096833905839691072
  98  -0.096084339022678565465926071231   0.035892756864514906779631328750
  99  -0.145261812003809087704782330661  -0.368799385007541014108064308880
 100   0.596748462333118709481364126721  -0.354817708777565133426952853998
 101  -0.247904877967353192183734372536  -0.087812622669819111114538876452
 102  -0.183184587319687347173487822685   0.925511946772508796468074737633
 103   0.513853603404861660868031436027   0.532736294569846568371909338309
 104   0.366726415055574488376042671168  -0.684542891400318791524415823002
 105  -0.533360429943082828606026370651   0.778238786248188190415539999773
 106  -0.467888057769781484857093351879  -0.768613918001815991304172110511
 107   0.216534609462640180417213878663   0.582316153523960875699294208218
 108  -0.256882748563322684631257719820  -0.386825260260597044245861345516
 109   0.149401395289570673283310924666  -0.420401263529650911451046367539
 110   0.077980061115218106148168447655  -0.332747634501428953832470235609
 111   0.381632503407810596216526816780  -0.085407388288411079332398337925
 112  -0.006707263656387013435736899654   0.546264403017848815423700134946
 113  -0.065921673676613512578531638807  -0.941160607755019353242393301348
 114   0.716956854994525223501608766982  -0.064244683339421871219214115791
 115   0.556548859947957679690031214574  -0.460497213058843121183326022564
 116   0.788417095299828534236310317345  -0.152140903688803194725849264413
 117  -0.538336023161845577286583441949   0.264731334121050365544243524720
 118  -0.421969278105249863797828891423   0.280827768696124749497562687906
 119   0.683884977078772417853661312859  -0.282766383633316948368199372077
 120   0.685273581297159849652143419391   0.162003370780256956455942072479
 121  -0.614583138676156826328768413673   0.051912495112563551544462214320
 122   0.256800959973709253290671070240   0.687970243239321276000529073575
 123  -0.449505596489000000000000000000  -0.617592600306000000000000000000
 124   0.444075966986193670904145946508  -0.472073654907410970082296938919
 125  -0.073840477829456520569639853650  -0.456453014035762971726640440811
 126  -0.562915507643683864087896017705  -0.633294990406356314297856097897
 127   0.462031708178132655799192641075   0.125951620274144896180347999208
 128  -0.818059306796411913736919366227  -0.169301911518442242262482678418
 129  -0.542568196126054285046579607869  -0.036210057627214310648788053890
 130  -0.412991407509280371350305544140   0.579840406286902682628885156970
 131   0.270000202445053762657309661108  -0.103362750685816948181926861840
 132   0.145113275288287613282071401652   0.669969782552182833317870340148
 133  -0.262810449346639869614135818052  -0.686948305624571146642472743241
 134   0.399643628322414387560956024263   0.512662985182877360763376809714
 135   0.247756341251831717761023443527   0.388983020214460930324344907720
 136   0.799991188925230205120779698843  -0.264614038320199208403214644402
 137  -0.707090646462090552292411704953   0.144760798926745141579932605306
 138  -0.015685134252356505883260246937   0.247251765427070882292377665883
 139   0.479713292238927107463730521075  -0.680284811854832560904614412314
 140   0.533453042352485222934335118086   0.038297991245922938561771867277
 141  -0.882511807519723984497903077025  -0.333619343321685949560154293605
 142   0.823440431820073848077717354654  -0.460515810688507877819972075784
 143  -0.136283941407839595257258983378  -0.069786747416763080976741839816
 144   0.037780458730057076356835535508  -0.438427138782706941588843404175
 145  -0.127306070811870102809735636095   0.229225890174014852154580629247
 146   0.301233298637488536633860992486  -0.296766396850967054845144675058
 147  -0.078128597830739580570879376665   0.633918032046070773042276266876
 148  -0.790479114809950379138350237309  -0.059650196223825807114776766196
 149   0.669723053103413126619222487877  -0.441182486082724426969787439280
 150  -0.390747546316058326454019326559   0.087494635386624804122613387409
 151   0.072051843358951490755207649326  -0.632870500022558732893165251622
 152  -0.163695478923606973927137123547  -0.884376378742161471651585036204
 153  -0.635647584716289867767608830722   0.540475810561091701439083461481
 154   0.287955943636992747552356355674   0.494662524495738918080718076287
 155   0.421832105792971626007859728927   0.020272115992866908423974830641
 156   0.024514468132804523908072665210   0.352931269708348870048750834449
 157  -0.191149127702312871445625537254  -0.774692912231491974665715546531
 158   0.136135404692318120834548054369   0.370957144961404900186547871085
 159   0.215772718382294072804585179223  -0.812975335172573714239245630490
 160  -0.087106468426709073018402723948   0.334905394455292839910953797813
 161  -0.493390612279602430932971368434   0.368481397724346707116138819837
 162  -0.436432077412207867803699445067   0.836454421027104090164449887753
 163   0.571426498221815877925758818282   0.750733450553574553698301682316
 164   0.756859567849066834991519674016  -0.369131160938476241911033957359
 165  -0.279126609756544729527543937400   0.105520510639680834260410424045
 166  -0.158527802601061640153545200959   0.422559023483514797529529929744
 167  -0.480124621682349878484208498136  -0.422877010766709104521455418787
 168   0.645073978911998819860810507244   0.056323866498978968699568903913
 169   0.261033696252327506842528080339  -0.402445901132245042601517843624
 170   0.573652644737646252725668030233   0.143977495527200926318145035844
 171  -0.524612344068793968276780933298   0.561814531033846652491088120334
 172   0.604874376526837790069477595097  -0.049355637782299019056804264654
 173   0.551002946851526310792768673166   0.639526237628841834077244669395
 174  -0.372791805124119341558972631993   0.685519910568180670385258325536
 175  -0.453191009894441401141638456287   0.474160902005624694872511988403
 176  -0.176483543793000625048591895525  -0.175466251698041068733115008383
 177  -0.064862607233487028122116506367  -0.157440376444985038595317971747
 178   0.427531110561525584291845647470  -0.841038706690810931940527105024
 179  -0.511347003448476658157132351541  -0.229543630209484603341855902158
 180   0.460360813911587159998369641244   0.771913144266239788947516072825
 181  -0.039531628587658863277740720636  -0.651126853585132969689023845361
 182   0.185379625799356686155528593230   0.775623872267543233619105205506
 183  -0.216683146178161654839924807672  -0.281145755979319056489488176949
 184   0.328222294148061820425813547252   0.600316614211099318381952941645
 185  -0.462168880490410893589161803570   0.175148264414846761741189519340
 186   0.911246709102391491353613698485  -0.244455296118093571570951725889
 187   0.658406102555000000000000000000   0.675457821119000000000000000000
 188   0.372654632811841103769003469497  -0.384420025879189012463720806989
 189  -0.350547943930897296662686414411   0.193174139667902791878986555976
 190  -0.198727404986222669944878113106   0.316879519202236809773156761178
 191   0.181398886391969411485100513496  -0.925863597224708197313790647116
 192   0.220834093867166477051195168192  -0.508125405413523030357891012191
 193  -0.310348341545736266871353502264   0.298853643949180779635359724542
 194  -0.332784802362423091752789796293   0.791272477379049736590546544973
 195  -0.768858563553853789768892118000   0.546795634492474607694864213107
 196   0.015536597536835031460549317927   0.053918632117570936917428365386
 197   0.326526812670413458584709759021  -0.790222395681596779280788991569
 198  -0.640964502740658772015331822035  -0.551487166688730848536258216843
 199  -0.374431385906153466540611207210  -0.704974180877627176780269779877
 200  -0.055884736637517535674593159084   0.141572261145792894536004497316
 201   0.943107678157424781957016136389  -0.026016611052068040183522601777
 202   0.104913672903126583490738489505   0.564290278270904845561497171582
 203  -0.221163865802909494826314407135   0.809298352632105766728343581609
 204  -0.766470458797826427887316688611   0.356523560942863994304913363464
 205   0.493253439967324193143002205938  -0.067381513035355049194601301289
 206   0.159526457510461557376262849049   0.885695573201469771256980329399
 207  -0.207705275582192162392401460389   0.017866881611458876641834292114
 208   0.747332421143404123455964050341   0.575867353613712826796658314645
 209  -0.439925019297188848692875585989  -0.317197506485431116765082250220
 210   0.064714070517965553699405577358   0.458610773989626857805124003015
 211   0.001028709775534290964521791070   0.845741131805204013868522522062
 212   0.412854235197002133560336381644  -0.278740521597911024707347638422
 213   0.189600997674731703074643836813  -0.314721759248372923694673198973
 214  -0.573831149220854318635411972105   0.157380220092751732909215840411
 215   0.471064962496766954696098501274   0.425009356154655403144800677783
 216  -0.502612437097130456320118183810   0.069561880889030482803347342779
 217   0.118179663500379135939501359802  -0.227068130220150966076097067042
 218  -0.484412741683632938485448021151   0.667494035315124640247461288901
 219   0.368524137396057832516529169964   0.705957170286290702001540026816
 220   0.350399407215375822239975485402   0.107996257876739027330819475293
 221  -0.672313589002000000000000000000  -0.661904911240000000000000000000
 222   0.144351384207941505669442702212  -0.725321706144351756620669498560
 223   0.109201792904409643491978012519  -0.526080767810928899207419536106
 224  -0.706580252793240731938535567997   0.452426266232078773310443007077
 225  -0.663408923586529943917511187676  -0.351680663036966207980943302533
 226   0.654051849507968312308333854527   0.355336504089756901830891372976
 227   0.255105478496060891449567282010  -0.702568766653374821662212859638
 228   0.052844693172000000000000000000  -0.941985257907000000000000000000
 229  -0.703608525971690973708844099823  -0.457360167318244195737316471100
 230   0.810854966051737691656802833768   0.482330986646471459771144099310
 231  -0.596229561943650292820595255341   0.684261991779782741756017976342
 232   0.519912894624088137255063433222  -0.574605307573554573148241243748
 233   0.086957931711187598595691794938  -0.033734996910651020701147766545
 234  -0.815335267470234944816754525930  -0.474718188264746978898914509624
 235  -0.301370470949766774423830154982   0.597866281539958712766682193606
 236   0.613852247122807282517000942380   0.249656999808478914074518204410
 237  -0.471146751086380386036685150853  -0.123864373175931171390132949723
 238   0.158379265885540165730834271949  -0.121388625938872978319723898476
 239   0.526565767482000000000000000000  -0.261500782577000000000000000000
 240   0.319177675426184284896165920538   0.301329391186238972705768775790
 241   0.046758329326026568804358882791  -0.139414501191929008457520935112
 242   0.582685899056280551622573890432   0.443035231407711433282597714419
 243  -0.399725416912027818901542673842  -0.211518002204153129008709081654
 244  -0.408703287507997311349066021125  -0.510530639794931062140031550718
 245   0.359377277811345314687498832685   0.407008895467516960462141944356
 246   0.310199804830214792448642573255   0.002316753595461039574446306726
 247   0.073708321671000000000000000000   0.757758070773000000000000000000
 248  -0.149561614474000000000000000000   0.721644051414000000000000000000
 249   0.564674774141676760278144682950  -0.155035142063577006813177433220
 250   0.453053837582163163351669293791  -0.173061017316633036950974469856
 251  -0.302770064261826468372100926412  -0.792718787484548004803512583166
 252   0.055736199921996061251882230074   0.159598136398848924673801533952
 253   0.406926017440735518167375583315  -0.578863387119040803768042654436
 254  -0.762105992054860195306364139542   0.243540743279684613741973765169
 255   0.061179233733403811960711665455   0.941480779416083915592434657444
 256   0.127157534096348628387024707085   0.071944507370626967055225402021
 257  -0.037928995445578550779546464518   0.739597536327348760798649435443
 258   0.332455030426680073977670557350  -0.490099530160467000220093975555
 259  -0.879454594100000000000000000000   0.341594416011000000000000000000
 260   0.106317215637953518569737201449  -0.841324207743548283763759935036
 261   0.872990236582000000000000000000  -0.357697714785000000000000000000
 262   0.006558726940865539013025970644  -0.245094005473206996213894103678
 263   0.430798611985697881822641309696   0.319355266439295002843565812425
