   1  -0.687328638747000000000000000000   0.649840999496000000000000000000
   2   0.685043172004351526483010249817  -0.156292048441911211400081621469
   3  -0.496718831081246398430864922282  -0.410823402552441298585407930497
   4   0.253935287563590445026464127052  -0.392504970866907346507442867354
   5  -0.514553314203086704942636561435  -0.516598655257384704786818751057
   6  -0.036708152980828416049980662157   0.211050190254426102588827336016
   7   0.063839692994333340482975416415   0.173679031016679785482327655704
   8   0.720862271441989665687223302643  -0.367817185500247537353389958567
   9  -0.475462518053000000000000000000   0.572952829497000000000000000000
  10  -0.856146598911065906111147140821  -0.055365380235192842140570939377
  11   0.602398022317609316089771445047  -0.224701902203942861744458402707
  12  -0.119346449237171102980830214315   0.142658780963004256718672847780
  13   0.534032672383578205282408653640   0.781292195287379838903250709580
  14   0.412037123478872697758681296381  -0.746444436397045491977327986423
  15  -0.755102325804469026195222053142  -0.019358051184327285696807654673
  16   0.761542729886805853072780359215  -0.561837218548816776948061893763
  17  -0.341350676989000000000000000000  -0.882659550938000000000000000000
  18   0.696037316349988174259241143065   0.335130102528449748486711455490
  19  -0.043317537923975159484467978921   0.808304819155910312308343434143
  20   0.383392780648466733421752761491  -0.044197015199282064554804873532
  21  -0.349351788287380094171272344378  -0.168278015440429443868444785476
  22   0.459314829594582211848599064657   0.621431183977678404388606826246
  23   0.318664034110943116093009735746  -0.218350993019872073401613530318
  24   0.494675419735215384690999068735  -0.678053027105623646108947569183
  25   0.153387441588428688493508048480  -0.355133811629161029400943187041
  26   0.786070670459410827288535417207  -0.192346416123661431278964781527
  27  -0.295623139130922885364952765139  -0.485565721027933932798407291123
  28   0.347573681210828594217539708666   0.167328121859054261398503463566
  29  -0.765202695442989609676829119133   0.556842189921797085553755521003
  30  -0.007797809678616669119226277445   0.596729423024030132915397585082
  31  -0.010051589115200603268728733560  -0.904657936429968610317185008091
  32  -0.633135474676045450921354711083  -0.161867010787975456556801011644
  33   0.394393575208527189881711384696   0.447244786264876426582900245188
  34  -0.532537930518884537635077975108  -0.199298265494104972632099593399
  35  -0.449782047131422818737492636277  -0.718876099268209103868860810651
  36   0.631560416414653328643316359910   0.161019701636779347895283704581
  37   0.943703684103873254332342726031  -0.070934802451944882403891778749
  38   0.336573583829762185695116262159  -0.324113561549040236378267698867
  39  -0.735223422971648471499552499465  -0.124768212436367513572455000853
  40  -0.396170985106084641897908843711  -0.448194561790187615691907610810
  41   0.770563278201503201614265856645  -0.086205030894443554979932556441
  42   0.301243707455313765323039847353  -0.853636141123162682127419016430
  43   0.595489716379667794760087260447   0.372501923640435626064010211277
  44  -0.291531797885282869115988591130   0.603080332208100921258240831370
  45  -0.313532688849741954967059291552  -0.379803152498765769821753122574
  46   0.128568439531856968224612929460   0.347833008837269796092427939485
  47   0.512850969925840226471139358613   0.304111058332575646901733619276
  48   0.693070205904789665552842577032  -0.644408317200524580166520083636
  49  -0.917900093775479604567205601865  -0.230364509905113246175681352072
  50  -0.403080437443837302977591923618   0.149009690147075045061517720171
  51   0.584488472598790246487664918635  -0.118939333674774698767804234158
  52   0.702952721723170596085116776229  -0.262054616971079374376735790018
  53   0.248032933022739532459247384857   0.818324406118312819448959980128
  54  -0.848434778285094737000643593051   0.419245532577798118393738261807
  55   0.408511934473704213846875926871  -0.853654724688308301034643121850
  56  -0.320442141187494616046742371459   0.217401099438496890931672208406
  57  -0.219894295212332859513786292887   0.180029940200750573825172528094
  58  -0.190983951910121112583032512559   0.565709172970354604151741151056
  59   0.796668126300923621658108825308   0.297982922801900446501070801549
  60  -0.094537708706336022690125806308  -0.560335636743570784342958921832
  61  -0.449899634262541850704228422950  -0.130906856202683126761945105163
  62   0.587654148943885007160691017077  -0.624560702536964914695688620814
  63   0.372392683267400324899329314985  -0.535638698607376562331576035964
  64   0.750229755670293026712686421189   0.019118379297643428628562109052
  65  -0.303663163889212519104216381680   0.851802264604455258853500053836
  66   0.076196265250671211226821812829   0.668146777774899422042620847900
  67   0.401302330367285803023859287904  -0.149959583728450227531459042081
  68   0.171296991307247758095614574893  -0.460896380158329192377597355590
  69  -0.125955834180317846415318135464   0.739913409864488466438187319802
  70   0.613398569896160605970293241230   0.266739237220589769324434863489
  71  -0.456809086600294509138187995724   0.466297395734579541109851855546
  72  -0.569897132276963940884532737745   0.011954510678092979199055074177
  73  -0.836267696078245351415477587144  -0.160775541487233070016218285556
  74  -0.609658239278000000000000000000   0.723826516921000000000000000000
  75   0.140128780847627550210332343088  -0.846933956803305875138515052750
  76   0.430211977467171281148389260824   0.235719531150476107268657951802
  77   0.649217219136313863816407944380   0.055214644145815310079004422627
  78   0.058286717574000000000000000000   0.773909346749000000000000000000
  79  -0.467768279745487448956365427906  -0.613126544614912327187043079727
  80  -0.331442238568561024569165817965  -0.274040583969597606845098954025
  81   0.559862430076883332118625330257   0.584059364243159138380769431465
  82   0.494941421183688946414667463267   0.409873627027130109476400564875
  83  -0.338351690906313685648848897872   0.323163667967665053908326376955
  84  -0.718974160042323587529742614611  -0.457428147496045790766598879584
  85   0.092801297279000000000000000000   0.559496227335000000000000000000
  86  -0.208893501628940182185139038971   0.671471741499522767128395319605
  87   0.555578825498904768363134945715  -0.504618448553701033567921228041
  88  -0.184075195774694720309573240061  -0.031495196857585752128135809004
  89  -0.177196003592970415681551914766  -0.628704568515673343932251471290
  90  -0.574997692879204681741986471077  -0.616011996402143290178188311430
  91   0.867276042685197744180817753483   0.378735600880644052091414041851
  92  -0.503628283418999059510548002189   0.186380849384821362168017400484
  93  -0.018798603262009346447874135744   0.105287621725257939612173167467
  94  -0.746066216928599418933026279035   0.451294721628682035897185180563
  95  -0.850997792956011947601025376362   0.051779207450116979251070535197
  96  -0.173075098393628301833879670885   0.459946486550508747334095423146
  97  -0.816818044038985017768129350921  -0.266265749130262858870718784583
  98   0.390302232986219394446138985188  -0.641401267136544725317594025847
  99  -0.663120162250549187353123972415  -0.363611947005739065382318760719
 100   0.052839595613266931960551969908  -0.317762652391414712294443506728
 101  -0.090436105934959356050076433987   0.528338013732608287045241470742
 102  -0.597240128576366201227476901353  -0.448265913458034494331785911669
 103  -0.576518932826323569416327920512   0.609211392812719386848027994703
 104  -0.946362130747026557478562102059   0.002665910363695395236554805035
 105  -0.201984745493513789911679766474   0.074267371671582410848518359545
 106   0.853574437517321846452643321178   0.091316255424596105035391041208
 107  -0.047708250361894824572404108663  -0.280391493153668395187943826415
 108  -0.263577354425395387673029939538  -0.707258751336936509158651696437
 109   0.070749145332086001562658496321  -0.423525220920582875271097675277
 110  -0.065617800080713894174510635076  -0.174628924624500232211289657866
 111   0.477223683111075023058805045440   0.515668497557832547649031478459
 112  -0.485718733700179989908441475776   0.080618280855653199191363231935
 113  -0.586275673356013995637028262595   0.117964964243483001086927954110
 114   0.182297088688314166618038021400   0.030545303249765305399173806842
 115  -0.640004322512471204443347841834   0.435252669830987490016890459757
 116  -0.143865383899136916017424661876   0.845675978393656629414841488351
 117   0.106568244711118730899184213588  -0.635050357988843284145681775792
 118   0.566578922879971176885558392222  -0.013176765145606535791150065609
 119  -0.672464029548126339264372500983   0.049033358107094560173346833563
 120  -0.826332466875000000000000000000  -0.460370936752000000000000000000
 121  -0.811488221729850341212951397558   0.247910567293912449099643317878
 122   0.365483230929647663819646235079   0.061565553329886098421849295017
 123  -0.195075293155761128831996686568  -0.522936880265680249904906971436
 124  -0.652585126715305784568702947306  -0.056376803144945667702300512616
 125  -0.101436899518352033378723687902   0.036896212433836093742018679232
 126  -0.448233308278805396158130885444  -0.833483827641278744195190144810
 127  -0.356261240625132755250955424285   0.428926236496833216884980545504
 128  -0.284623041749856476842529318633   0.005875962380160564978363871309
 129   0.358766983619420455315642986085   0.658802343215424721495106506560
 130  -0.770387889880192799342002336480  -0.363284102239978526072056004098
 131  -0.011889150924256685368191055838  -0.491916630212004721141252163513
 132  -0.768160428777003667094375959379  -0.552754869043457023555696791109
 133   0.931949748755812569073446623329   0.164554110808868205979569102833
 134   0.620307572036428385691877971460  -0.330464470733111024721112571256
 135   0.863447551837870241180737619950  -0.387384453502341559788363563773
 136  -0.659140801026861395187150681931   0.540800138124102539673460800197
 137   0.175580145189774908482322770141   0.627781975269899279026363330549
 138  -0.374170790343951816933996044335   0.534688805026001381202628097146
 139  -0.550447480237703607237184501522  -0.093535696964936809655445424850
 140  -0.890428642418404020213866107438   0.320538956058444534344349276632
 141  -0.137255998955990172582936740728   0.248421349492172419695327016329
 142   0.276128228634798658477006941132   0.590411454955748112064239026352
 143  -0.072527252418466545300923592313   0.422575327312762430227595742832
 144   0.747590713853550657472338888535   0.126354145680363789815707702936
 145   0.889365583941238581564278255011  -0.163421794746717480249628629735
 146  -0.410929163656875963943087024955   0.852493760708182484073315552400
 147   0.017020496175628792756338917082  -0.106237515333078386341135169630
 148   0.785354581912374866335685942160   0.447984045901920064779611148993
 149  -0.166165646055875650707466713648  -0.137257765386753915104789977553
 150  -0.507883873466676677812384113196   0.798537638851547310661228056456
 151  -0.111404966347830682865480163159  -0.939785785731598602985635820234
 152  -0.539675418327001064441284230709  -0.777405191932557040915314500507
 153   0.271844837282409514628570653465  -0.498267539396075509484097035903
 154   0.767445728395882055125479961377   0.553746732321765921519186496781
 155  -0.557356932575456268316867581427   0.503668554972325851097979906131
 156  -0.230894392593399268036209739394  -0.311411743207343923951598634338
 157  -0.367261338006199163773378870791  -0.062515446911261280891790616927
 158   0.668463205063055352667434753541  -0.050312911017400295851954711461
 159   0.023896338774703333697626603121  -0.703447453160241099613876285710
 160  -0.025407988205156089882361452509   0.702542250626742149331689265593
 161  -0.054617702699647485652087188570   0.316812758783594265565481504565
 162  -0.273622944368790058366835749457   0.497317645788255064440595103459
 163  -0.539447382856637198714761055015   0.397905986443157688121325737582
 164  -0.029798700643075754970297582250  -0.386154061682836558164597994964
 165   0.289754386980520387215921606563  -0.604030107980959487666005536026
 166   0.439294430518000000000000000000   0.838229104066000000000000000000
 167   0.781339546573292713403958571964  -0.456411610074881567018295346273
 168   0.218116188125952305822251074226  -0.180979833808571020554134530256
 169  -0.130346546618237511503253660822  -0.348782902445090241058098314651
 170  -0.414762485743047901962809643547   0.745294047486544103812740791193
 171   0.034930045894447862358445443495  -0.212000083862246549317789338179
 172   0.448121527185990350750495787237   0.129956962621307944292003783253
 173   0.586787967186375698645889115900   0.687893310158660171078447862630
 174  -0.212984842874580198434103212981  -0.417174311736512086928252802887
 175  -0.392079643860444625648950133192   0.640451491445847238364725812054
 176   0.211207432000354967286595622981   0.416224536045814599984766441739
 177  -0.622094772793652134841241315421   0.329490101301819327040236291208
 178   0.501850176342447559556815366476  -0.187330742966196544637958722394
 179   0.851609268586338498422105476548  -0.015933970608221848651724954476
 180   0.419211880086104872625965814317  -0.255722152257618390508113210630
 181   0.376675837135913266525848966868   0.553039656795578864755531158773
 182   0.437121429804923942228072340730  -0.361484720786786553484767379179
 183  -0.385170887725018233375485397205   0.043247121617906882084863551622
 184   0.412303123950678469938183280042   0.341482217570321964008233299589
 185   0.081749242713152410085081942828   0.067916462487511622505673487155
 186   0.330671235745799333545913412993   0.886715807595909191338899556250
 187  -0.258591899652320020936728603975  -0.814411064021840628213219162072
 188   0.548669373161152107283451865809   0.092585803383561627185504102940
 189  -0.938106017641000000000000000000  -0.124756871879000000000000000000
 190   0.656126672925901194680628799261  -0.541989603885257111477230430941
 191   0.329664131837114682498467339493   0.273090691316734690978677398069
 192  -0.521537833137818129112654528602   0.292143417913989525144671569033
 193  -0.793284170405133376936839657950   0.142198290862152099491711911342
 194  -0.095686952493112961248304259928   0.941516009801586003028719022989
 195   0.229116285516847778496801603759   0.310461849625968743245191093951
 196   0.146477989250676027413824968574   0.242070440308101631352482143940
 197   0.110659586015364157015836957621   0.453595695257115652832245431469
 198  -0.248803942312218337638316265807  -0.205649174678175760974944465789
 199   0.004860893482048795284652423026   0.904144850563839685922220968781
 200   0.441405292063108820718988942776   0.727193754570618277992421977014
 201   0.105804747692116214287701250209   0.940432743451612852179752875696
 202  -0.514683097185000000000000000000  -0.305070102051000000000000000000
 203  -0.769489625630717326962660053773   0.346615130505142624190978318226
 204   0.537669275780085698761028419302  -0.398855880024532870591267059492
 205  -0.226503680155479602948274214035   0.777284569102234783544687000116
 206  -0.221024867632869832173366829520   0.920193673895877104723654542071
 207  -0.359977428761901109244501533683  -0.660210918858340695525232385762
 208  -0.108345655653778425652182960399   0.634100582261776450021895639291
 209   0.945668853034856602362880570661   0.036315423580873071283224216934
 210  -0.378291695543293928747464071909  -0.553962250040180709719252110664
 211  -0.064552110505758982364503323404  -0.783818249923864079117744908130
 212   0.829336249855096637511690822237   0.195810193678777135764529754693
 213   0.189206541026066827697721101306  -0.566658948687497355354251524139
 214   0.311755278320621871288261358710   0.378853377736580547718252745857
 215  -0.266713492031037407240422792220  -0.099886606149007597998290297240
 216   0.090496256859976992098051913440  -0.942029095667672312726781966315
 217   0.099658792431971479687188469241  -0.037846106041656540470980681394
 218   0.906085111067000000000000000000   0.273162173442000000000000000000
 219   0.519759726061266629158921892889  -0.293093311495364707614612890943
 220   0.236025737844771375424357600639  -0.286742402337739183530788698805
 221   0.010111740040202400482880248967   0.490966854494861969938743416533
 222  -0.237803844931151929115892819300   0.285792508729918736801826696643
 223   0.160845149608294929279191598875   0.734033341276325801698536138386
 224  -0.309907469228000000000000000000   0.709720372472000000000000000000
 225   0.045930143275514270880868890002   0.279441599545847948458981824252
 226   0.039580934872449954843551696089  -0.809562797565602172728918094526
 227   0.601043230471000000000000000000  -0.730995353918000000000000000000
 228   0.124444184749880929064407250121  -0.740818612397944802023473243935
 229  -0.686823519331175752169984341166   0.155336123481229318193427634423
 230   0.006020398613774044321686580080  -0.597679198771787096598355292018
 231   0.193297882253719100157483225918   0.521987104570272341064009696167
 232   0.224992030725042685597363328692  -0.778189771635691119129972924248
 233   0.714922601745914875271527499477   0.228526878513125216599989939762
 234   0.466031076904809420352602313650   0.024194394092139781315349614704
 235   0.028020593556695211457060330716   0.385204168075016113159201674217
 236  -0.467809183981360920306334949363  -0.025144287673514963785290936614
 237  -0.076845565948188377257354575904  -0.666602623050419003731018785687
 238  -0.715773770932388137852204263241  -0.230258420079397302426955499880
 239   0.265942472741228683778597359134   0.712561835895716093515882477202
 240  -0.112436996899418441901147134409  -0.454545470974258404034752483200
 241   0.483940626623628489954708840063  -0.081568174437028381661304553845
 242  -0.000889053543190276845767609331  -0.000474946803910223364481001082
 243  -0.877323326998392390608468375544  -0.354841048209746027850061566722
 244   0.217745622067291451007187872844  -0.920975153660861648742851886893
 245  -0.414080534824903711500015370124  -0.342431993261019452715253442261
 246   0.687335567156696078145042998517   0.650521489046674293501149106843
 247   0.247025835235666837684583630094   0.204699281096800578505003143877
 248  -0.358339937083227150454339291011  -0.774954734976930807148736454954
 249  -0.154856007978601815877093939828  -0.841711936749217790067899785074
 250  -0.155165548674809242185043267141   0.354183918021340582671981184878
 251   0.530759823442333037681345339396   0.198348371912729790162158271489
 252   0.678318883563696522827985193657   0.440924856711327404063895327891
 253  -0.255713394649970998717999345713   0.391555077259086899778480865192
 254   0.455030979523743011830178867143  -0.467247289315954716461421547728
 255   0.088658695050905071164765022734  -0.529287789449751038247751843826
 256   0.907275133660057651166384781423  -0.269184363275885643226282798284
 257  -0.431990084543722781102121896537  -0.236669424731851289738599273712
 258  -0.420989987162656372579698450031   0.254772258676243208038171888720
 259  -0.083527349799532963776617161489  -0.068866356095332069234635489317
 260  -0.615225924957226381319248184670  -0.267629579317143619533455180193
 261   0.307973725952000000000000000000  -0.710177909785000000000000000000
 262   0.514458083908000000000000000000  -0.794315975005000000000000000000
 263  -0.230367203142855293792839662933  -0.917899417859199804671125909296
 264   0.577771283593376143328831311040   0.478296677823313281641194083677
 265  -0.507433482315672842954054193997   0.691270355764722828638776685737
 266   0.472940529242562081432285393556  -0.573009857845122879438075716277
 267   0.300754484392124046490903209332  -0.112588424490703910424959361769
 268   0.142935609889805777959841624597   0.839795911498922527631613641312
 269  -0.277743849568132172214507993338  -0.591333409277927026825751790977
 270   0.164387538969495097015931494987   0.136307871778933468375827975391
 271   0.216358658355000000000000000000   0.921300437490000000000000000000
 272  -0.148256096337056581105360187235  -0.243020333915922078081444146102
 273  -0.438899536881475442181804976444   0.360534827205411371014826057269
 274  -0.302532591468675546444635845046   0.111638530909328727955018039858
 275   0.207116090686280487432140292160  -0.672421517226589601252181456105
 276  -0.704733069049994821772090867579   0.261098692010397481170081802972
 277   0.282844934673304976888796682919  -0.006825855961535747448305193221
 278   0.803980220178229896890641943619  -0.298108984652829594255618950076
 279   0.135477891869609618891401522067  -0.249371243099992866424289018492
 280   0.638236521850554663156284116873  -0.436223752271803341313847492687
 281  -0.920982581313814990768825230189   0.217714203732006437661467505029
 282  -0.159841462751677182613395275391  -0.734559624064313671013332319439
 283   0.348580775464288484865263387270   0.780953237373312465405822053324
 284  -0.651486932298948486102655600837  -0.540806483798299184617575145315
 285   0.660410030047203711617779212874   0.546687543131173260803470675678
 286   0.117568342150790549289294995654  -0.143608674570824703447634849943
 287   0.200206638407133236220144547813  -0.075217265279402857577480361707
 288   0.293845949783023682656678379267   0.484616538890495749993611911374
 289   0.264935384954485907286690156506   0.098936712567632415528348975329
 290  -0.624183961613884761306619815844  -0.711338717949554522967286222955
 291   0.354483133548581255297222788572  -0.429876130078208399354921867416
 292  -0.700673201033628565667288945604  -0.636133205345710417406673056840
 293  -0.604185223074833065239134789007   0.223727532772651164063582122659
 294  -0.939704048325773347458545065921   0.112092333146705785284398637665
