   1  -0.248087424956850449225704783082   0.127106631987873001078738058458
   2  -0.323739248942784200952770344745   0.202017943670023223668595569871
   3   0.038462157787963086851574748557   0.492144294901185902891002540090
   4   0.205823518958752061136688586896  -0.322361238105028334460407010020
   5  -0.534637007701663985302984314722  -0.237931030925439900733526423173
   6   0.662762515434876379762929467471   0.676102116568244011049276901649
   7   0.227376969035507399814494785235  -0.603216664298223895847056323216
   8   0.011966372374152515366448644054  -0.867403126957660718571737474861
   9  -0.664387205596776150079309239710  -0.368963833754335016940460713543
  10  -0.420944523005473291357642104746   0.557784681545369007645102394480
  11   0.243864179669009003354965235209   0.548265786047930796508079319047
  12  -0.610288831687597737030049876385  -0.163019719243289678143668911760
  13   0.476406129304133598000420384673   0.707280477648385207117076103352
  14  -0.204980524803339771870092386406  -0.434604220398518121694560567934
  15   0.005917233955540012480121583570   0.005344754196945002707561425111
  16  -0.620177832288353475565599457765   0.581163662639327382441089307751
  17   0.746515249769952559837391864803   0.582308514238397092106571956393
  18   0.254426155990096606339124466897  -0.500244607042701226448660422325
  19   0.812108623324412806676948497321  -0.262899871308982053689575808657
  20  -0.712989842628120695281745119711  -0.191080464816662124952207301239
  21   0.724826099708539815222472012162   0.201763424113512360034425541000
  22  -0.445363792934801459167632037366   0.835475502834374823822757362933
  23   0.211319255836585928983512070221   0.061466245343689896324638204067
  24  -0.700043860154516811473779645497  -0.481768213215799285990745142945
  25  -0.944461127618150240869938738455  -0.066040913923690431589375873674
  26   0.561484112333537122208733789552   0.643275478671840541695164951482
  27  -0.604793094809763869183226393060   0.220807764205428552641376302327
  28   0.451612676787615772039847074362   0.603742137876829406795759792526
  29  -0.688319959455910529143386906026   0.499361745819368691102124990349
  30   0.506441900776718709666115101639  -0.684635887649347556208264957893
  31   0.151725145049573648087429223571  -0.528305352616073673257198811803
  32  -0.900595267037000000000000000000   0.292014822596000000000000000000
  33   0.513926551780320935891774316874  -0.238179001384910994034791841585
  34  -0.017834761974280083914752541096   0.946599252671871137874648650295
  35   0.828294116808705017701416749286   0.226848729128578032514675504486
  36  -0.399391072928717952679835906409   0.276929255352173446258453081284
  37  -0.734543292704876033959551318048   0.089774961376533436434442011957
  38   0.589578375766254687618839878537  -0.313090313067061216624649352997
  39   0.330077979976030358066190028560  -0.575155918724851449038517933738
  40   0.319516003654942755082030796872   0.473354474365780573918221807634
  41  -0.426440259883307159204465588071   0.173957198096650776860057180393
  42   0.894498549554766257354901610460   0.310226640922477092486455161175
  43   0.314020266777108887235207313547   0.089526990917062343133176593546
  44  -0.453489446837896365729095269734   0.070985140841128107461661279501
  45   0.622123299598677761990293043524   0.173709227637179683558791761981
  46   0.820147331727617054500023394742   0.386428999796456632205934768475
  47  -0.658891468718942282232485756385   0.014863649694383213844584500544
  48   0.202559802680000000000000000000  -0.716194911834000000000000000000
  49  -0.048181139953638400569137779755  -0.200599360314100336089230376673
  50  -0.124000218637891499728296529477   0.938611831201471309225510129576
  51   0.735798314427941281689386604601  -0.467705039577348468276932723514
  52   0.616627562720843894143469560199  -0.210118255811538547226253452106
  53  -0.758302063402414256803910790691   0.416127975602325052074337093696
  54   0.357127166930619564590819710223  -0.472183861469328779640122032846
  55  -0.042685403075804532722314296431   0.183228123134617894695814837415
  56  -0.564670143293348447358567613027  -0.640240021577849363987092435860
  57  -0.291194325110361126581317179758   0.688817484374264123852036684850
  58  -0.307681535743862730121787629732  -0.462664965971890568503098957413
  59   0.281475342944685812863754148560  -0.397272549787178557050264521433
  60  -0.162764775051768324193385392374  -0.913017668032398495284780988912
  61  -0.365547797250024415766545233884   0.765017643633384263772490086859
  62   0.298570854066000000000000000000  -0.898371532051000000000000000000
  63  -0.194576487983543469962284119132   0.733537688301289024735390106955
  64  -0.139890677138493623127186056432   0.538994861009963678672321662024
  65  -0.259078898712518184919351749732  -0.640548334909563460491352369717
  66   0.702479144162099725392124652220   0.485376968840456644947426226177
  67   0.135667431850652177256446508558   0.136377557025840118914495715481
  68   0.842927791810671373218740951647  -0.160992649071524493840484148136
  69   0.753983137703703709123004165393  -0.572606018089315871147272460145
  70   0.362622903808453432437643193548  -0.088356378020610548855076818759
  71   0.646017864905000000000000000000  -0.525150817354000000000000000000
  72   0.465323914748976390689338436873  -0.060295632447238102046538429280
  73  -0.061094693548134291184594022034   0.849318826014889366678383495562
  74  -0.583239644733008530505420194722  -0.060047661987767008745273010869
  75   0.076073321063639896360363661908  -0.453394040933923450667341300390
  76   0.341069453731698093759836995209   0.192499048172585012531572494438
  77   0.900694303733701896521630324997   0.085867131948225194413978789468
  78   0.568024925689499348941033680199  -0.032234886873865655238000039802
  79  -0.480538633792485572253724951396  -0.031986916414394561936734621390
  80  -0.275136611911439655750334464745   0.024134574732350331680342157567
  81   0.537167970370801784005298976628  -0.519463103828365908012977614635
  82   0.178774332004162854612058905234  -0.425333295360551003858802910912
  83  -0.870033102849741771642079800697  -0.373377321002862760523042405996
  84   0.434466959430278825753603733302  -0.547523849401738354821516004114
  85  -0.906452620998580029903599398756  -0.273334721135879103346400204060
  86  -0.486034370670319440100548434721  -0.415814399863112792721779835478
  87  -0.631842281764353075707856074723   0.117835706949905883242980401436
  88  -0.766619618912124330042774019054  -0.398686497801468778018229681286
  89   0.032966420910129219004751265232   0.108316811452467672105957326002
  90   0.157220881927407515934252706896  -0.144477869167355442472153597715
  91  -0.069734590030393739246943978093   0.080256065879095225297418936524
  92   0.497868838581399465060791601860   0.426503908257002798136902685699
  93   0.232872705913341267661318268559  -0.219389180849505665062011109129
  94  -0.437431733638974894898112554721  -0.593697768800785684710033247783
  95  -0.118337227061738284449379858094   0.258139434816768117285672348828
  96  -0.556190457778419323980790513059   0.042924395267755660653122890023
  97  -0.150882150894161358820833023081  -0.228660105887472782897768766151
  98  -0.577743907855174662658596711397   0.323779821460951222039772203219
  99   0.438274727794387184164708755210  -0.163267689702760771444934330172
 100  -0.232029711757928978394722068069  -0.537576277654040791092956468826
 101   0.470819651626810258536161920198   0.323531851001480128738506784807
 102   0.665348676552261295741386609042  -0.387881787241174432306672034786
 103   0.692397863506850502266016290704  -0.284909729985651762908276133894
 104  -0.242591688079016581378881299757   0.510934115436591231863783272546
 105  -0.431935996761141027051289071396  -0.209870285352067453924988033695
 106   0.301552483099980342760965163024   0.897459928815688257390468436057
 107  -0.064238853152559871400120494769   0.464083549327813456082464150611
 108   0.011412970833373880326945066894   0.389172237645663233492606639198
 109  -0.793372162569549576071458039482   0.516651561067360332620903266185
 110  -0.761592479659465240484180999711  -0.013197095878989232963953888934
 111  -0.172435600970916697498639221419   0.052195320305722778488880547045
 112   0.751875286663129021747101693825   0.304735481369035029432821441892
 113   0.195261542637664458152529355208   0.726149154985603688496332731351
 114   0.308524529899275019388383830222  -0.294300492531655887651868620542
 115  -0.098077397393000000000000000000  -0.823913529762000000000000000000
 116  -0.397183954567266214175300391078  -0.769015537914968094395783776215
 117   0.736456799338479054949882935658  -0.187988559626831831099718297244
 118  -0.658091359855264879324137321102   0.680649679333996622711429622149
 119   0.676484792319000000000000000000   0.379918059070000000000000000000
 120   0.640552016223325121193082069611   0.571979127679561802533922389127
 121   0.540975738734910142416403998536  -0.135206944129388324636395940693
 122  -0.507587820747074778778354633059  -0.134958973669917231335130522282
 123  -0.805282615672119969310795431681  -0.497883653868946460696116481419
 124  -0.021131952999049194044508098093  -0.097627303058577666690834475781
 125   0.192484609839127814306480676624  -0.926994012315453364608029847542
 126   0.607210373633280256238404303783  -0.726404698529515538391733726911
 127   0.838499325368464239941081847927  -0.439644294003976021468394334035
 128  -0.404886809806551820526659389733  -0.106898228096544784526592132803
 129  -0.215542501124427374854251618094   0.613906172692113901262179173437
 130  -0.145386414016327490974009539756   0.155167377561245447887276447937
 131   0.238368442791175135508141751884   0.164438302599212565723034104959
 132   0.103122508018229102884993343571  -0.350421983678400781268945399499
 133  -0.383333359729796481848853191395  -0.387753654289740345913241445999
 134   0.774960064854444421400962225528   0.020706865426168938392815786874
 135   0.286971079822519680710577631884  -0.013445066338460326265219307346
 136  -0.244449245492000000000000000000   0.914665193082000000000000000000
 137  -0.730349529288005956032538692957   0.602459782028985146957202139321
 138   0.578886539611000000000000000000   0.749135675206000000000000000000
 139   0.220044424348611665470960853372  -0.824157444332357968394490739943
 140   0.697776912753950608697842330500   0.098791366857989690636029640108
 141  -0.826322312412695071509280371250   0.214871755417737385446739924981
 142  -0.269640875033605787903510981420   0.407962058181068562465387371654
 143  -0.061150800438873325296034477784  -0.944790348966006984115723314243
 144  -0.377837622851962614002029708071  -0.003926170841022115128196231912
 145  -0.348745955807983802548598976740   0.880195706761399724706110785038
 146   0.600569849521922423312486845186   0.454564653830375244945441075178
 147   0.882558261200092792624948492881  -0.342723123645156089659836497386
 148  -0.743901661569000000000000000000  -0.294670769261000000000000000000
 149   0.270913377997111115377415599118   0.651237840315804639106285217522
 150   0.060015607864718425529380946895   0.211288868707990341504353226893
 151  -0.513083557624908646625178116384  -0.518786457118635462120175736370
 152   0.265417629745764342032771433547   0.267410359854735235121430005850
 153  -0.221038238002261242701075101420   0.230078689243395670477133959350
 154   0.519422288658154803738597800198   0.145648482063807236750253372503
 155  -0.075230326908227607093767461418  -0.303571417569623005487626277564
 156  -0.026627689876883061891331581418  -0.481454786507295897475879689869
 157   0.130171694972818309409623025233  -0.247449926422878111870549498607
 158  -0.816344030254918657414769381735  -0.216630709244917615959352291389
 159   0.027470684032295351157927781908  -0.275510671996250558679087888085
 160  -0.356284172775207275324223509733  -0.284781597034217676514845545108
 161   0.850051905770542584255925601004  -0.054765768807507863597530744109
 162   0.087190523878102176880365223341  -0.942743886980703926602254015982
 163  -0.080726063786061474940590944743  -0.687398901018341236272671491652
 164  -0.862126457325000000000000000000   0.391287523857000000000000000000
 165   0.405752728665097505360357587348  -0.650044072001491191575505619278
 166   0.649172486553266968514922725187   0.276681284892702352957187662873
 167   0.189765805759830590305705871883   0.342321671536885457711287517264
 168  -0.561686194656253191827613996384  -0.340903088180962570131922324065
 169   0.013894904791645391303363918154   0.773744602689886085356539066885
 170  -0.497106772890713393472720787840  -0.805762421709901323682445438528
 171  -0.102279513862816813618397143081  -0.406543474825145674886022178456
 172   0.373668198589000000000000000000   0.679352901837000000000000000000
 173  -0.653249860288775209875839657235   0.398838160354333410555558817859
 174   0.065511344742552293376204430220   0.595116352156708572289398440981
 175   0.684927333629461482076982177225  -0.653638104413184074819238154606
 176  -0.910505440420816876184851872356  -0.166946386507172288862960240483
 177  -0.177931337848750565345462704744  -0.331632163142995452296164667043
 178  -0.334730722698451936646417311395  -0.565637023227413237901494858304
 179  -0.199484787925505904023268903082  -0.050776736949799890909515353846
 180  -0.112841490183904416602556374769   0.641966918265486348070717562916
 181  -0.129328700817406020143026824743  -0.509515532080668344284418079347
 182   0.916320545402000000000000000000  -0.238165988568000000000000000000
 183  -0.475042896914651704406901468072   0.351840567034323668848310592697
 184  -0.167260150211745706998138010415   0.841331404544489538029244974843
 185   0.378482649123844758490758916344   0.823862016848842249547111401760
 186  -0.584429669834797919381645673151  -0.744855814846345452952091920685
 187  -0.268929960123206759147512173258   0.809737847560409164655843508964
 188  -0.719948716192000000000000000000   0.196241254090000000000000000000
 189  -0.832264388535000000000000000000  -0.094740663741000000000000000000
 190   0.671492047754279218922017488405  -0.004378439588896734087434176611
 191  -0.588735381610842398352243678047  -0.443875145436485239530318224957
 192   0.216814992714419796830335553546   0.445293728792408127109683418155
 193   0.421125844905520738667879673836  -0.755393824670386400364259367033
 194  -0.183427074726584433192286188068  -0.715459646591713683081209881130
 195   0.081569057941473764207187145233  -0.069566557485205219882296086302
 196   0.114667383314675473618143887380  -0.839342381384288271763199085383
 197  -0.345292699019539539630576543083   0.482873369863218785055244883067
 198  -0.785467722246758610380830807085   0.313186584170638773674522260187
 199   0.116595915732168349555059161480   0.801805348263258532165077456364
 200  -0.447993709960062497882271786409   0.454812624289846338246706493589
 201   0.054519870986884557682557463570  -0.172538614740727889280691987194
 202   0.087064794819307632054010628558   0.314260925963513010902749127785
 203   0.318430040711883900425733449686  -0.783473619743733358862155817243
 204   0.124675958094984441562799541909  -0.631277409871596342655594712695
 205  -0.524722312140590357064564331219   0.534013405337177406942018493224
 206  -0.226533974880095110547898584744  -0.153748794205322560307911254738
 207  -0.577511385175850926384133666526   0.750232513215665770683781842083
 208  -0.193989051047672036176445419757   0.333050746498918339875529860241
 209  -0.123832963939572152296203341419  -0.125688048631950113499372865259
 210  -0.685940655673531488757115438048  -0.088108407561139455553811400347
 211   0.416721277717631845486902556873   0.117587736490434789941714983024
 212   0.168212355683075251627899673546   0.623177097730081019097936830460
 213   0.562529188811665481094210196875  -0.416062370322583886023045253889
 214   0.443770464672221052011532238535   0.220559793745957459340110883916
 215  -0.502092083869240910931531149734   0.248868509778800999449914691806
 216  -0.253583161834684317072528266407  -0.256720851460845229706307155629
 217  -0.839223416649143310478541130616   0.109190798761302565702484515817
 218   0.114113981773896838578640310220   0.417232983219035680301145028677
 219  -0.928514483079462965166423726636   0.185011022929180755741852702453
 220  -0.727291191340000000000000000000  -0.585859511771000000000000000000
 221   0.049024134109050689835733980246  -0.556366098189446120065737201282
 222   0.384176353885208771115449391885  -0.369211804213806110241726131955
 223   0.395167827640876506809096358535   0.398443162683630351328364296221
 224  -0.472527339104181431010637548251   0.732533553902741902302016648799
 225   0.181171813598497117901590032476   0.929271218671414346297469484249
 226  -0.296690061988194994428140663083   0.304990000925545893066991470763
 227   0.536690659817019296248160479240   0.539737138900284741373848640656
 228  -0.096783776984982945771573659756  -0.022715991376427444100976964368
 229   0.219296926672691307806754404806   0.829866093836630978973615845842
 230   0.092560531697141499900834111882   0.698088409412231241687794341873
 231   0.484437072836269794156676878297   0.813442650932105230687301890268
 232  -0.292527389270012953140158838450  -0.749473111491396169479476221718
 233  -0.665999935050000000000000000000  -0.672912974715000000000000000000
 234   0.335573716853864225913013511885  -0.191328435276133218253472719650
 235   0.303028793021441151541560346898  -0.678127975980374118436913834629
 236   0.747144766775598303147043978985  -0.082060893540950205347607587729
 237   0.521815017017141942973637188126  -0.789985640318242764997018705648
 238   0.397588212888000000000000000000  -0.859238931778000000000000000000
 239   0.368118640686287300284466676872   0.295471105428107681929968395329
 240   0.021974947154461483311104298583  -0.659338155444968789464133102173
 241   0.389672090763042638962272875210   0.014615679234912120543319082133
 242  -0.302185798866028862274964146408  -0.078837482523172337718053743325
 243  -0.280632348789273523597157948070  -0.359692908716367899104703056521
 244   0.297962553578187811697139022097   0.754209900558974688551369052441
 245  -0.005074239800127723213525383080  -0.762310212700491458862529003064
 246  -0.528759272794000000000000000000   0.640403341020000000000000000000
 247  -0.015636216121215326197684614768   0.286200180390140564094210738307
 248  -0.943415656880998401627203781646   0.079593481174141752729792054501
 249   0.459828177871142522842514953549  -0.444123115895956332831583643368
 250   0.801244929854115811176787067623   0.123876671873055363116279603594
 251   0.768049687492784253993081852367  -0.359821041667801985498133645306
 252  -0.551771499095179563589194012882   0.431041348081654737543622592333
 253  -0.053676876831472268415961263080  -0.584426843762818566874275590760
 254  -0.211239889007928113369178060344  -0.818228077795514993038419340238
 255  -0.318243512064950333105946861421   0.585845427118741454453640783959
 256   0.573520662567333216787857163524   0.351592596574852575547045174286
 257  -0.637338018642186943554679558047  -0.265991776498812347542064812652
 258  -0.350788435897373407477400026408   0.099045886414500554270199668980
 259  -0.472835778553199965902365952742  -0.694104226232817871805926264802
 260   0.492373101703565597213968118536   0.042676424808284567351857471612
 261   0.422217014595465713333726040197   0.501415219939153020726760197112
 262  -0.010140479243381458350861131443   0.670027663838858794879255952394
 263  -0.680444918795697620910291954723   0.295719075887578775231233813740
 264  -0.037189666197970664875490813106   0.567055606583336125480860051503
 265   0.141163168728486045103269991883   0.520205040474558349699540929568
 266   0.108618244896062970731816826895   0.033405499770317449516099814589
 267  -0.088806106148877566948331325172   0.745683857116513638548000677407
 268   0.000421497077706144633298100245  -0.378482729251773228077483788977
 269  -0.361779909653041143171046993057  -0.668609080482935907299890759196
 270   0.259921892867930474185947950222  -0.116417123593982995663615208237
 271   0.184270068881996722458882388559  -0.041505811911832773073757696824
 272  -0.372341885974128746155206224746   0.379901312607696115656848982176
 273  -0.369309953058710666389661942899  -0.871767390113553793568020085013
 274  -0.410382546684385688373482873058  -0.490725711545263015311637346891
 275  -0.866272603603732517003170812278   0.006218741505779896304088614926
 276  -0.156377887771995226667656506406  -0.612487589336191013682813980239
 277   0.939588843380908473365991351626  -0.116365928380049508760970954228
 278   0.546471475612744010263227481861   0.248620539319329906148649273395
 279   0.097626771140395235038169860246  -0.734249467127119012053990613586
 280  -0.269098354983190352719174547561  -0.907719284381997161641026948161
 281  -0.615784568565431604876873359710  -0.546847202692007908928714125848
 282   0.927743490688291103046260006659   0.188839189203747863812374690360
 283   0.078470802657974159649894789150   0.901210473098041899488931094771
 284   0.946712957340779684403176000983  -0.010139048116032878518017550201
 285  -0.393895336050884084833012423083   0.660756738800891677043498295372
 286   0.411225540839797977640079073548  -0.266239746958283440843330231063
 287   0.595074112644088555465663361862   0.070737170381657014160395861090
 288   0.586110983333813966903507654668  -0.614011951375236510573196163522
 289   0.346619003868000000000000000000   0.576380842510000000000000000000
 290   0.643676749675433100668099241862  -0.107146198556015877827857551214
 291   0.808720651043724994012730387528   0.492279526762019377142018227217
 292  -0.166939864093082829651815738094   0.436022803754441009273925761133
 293  -0.458985183715730233575918753058  -0.312842342607590123323383934587
 294  -0.529141270823830117456160831397   0.145896452523278330051518790914
 295  -0.329234985820618068799593828070  -0.181809539778695007116449644216
 296  -0.091288040107149077924750176431   0.361111492072290786684068249720
 297   0.486877364825731729367144635211  -0.341151058640433663433187742476
 298   0.162716618805241383781076190221   0.239349614281362788312891616372
 299   0.292466816700353548557401115209   0.370382417110257904519825906742
