   1   0.639433194756214032601579261417  -0.080790500424146991794393582581
   2  -0.145880431135637626858360063327  -0.800925972986214690457722212839
   3   0.058610612828336545981324387665  -0.719747426883281914827558903641
   4   0.922644345239069331097683630459   0.204316409916347610643408982970
   5   0.067521804490103973086906331942   0.001835321510415856432211240345
   6  -0.724900182551957064786460128821  -0.090297721135284788363318566268
   7   0.303383750852489236460567796399   0.301150046042794541103739075124
   8   0.216979032461895478323932621473   0.369237525154750643697740296527
   9  -0.199277548499997630078571477449   0.818546779045259434971893854711
  10  -0.827068028337850259698193082398  -0.131082662712401408234199914262
  11   0.611075607862758982091600343252   0.423326187783990951484649186888
  12  -0.790174625973160484218348464253   0.295961813488603135856718576279
  13  -0.057998250105185232861070681954   0.464627541801546229014861391339
  14   0.122657687555618165724010952291  -0.904383772269633351671618313352
  15  -0.059736944376818273226901154181  -0.869343659741994328366119639308
  16  -0.216105438106969760698502649983  -0.624027202592662794196041603762
  17   0.531071651233671637320277763872  -0.120857232671219211608029727877
  18  -0.788213058310476189214866374637  -0.521284910458361348615565626599
  19   0.374025341847783557822105192673   0.124190146241765716044855284325
  20  -0.482432760644057449283100274914   0.192615354804007027066453429970
  21   0.343418494700993639610788229290  -0.618288052298857550750177327170
  22   0.341580861880000000000000000000  -0.881071684871000000000000000000
  23  -0.089524504895784106411266239258   0.246882700423400784085096252547
  24  -0.364501787462864817596269542685   0.342272717070196369402217347359
  25  -0.018882913900489785049728842984   0.069922800622371959026212461748
  26   0.355199612242795229289783038228  -0.767487487739131014948436920559
  27   0.019941865314805410492371019988  -0.324739476174140550635947496656
  28  -0.105287632291083543186364017909   0.138010279734328061620213683151
  29   0.351861452690977707681694818476   0.627588625119859259266652851097
  30  -0.302510156497563518835137824909  -0.555939723480706691602040382359
  31   0.531938555145286948358294605433  -0.645950794860227106763211225101
  32  -0.410016502278000000000000000000  -0.603534378847000000000000000000
  33  -0.011769746535183370875036742829  -0.542457319438429554454278907776
  34  -0.444389834462110489114434917733  -0.833987684674944095660356458164
  35  -0.034646041295789221824826621635  -0.038949620066700763438670107648
  36   0.508206230768000000000000000000   0.794458499999000000000000000000
  37   0.850555934565634954992031635046   0.411791677111030565920337231876
  38  -0.270983901706964645284942267606  -0.338194882102561246672275243567
  39   0.138163395485398294448443728216  -0.175124578290612968626672550454
  40  -0.733602133076035008761568497633   0.541928347187913497667812240753
  41   0.099048059280702846637101889245   0.219580162888561301361976379138
  42  -0.388914874888157276971772999834  -0.487852244368750589008039160957
  43   0.201215905066596041548834842822   0.260365104465677921232857727131
  44   0.499545396443072763770082206569  -0.338602074049364656537794866669
  45  -0.794011969753147019640051932527  -0.411430220990597019175939352323
  46  -0.332975532672265944046073985383   0.560017558448341814331982486152
  47  -0.136813887081682416736559575212  -0.079734561643817383309551455642
  48  -0.128639841100479554222608078228   0.641587441602575054073745182139
  49   0.093253144573092679007920691590   0.831761622271237677441147723947
  50  -0.348738660067565380821171764034   0.451145137759269091867099916756
  51   0.595312480467459545316502564601   0.314453767094918229019766617492
  52  -0.050409168691088658599924400286  -0.147822040755773485903552677045
  53  -0.654270845304742096888984105941   0.326436526740047930630389484406
  54   0.163288888514490754633326689973   0.654891162654698741989772724506
  55  -0.043557232957556648930408565912  -0.760532368460398534698440251634
  56   0.610448156854135782502663508030   0.721367334272993250407733132863
  57  -0.491082720674050471883505953411  -0.528637185945867208878920508950
  58  -0.475319593278751035108408174760  -0.419764765256794486414037939554
  59   0.729212081373000358921568212183  -0.149979329213538636948202213545
  60  -0.740855841375707308516796457459   0.394294603837544648950181780185
  61   0.453994163223000000000000000000   0.580975401621000000000000000000
  62   0.271857496061890362910372239096   0.083405204664649096173973936332
  63   0.035995549699505099536710774639  -0.215909519867729588497553898448
  64  -0.255035417252275300692632283440  -0.229349459527344965318826401844
  65   0.405783127351364656689589798336   0.723474667763187979498385629998
  66   0.185452777671296604773737064170   0.151492683776605198767975157735
  67  -0.175929223286377864547901414183   0.314970179535356886679097473950
  68  -0.215044559491073312359243253154   0.709674920714531156667746403541
  69  -0.027532873930482807650134521481  -0.651329740127502276919161477172
  70   0.428903805447778442408544810295  -0.161642174248335831478911075870
  71   0.083284931885403409862004110593   0.110707742199488578897093809741
  72  -0.182326101452108032407640012675   0.927240516744178708205042491892
  73   0.144754099587155899612783296811  -0.788165113639061552735956330110
  74  -0.614480751143624942000491753951  -0.587481481379670136356102700701
  75  -0.623692261764316987093639506954   0.546565195279069125059497481797
  76  -0.095921383061514274271004837749   0.859153037632222605611041270489
  77  -0.129700719716376002561867475058  -0.692114681704618896790042825165
  78  -0.373151747492857840196675221183  -0.378979823679677866543156591560
  79  -0.617412730901896319243130828655  -0.066885589456287181704810635166
  80  -0.929235874123743454609926035975  -0.171867604289518028105081262255
  81   0.656621550605586396006110830649   0.523462331466709014353191568393
  82   0.943869883449644110229465082706   0.046124031474830877710560175245
  83   0.279156020486586684902276544764  -0.529001913510008858417951160865
  84  -0.144402968495778990997705856880   0.532715020913502331608862612742
  85  -0.357388620097558403421577442531  -0.270107402990605144078274022164
  86   0.508907762076865787179867389675   0.382541246206874331613767838895
  87  -0.246570814281672185909438810457   0.491930079336385711737981264749
  88  -0.427844854033462816965902633291  -0.093174501303432760130823959038
  89   0.012643340890109088500466714319   0.287667642000517403955977600540
  90   0.074634971855410387261598432096  -0.610544798550385657048280129179
  91   0.444666932843077879183642588946  -0.052769753559263109014028506474
  92   0.422503043686272029043232214750   0.450628725318830434207769060298
  93  -0.827731661230011476539248286816   0.192563799606834007845810684886
  94   0.130574314071301720187297446548   0.437325004266706746291741517930
  95   0.820256889292205455455974751167  -0.211724963544523188572169002724
  96   0.122400268090098857673345949564  -0.283996998979685691091555119851
  97  -0.867933309506956346458535392869   0.373777411584806534633567587511
  98  -0.756426437342555938336655686124  -0.308042562513430233293083705061
  99   0.784853700409000000000000000000   0.288189948128000000000000000000
 100   0.524670889472165223954965168327   0.491413666895947054078650408291
 101   0.758160169018916522144074870681  -0.476053461873729320877877068422
 102  -0.239272289856975863917534504788  -0.120477038838272242853943832447
 103  -0.880416688143740777776687107453  -0.343342741878640916581938130920
 104   0.249693606905084512769961864899   0.586803683542742639395771503103
 105   0.441750988391640201108982560351  -0.835388441036710125718927573149
 106  -0.112872830109403871941936302523   0.750459299933303332377892633309
 107   0.476193187633676752733838146250   0.164975087818882335915736632319
 108  -0.648938985692495192793326385958  -0.284630430834432626634575773959
 109   0.674587830882068552257139705160   0.631992939799131799301678335017
 110  -0.443793338488152161558212617457  -0.202019923878649041484272800761
 111  -0.396028042253463691146465099988   0.124527875692050924472452208567
 112   0.265456734300383949545059643550   0.695676104231815361860654072500
 113   0.570216832214992637869475655724   0.591549810578665116947192789796
 114   0.028406468285408525275564492971   0.396540062689590126420860169937
 115  -0.412081726638163380190804854639   0.015697919385639962334058610358
 116   0.794925288953737288280776636772  -0.318776307283268426335585348085
 117  -0.459556465883451598333310396108  -0.310892344567721763949155370158
 118  -0.325677008247569622054169679714  -0.052389559726316140259942611045
 119   0.649002624414864269007108496101   0.028800129594970130727734189513
 120   0.516743895292924008016482692070  -0.754904007222001275841981997294
 121   0.153926522880697731223541506867  -0.066252157601540246161789981058
 122   0.742231550886284415610553848736  -0.584901793493298269812515838500
 123  -0.530198056878745919694847792382  -0.133932444766692938890271579358
 124  -0.818614524909503170756983386075   0.472110201933748047727030791417
 125   0.192799260594000000000000000000   0.779272640786000000000000000000
 126   0.381614423261880132083251474340  -0.488259436315553998873558784059
 127  -0.612357892787036863223363585690   0.719746896001751307659073524374
 128  -0.554671439065000000000000000000  -0.764980209474000000000000000000
 129  -0.235517399008119970946448812344  -0.864698178237455907441131311381
 130   0.051758677094804536311808553290  -0.107037099178656866032671329051
 131  -0.402416521133602183044410809409   0.738474020505158296101723266627
 132  -0.639843429067000000000000000000  -0.695244998499000000000000000000
 133   0.664765751810163705782206274752   0.137672550284042853192616758909
 134  -0.066462853075788347644264154937  -0.256651997062184448041946275253
 135   0.942834710011883875468346656553  -0.063878734799170729506680840820
 136   0.319378408960770898552954623411   0.791562146875144082092386851401
 137   0.483782269047773326994984427918  -0.447474494738437379002677436066
 138  -0.545961184274045356469945571034  -0.242804865455765661355154148755
 139  -0.293860196467570496234732146411   0.165312817269167544343333556560
 140  -0.042235122709885796085972903303   0.573499962490618951479743960736
 141   0.256094368666590926135274460444  -0.025467216024423626290908633064
 142  -0.419380251062859702182709160308   0.628105037560297916925983707555
 143   0.748448221688165795850475896745   0.452726932611774525872203610952
 144   0.429692978990975278544963837830  -0.686540477402120959710360734302
 145   0.252947606874050330904586021587  -0.808060971321996243943835293142
 146   0.618911741078817202928215645647  -0.714119065644884655971100649301
 147  -0.317212405276966507270976206731   0.668889979137414536796865055548
 148   0.090583456310099731853908416262  -0.501699375975169375694831287456
 149  -0.682407210726767215730394244985  -0.389423360390935613213926725091
 150  -0.466669633248758012508002496262   0.301487775493079749531335999366
 151  -0.944031760874632507439102066427   0.042682755565645180532714634028
 152  -0.639754280109000000000000000000   0.437671414377000000000000000000
 153  -0.680401708079786495594883774875  -0.499412715017243986273191862095
 154  -0.286747029102264082060040046257  -0.447067302791633969137157812963
 155   0.389788469243082994597202971324   0.233062566930838438509737853721
 156  -0.121050759686382979961461796560   0.029137859045255339155331113754
 157   0.413067113584000000000000000000   0.849911122558000000000000000000
 158  -0.435143378458159138957806938959   0.519232616871225194461101138159
 159  -0.152867571466382105780899329863  -0.188564517950228345447945053850
 160   0.617720276977560785183782281916  -0.188634041600780808366520190273
 161   0.232043462823671367069654472520  -0.916064197817781431438597722259
 162  -0.309623323862869933009829925063   0.056440396580094821878450987164
 163  -0.160166095891078427772803635531   0.423842600224429609143980043346
 164  -0.905490344763807338779435215432   0.270379397703037406622659696118
 165   0.892648477677101437870654985007   0.310155571388761743236506852937
 166  -0.703589629902195272590536112735   0.228103736391106417536926280499
 167  -0.739667206323041416911336000375   0.124180261412750944470178944027
 168   0.240331241271291489360176681793  -0.134339636713496348755791202461
 169   0.020334489377537187796059454876  -0.944777376795449507430900274557
 170   0.507700136064582746774314651760   0.682066896669724162294158198657
 171   0.703880482151375577024448309933  -0.257030673216562945201186426746
 172  -0.098174464925777129011671917755  -0.474369840326473451860277686373
 173  -0.341440135642869058829267458365  -0.161261980415388862724825180441
 174   0.044169595680707962050662271622   0.505412483378662848885742739333
 175  -0.262333941676971622684536589109   0.383057658647312989273098695353
 176   0.397377550657179568858349252992  -0.379387015626481276408676214663
 177   0.342499087057184684271909635370  -0.093554695136379728884909854468
 178   0.319146878247788673235665575050   0.410022466731867263568621644521
 179  -0.450023831569030113914480147872  -0.724124413976415867835492226434
 180  -0.288848399438121655232683514738   0.899769073320911195868995594548
 181  -0.811304900942550822923095303747  -0.022210242023328685769317344866
 182  -0.009140167267861227437822101324   0.791546079725848111150945156615
 183  -0.708951698097267720194150144656   0.018547701439931492990130275455
 184   0.578361033419569947645571099826   0.205760029395998955786617980312
 185   0.326735959661885247496811856718  -0.202427115825452451349792423864
 186   0.681717198858053303453137739526   0.246366287982962126425765396089
 187   0.858214068894042484286494837266   0.115151284098669633632544203045
 188   0.176981407584000000000000000000  -0.569978529689000000000000000000
 189   0.310972832266585810721714078067  -0.311299536514525173814674993260
 190   0.358262214452484121047007414021   0.015317725552692993579972714929
 191  -0.514249572424056575102537808216  -0.025087022191476657536822737635
 192  -0.577921297322313650449495069452   0.247237873374869264064348373119
 193  -0.553074351639351770644637671188   0.369575254605035852125337220769
 194   0.649999762427091699247584904046  -0.496128486602730458061265121983
 195   0.169689650275997167998639285519   0.042620263087532476303092588338
 196   0.268905412931715979739630546605  -0.699216914994584413582054081511
 197   0.114811186676002283412199667896   0.328452583577634023826858948534
 198  -0.318273283892862955610235603560  -0.664812144169779414066922951756
 199   0.146337441466601156962395225199   0.546197424955779468756624087326
 200  -0.561724311669344793245043349685  -0.351677286144838383820036718151
 201   0.849279483995838532819153493954  -0.414417834107677112528057630876
 202   0.768121917248647061589772914452   0.178278808871006023831764174687
 203  -0.842831155733149696473290861050  -0.239955083401474130699082483658
 204  -0.722292101374314635620474353713  -0.609353676820787498698476465205
 205   0.751170470200757463918841449677   0.069585071172086750598615537507
 206   0.004178737919505973717273241337  -0.433611896863213273100830066053
 207  -0.223218605472276174873194750137  -0.011647082531861280715550234239
 208   0.192751302095992926765641369839  -0.460914434398052755823949939462
 209  -0.082225980471087784419361933589  -0.365524417751257170506828844650
 210   0.759594954647884677965750241854   0.562168380501975551450367268660
 211  -0.149373912249300617314989903199  -0.933115864993235545349528737850
 212  -0.740663309947256501561557907473  -0.199170141824357510828201135665
 213   0.295209704871286373946616299415  -0.420171957203597896279557562656
 214   0.515308523838372200545179985221  -0.229729653360291934072912297273
 215   0.445664070855305309424118996893  -0.577698369756963697803027817969
 216   0.293114138752696847110474509883   0.898388493262241603218374440680
 217   0.287620623457189799685470017747   0.192277625353721818638856505728
 218  -0.577487439064644230020141128336  -0.460549706833911106284919287547
 219   0.562597906024270510870473321175   0.096887608706926233321735410916
 220   0.083297587999754880089691989604   0.941317850142107438989101962653
 221   0.042586253801262704701050343234  -0.828950055216178172606837678103
 222   0.059932723076007398825760050274   0.614284904067735571350625308729
 223   0.224568113875992052585078903141  -0.243212057402569071220673771857
 224  -0.913472746728444017834828257324  -0.062995183600445305640198692859
 225  -0.344458303841986553629006324459  -0.879980829380411910328483067848
 226  -0.841863915088739312527369112850   0.083467697142761800403595982021
 227  -0.207455478076976738098096971486   0.097225338157211441749332335157
 228   0.601713242228965958681815160146  -0.297817132472248036666913518676
 229  -0.026091614315750825108753566098   0.682852342026928837917796519435
 230  -0.168630698861681542555997108514  -0.297436938639301067912827623247
 231  -0.490249046770000000000000000000   0.807881858506000000000000000000
 232  -0.350092300948906178429051554599  -0.770117558681883682503618836117
 233   0.413140678052479005633447031643  -0.270514594937408553943793645267
 234  -0.305799846486011252903614979512   0.791075335621991922635846957368
 235  -0.450906505853458575732904717611   0.410360196182152471996218568762
 236   0.160778458614229740893057341242  -0.678962485306165294956677555648
 237  -0.073761377500484669636168460606   0.355755121112473506549978821943
 238  -0.184579183316370887148307092680  -0.406282361214517349266276464970
 239   0.460430060238377315958740367598   0.056102667129809613450854062922
 240   0.547831916641198504335851950469  -0.536913428179847077932146469976
 241   0.697480326253352740228235518178   0.355238708672034848890647965486
 242   0.232742159857194915099030400125   0.478109945843823366162622865923
 243  -0.380264914858164254371367321337   0.233400296381123646937334777963
 244   0.405551596638382431372300749976   0.341934987619911160974620423118
 245   0.927987954922000000000000000000  -0.178076731888000000000000000000
 246   0.208804986480692615809981124490  -0.352084478091641793685556341253
 247  -0.601464246447206974650820844489   0.041959833118929099648638206557
 248  -0.113937592321076565786769696406  -0.583242261015546174325160255769
 249  -0.191692350681677301322999192834   0.206097758846284164214214904554
 250  -0.504584366919495377956143762986   0.697689078928041676230841918634
 251  -0.278097069072271059459634367760   0.274185237958240266808216125956
 252  -0.200342310711670323923404871332  -0.515154781903590071731159034366
 253   0.491956315028976189508935924901   0.273847508507955058380619201715
 254   0.840227448408392651854444946338  -0.103545219874251246817845450200
 255  -0.236860606705000000000000000000  -0.738963527068000000000000000000
 256   0.841262621846152886615563372491   0.006457546399750360399395565864
 257   0.336098325295678270906597039824   0.518716204430786536801770281701
 258  -0.026660475716597366407931153291   0.944620030592883769303864463286
 259  -0.230807686886372749134341031806   0.600802500025458434202863834145
 260  -0.633175858297195756018228607306  -0.175758010145359904169693204562
 261   0.741876757144947538059726888198  -0.040703137114937745480168201807
 262  -0.499312270831000000000000000000   0.083905365967000000000000000000
 263   0.106346583705399168629006194913  -0.392826955286096653229948718059
 264   0.900300272309984954333428636842  -0.287188444825523724624316934931
 265  -0.003119786505190348274631064332   0.178795221311444681491095031144
 266   0.694378881961000000000000000000  -0.378537379282000000000000000000
 267  -0.522243856513630911669015141086   0.589108129405330793901267997474
 268  -0.537311224244052333869539892536   0.478447675294108574590219790165
 269   0.546834778628971074095375542524  -0.011984811982146489143147158480
 270  -0.515681611492717206942273823669  -0.635859267358560290340011738688
 271  -0.392691435679000000000000000000   0.859199640987000000000000000000
 272   0.183153842765393735889450482314   0.895161501107996247904585610901
 273   0.585950114833666521906717381494  -0.406689553161320759131796088072
 274  -0.627240081919766826151047076246   0.148905083025927750970885169212
 275   0.634106400931180143270027559010  -0.605165853283110486892329877108
 276  -0.932027257304000000000000000000   0.155977085422000000000000000000
 277   0.076884170123896996496691515048   0.722978641766654844583773945909
 278  -0.691852894660901736264872169437   0.643705954075358193665727611589
