   1  -0.617294805531065791291954134703  -0.501952507679966782413138975211
   2  -0.504564676562970492074282601017  -0.545144267294090591365925558836
   3   0.662978861246592084682151907167  -0.527468416366368253382060103965
   4   0.405128811343504692803169849464  -0.202759195119351584227008112952
   5   0.919949831379509621673629204743  -0.191803596488731380325365381411
   6  -0.920040558845862996926543954854   0.191367923016874440841825661452
   7   0.480940229861333154044641821621   0.807336861032696997733659221445
   8  -0.594282030989269552330399840424   0.050717746699894346122402974029
   9   0.367055864861023293441547740047   0.035287182254910691316472239245
  10   0.822233302225692501248258278313  -0.121231741696271067631313715527
  11   0.173668267050545624076882152096  -0.795997313105321983982523845670
  12   0.430300030713781238540577705647   0.350315152424664238832246670729
  13  -0.247843743257458670246925795934   0.601015993723806922966892878461
  14   0.169144016023000000000000000000   0.680582841919000000000000000000
  15  -0.015216199482810153159207723751  -0.276902030238461664741718756095
  16  -0.179456094205871392254882937058   0.123939309948733807263097229372
  17  -0.127811541145914676569469493518  -0.233876505320273234325437714588
  18   0.839216970810329304564188590119  -0.001898335811229322680190116973
  19  -0.426200767386782604552309465017   0.321736262924910898605061419310
  20  -0.561827081336624108582550686609  -0.188099270393347015143456777665
  21   0.097379142180294370251054046015  -0.319927555156650095157999797602
  22   0.886897600098479079829939219684   0.310658910737739108815712862552
  23   0.363214495981597584759132577946  -0.636572674157301333171002191505
  24   0.792453102322538097929552377152   0.109196431674793453596082967169
  25   0.470004964143798845027156902971   0.112541294214612772746164144371
  26   0.045734589120337654565640602475   0.037888260112356946430535146359
  27  -0.936562896804261521560150532869  -0.077111945966954162195770280106
  28  -0.350180848459612888514885593841   0.872049130068544881270138426563
  29   0.523858899135645062270028420705   0.426312816193606946187705805320
  30   0.504822425894404362589217365996   0.545336004880738083959445981419
  31  -0.198492567447112091935693991767   0.242962498635864945034837405471
  32  -0.355519741085585189186084966768  -0.155102741031227280755213700749
  33  -0.468115082748689712596346736535  -0.112077216113038850338932659242
  34  -0.266992592658776818629262675783  -0.751093833015534272201360077511
  35  -0.456515469955888483182730214475   0.560766569325721738765376716202
  36  -0.313605425723678081142047695250   0.278710738006722468188780377803
  37  -0.936967713930616121464085868610   0.072026487716918326702188563830
  38  -0.228807270016217970566114741225   0.481992805036675785195152702363
  39  -0.204851452939999266414201087584  -0.436174643323677986714975094453
  40   0.344178022740356885078321523238  -0.517549485470170195399262015406
  41   0.119520532572000000000000000000   0.932100310982000000000000000000
  42   0.649407254669116768358360573044  -0.407698978471623487337005512201
  43   0.279631742568195315768693826463   0.631387054717114944792008064432
  44  -0.437478996714647783501919159766   0.441743380638590600993636540104
  45  -0.475760872425393797519848763471   0.680046245680197394403901378871
  46   0.373643060808319079404542161405   0.862257023741176054011639940085
  47  -0.085897225784007568525432222000   0.199936973717676514618556363964
  48   0.797670353140921749416462296560   0.229619382363667416116832448558
  49  -0.657804432059970081742689035229  -0.264321518041121692174352945131
  50  -0.918988121921926470551736340225  -0.196359730208642023586907782014
  51   0.592297834945394669315927408918  -0.050629412410230074021784983906
  52   0.089942281731854899983859513366   0.471939418969241631718049753941
  53   0.677139211089078533674721663908   0.144290779472049243320810196904
  54   0.056431538060000000000000000000  -0.767848237924000000000000000000
  55  -0.523601149804211191755093655725  -0.426121078606959453594185382737
  56   0.517775439764771545267287748568  -0.245650264866303919148984294595
  57   0.937205666672000000000000000000   0.068858930761000000000000000000
  58  -0.169702618304940660629394308726  -0.822252582645827787472485511182
  59   0.336741162291917414811126990589   0.274317488655721531476787536137
  60   0.718963255527079369047446186860   0.605134818931371566445032789017
  61   0.542895372376885761950839475414   0.307289627506475808415965629222
  62  -0.256496005999955982099614531125  -0.078358828054670945126440150492
  63   0.154488561904016469293487210141  -0.676997121218043508473220325897
  64   0.311569942921640869073719134406  -0.278756858888294291582467247544
  65   0.273496996439159469712097024989  -0.040710481514032016038986895347
  66  -0.003616586690008923745591201692   0.395941755200298924362590619349
  67   0.618397804417820227507331411876   0.501087826369231847178632899360
  68  -0.538796109049887127962571234784   0.364761787843099329021342460817
  69  -0.797060921089897424414957477960  -0.231343785330131938248581517075
  70  -0.242924399422480665775823197001  -0.198128265949415711171494742256
  71  -0.185814979698758566733390032876  -0.555197832010809124486715270551
  72   0.599361331176579527826520357167   0.620111015056362984950373075458
  73  -0.717908054730177642312066258213  -0.606386293409351838895364188146
  74  -0.580710424411794236006608506301  -0.069051691194850419922651617736
  75   0.170255750419810461686848801487   0.822746597654835264444690985373
  76   0.205109347387572191720054166114   0.436366202261041099664808753742
  77   0.236176213673409763663423245059  -0.909569737829976492376414299364
  78  -0.411005663024967613553913572409  -0.469146782174432263654153187537
  79   0.248047430325880293022937925199  -0.600999457449100801117761191306
  80  -0.049448147451503589730405355946  -0.830484775456783373845531667956
  81  -0.118878989915000000000000000000  -0.932101846651000000000000000000
  82   0.267227135472409447806332867154  -0.719999649336379276627064711079
  83   0.015419886551231775935219853017   0.276918566513167786590850443251
  84   0.742966123090980592087811288102  -0.331701314702680779981546377609
  85  -0.651391450712991651372833004550   0.407787312761287759437623502324
  86  -0.022653059931249623426402256401   0.514964943887430062134330795448
  87  -0.494471129841086142853717203245   0.799121150786837829822196733689
  88  -0.051665648180951877846225274684  -0.709969260068797785412398418982
  89  -0.294568952482437381461236640542   0.159687549319591330417040201705
  90  -0.298410321361863090143651802642  -0.512172307092620694070434229044
  91   0.682015334487832784362962961875  -0.646491605053499391153800280063
  92   0.630370781427876068677549518335  -0.288675789784492349565265336102
  93   0.580324857935338828145709302458   0.739134203743494122722113251556
  94  -0.041689533172490323107213311109   0.633988132574561199906070971546
  95   0.704403559984138345516562081551   0.026878846356009689448218237778
  96   0.476131500758397378786352656734  -0.679795393028242303438686331506
  97   0.569419992824728260952701192109  -0.603466080135310960737519238556
  98  -0.748264687636000000000000000000   0.210302935107000000000000000000
  99   0.843259829375612839755985457159  -0.414739884798427115645570950761
 100   0.298668215809436015449504881172   0.512363866029983807020267888334
 101   0.254460523197918770031285970281   0.078312707173099121732753280751
 102  -0.055253058680000000000000000000   0.771648424748000000000000000000
 103  -0.047824279301526169163810112583  -0.038109403656585760924923988233
 104  -0.860018048267934847409350127589   0.295896411873450752892455479352
 105   0.083807535602819053927262711892  -0.200158117261905329112945205838
 106  -0.449078609507449012915535681826  -0.231100404800169988110672835341
 107   0.325141549499116185397510468529  -0.398526296783039057627521839308
 108   0.437736891162220708807772238296  -0.441551821701227488043802880815
 109   0.209974483843398893661315815782  -0.362953080074838525574280839109
 110   0.724315577995651976576053215168  -0.212617042188118730805623099603
 111   0.920645271620000000000000000000   0.188251813849000000000000000000
 112   0.003820273758430546521603330957  -0.395925218925592802513458932194
 113   0.355777635533158114491938045298   0.155294299968590393705047360039
 114   0.022856746999671246202414385666  -0.514948407612723940285199108292
 115   0.158329930783442177975902372241  -0.005137264805831483985745895148
 116   0.051869335249373500622237403949   0.709985796343503907261530106137
 117  -0.001009113087701688871800372507   0.939731500787313452309815403079
 118  -0.362956601534024659453279499417   0.636764233094664446120835850794
 119  -0.706877372652374075740661610191   0.093743271618082776538684015535
 120   0.001485120529328569919952343777  -0.939730869078064095336768088199
 121   0.026698115879096954884829547766   0.156911448799488084202275322457
 122   0.494888067610000151113438464512  -0.798863012298379097882952449331
 123  -0.209770796774977270885303686517   0.362969616349544647423412526265
 124  -0.223887926181239966095012142293  -0.317151454636546848943234918354
 125  -0.579221859048584391930332025285  -0.739998885054229057956619327407
 126  -0.324883655051543260091657390000   0.398717855720402170577355498597
 127   0.186072874146331492039243111405   0.555389390948172237436548929841
 128  -0.749785224127330688457906872305  -0.342221714763452675839551071338
 129   0.783235455708193676192204618637  -0.519267303806795115040525552790
 130  -0.160419620964630692574071882350   0.004916121261602669491357053274
 131  -0.089738594663433277207847384101  -0.471922882694535509868918066785
 132   0.224145820628812891400865220822   0.317343013573909961893068577644
 133  -0.744950319134855475102283719608   0.331789648992345052082164367732
 134   0.536811913006012244948098803277  -0.364673453553435056920724470694
 135  -0.391969189783726913873102517700  -0.588169970861563401425893363636
 136   0.041893220240911945883225440374  -0.633971596299855078056939284390
 137  -0.070702121422192577527036329392  -0.590946071381666647640658242883
 138   0.116415615421535069931865100724  -0.438950743843781232929739973701
 139   0.049969895543479240597132007284   0.830506744263442568738800014985
 140  -0.479735623257634440545041342612  -0.808053243084148080523897781687
 141  -0.592882258138000000000000000000   0.728854536999000000000000000000
 142  -0.886293939840019506123783223165  -0.312376958311678550300596155441
 143  -0.369091347663060505509876300891  -0.035333303136482514710159108985
 144   0.704894096903994958029394009907  -0.093656070295752062342170526453
 145   0.386092338102263993122358794756  -0.083736006432220446455267936854
 146   0.750609604276708890159192908621   0.340588714501228660984454389685
 147  -0.343920128292783959772468444708   0.517741044407533308349095674696
 148  -0.317446794603103789824462857351  -0.393149118405489556298694052946
 149   0.177366404024682877656713426950  -0.124160453492962621757486071246
 150  -0.790032928644680492130770893491  -0.111012932757290634662803738475
 151   0.260198628859413816913419827553   0.902991132526162350711309437130
 152  -0.135248401594354146836664026167   0.557990468805618492550611836955
 153   0.637434277659060927188142466584   0.382064637682100709406892723261
 154   0.139293457542201478295091317533   0.113885923881299653785994280950
 155   0.485785952653163662908406311288   0.664359193567869221731186157517
 156   0.392227084231299839178955596230   0.588361529798926514375727022925
 157  -0.266881250081101982495832798792   0.720039017095995839858651288697
 158   0.243182293870053591081676275531   0.198319824886778824121328401545
 159   0.479702493282290145905665639151  -0.007603887492041643605503942399
 160  -0.279373848120622390462840747934  -0.631195495779751831842174405143
 161  -0.825137402593892589479543949862   0.117055759193372537571168615694
 162  -0.662669680040856830322442699300   0.527794430474967461826198623118
 163   0.196402877265923577337524481659  -0.243183642180093759529226247345
 164  -0.388127820904301205190687355600   0.083689885550648623061581067113
 165  -0.703396575112000000000000000000  -0.027158716408000000000000000000
 166  -0.097175455111872747475041916750   0.319944091431356217007131484758
 167  -0.173322381659238158766382083734   0.796036680864938547214110423288
 168  -0.481686689326165028920138070658   0.007692221781705915706121932522
 169   0.267329791342781310963243007701   0.751293554769299062035109896561
 170  -0.613318504230510252011210895133   0.169740935387025483894143150127
 171   0.737999728768320068728257241569   0.486111630244240428673292612919
 172   0.317704689050676715130315935880   0.393340677342852669248527712235
 173  -0.843019717468383328394697476007   0.415227730096061170269865010839
 174   0.135452088662775769612676155432  -0.557973932530912370701480149799
 175   0.456773364403461408488583293004  -0.560575010388358625815543056913
 176  -0.407164294145541904871498410308   0.202713074237779760833321243212
 177   0.839836851234266220572669831744   0.421628242875300353683334803679
 178  -0.235676008205532628811736468084   0.909699472923616676912470785431
 179  -0.258851607845124565518367137114  -0.903378191566076118413263574966
 180   0.658102737847837833993910609199   0.263313968159180381092550373002
 181  -0.275532479241196681780425585833   0.040664360632460192645300025607
 182   0.582600305806903368437418672737   0.069515769296424342329883102865
 183   0.386401324579157988807338830451   0.732561850857072096742732127405
 184   0.108978754973095599664670568075   0.352916230282110493946309577842
 185   0.857805762272501277565142173808  -0.295084869881056796572598969050
 186   0.292533469680400169392908079698  -0.159733670201163153810727071445
 187  -0.782934873715649631781358922601   0.519720401178422125080657310640
 188  -0.636331278772306490972765189411  -0.382929318992835644641398799112
 189   0.382394201128126739542527519902  -0.755572866044579808680305711277
 190  -0.632354977471750951692021949841   0.288764124074156621665883326225
 191  -0.598258332289825091611143079994  -0.620975696367097920184879151309
 192  -0.550074338377752306912180929533   0.484768905556779031409917581611
 193  -0.116211928353113447155852971459   0.438967280118487354778871660856
 194   0.070905808490614200303048458657   0.590962607656372769489789930039
 195   0.229010957084639593342126870490  -0.481976268761969663346021015208
 196  -0.681706153282097530003253754008   0.646817619162098599597938799216
 197  -0.569110811618993006592991984242   0.603792094243910169181657757709
 198  -0.372356664956840330438232126731  -0.862813320448531108973168439443
 199  -0.386041967530779841008180863634  -0.732221814011140751704944189214
 200   0.449336503955021938221388760356   0.231291963737533101060506494630
 201  -0.542637623045451891435904710434  -0.307097889919828315822445206639
 202  -0.839018242877452770166732617510  -0.423254887744999287891565709704
 203   0.424165284584745392483980904173  -0.321782383806482721998748289050
 204   0.936933499964146424989559516548  -0.072470190603689635374241782856
 205  -0.500723162567405728600949125366   0.126715410468837053477862108620
 206  -0.141383147723389992893260827641  -0.114107067425528468280383122824
 207  -0.168390594907000000000000000000  -0.679896690722000000000000000000
 208   0.550383519583487561271890137400  -0.484442891448179822965779062458
 209  -0.736944527971418341992877312921  -0.487363104722220701123624012047
 210  -0.485528203321729792393471546308  -0.664167455981221729137665734934
 211   0.563563832565662668756607618029   0.188538957983555480101623278963
 212  -0.519759635808646428281760180075   0.245738599155968191249602284719
 213  -0.674366980719147125091771088114  -0.144928935605573010517296800518
 214   0.411263557472540538859766650938   0.469338341111795376603986846827
 215   0.498738966523530845586476693860  -0.126627076179172781377244118497
 216  -0.430042136266208313234724627117  -0.350123593487301125882413011439
 217   0.128015228214336299345481622783   0.233893041594979356174569401744
 218  -0.154284874835594846517475080876   0.677013657492749630322352013053
 219   0.064771062361578354246451657183  -0.081134928574774191341205029740
 220   0.593634398953000000000000000000  -0.728487732715000000000000000000
 221  -0.108775067904673976888658438809  -0.352899694007404372097177890687
 222   0.611334308186635368996738463626  -0.169652601097361211793525160004
 223  -0.842064557678645714017085863619  -0.002285676106583576568468481929
 224  -0.066860752542766868844621167292   0.080913785030545376846816187866
 225   0.115892016059850864804147636530  -0.901783945437470348356928823498
 226   0.350660332800823315305215022866  -0.871856434787985097312517146081
 227  -0.336483267844344489505273912060  -0.274125929718358418526953876848
 228  -0.381994108357667971702186502275   0.755787256466853363012594261029
 229  -0.115402852119362472299588183222   0.901744934358203502380017146700
 230  -0.028787806060285469482999057875  -0.157132592343716898696664164331
