   1   0.424136985630203692768148371406   0.045999728810345033322970579771
   2   0.457796239493544239551264551646  -0.601912618035409823120416895595
   3   0.169500503312638667373361982420  -0.566502861406377820661409535803
   4  -0.078469783349763352181111003714   0.736424539786767637923472098755
   5  -0.534678103197858908054814675848   0.328117859983535182756146645481
   6   0.322066468435362353651082843208   0.204924922471791529293975611708
   7   0.919440630425534734248272614687  -0.220345290435879433916508522938
   8  -0.802922102751951713699165138049  -0.073506427739672611855760616772
   9   0.860749283933513764043543219288  -0.312253913900730449741480542245
  10  -0.427450079076321669742108128089   0.060264849201982452595402092405
  11  -0.880745483594346178426514378010  -0.343817557758090789265830025252
  12   0.701429330607629591413952961435  -0.574629335071205893540283601753
  13  -0.493215308757802782293650188820  -0.544042581557204927327785158690
  14  -0.442922599856409367329031186771   0.387048300562301155164620655821
  15   0.546694562888535779184997345614   0.000320889386478691752138913297
  16   0.751754702833209824066369043244  -0.315725298497615698283189864626
  17   0.138555461752463272199515865054   0.087064041314259584477027591029
  18  -0.249096579320118487486182169496   0.287053547479620631602089634224
  19  -0.207836523906551293921054013009  -0.584368989481229241915826534885
  20   0.643911573062779370598148177123  -0.049082775994049937830742641107
  21   0.506923486419302831496202910145   0.673213184715190314350144397106
  22   0.148870475605855070590797904176  -0.130791592925952883902451451249
  23   0.026169930704230134691168297734   0.463844869215918548827511665243
  24  -0.545281984430000000000000000000   0.545963033909000000000000000000
  25   0.755669641567329727851371270711   0.010234924253846970223381034401
  26   0.447481225578693978497982467849  -0.384056983914326097967823569495
  27  -0.172813596758756644347321739102   0.672767439418705306579782207979
  28  -0.105766006711709954803988484810  -0.743294183142675737886831566823
  29  -0.524363089344467109663532636726   0.110262225743322714376667603204
  30  -0.315064548028088532233760560768  -0.316515978699676511755081981810
  31  -0.346009589588263927407606678134   0.337050924020960893383355145022
  32   0.235468472020608712120940373692   0.037066664772919322695762080230
  33  -0.626433606539308448780598164925   0.269187419404769210347672635141
  34  -0.356324603441655725798888717255   0.554906558261173361762834187299
  35   0.847039495560379665905259831426   0.070129533694952942485510924707
  36  -0.340852082661568028211965658573   0.228123106900854659193615623884
  37  -0.616118592685916650389316125803   0.051331785164556741968193592864
  38  -0.233624058540030789899259110813  -0.039729903880698070967128929192
  39   0.125065244977200016790929181660   0.848274793427132317016453396430
  40   0.329831750319784189188703190705   0.782168636035639394999169493977
  41  -0.848340863690502954537429671031   0.025634912654014607037811302546
  42  -0.886747226815560387178850894781   0.328028162860279285813505874637
  43   0.021012423777534235495527278173   0.572772686336024783017251186382
  44  -0.539835610124554807250455695409   0.437045677103641416945886166620
  45   0.352688631299815752240830633510  -0.877230784484014465147731430613
  46   0.152899384281696746785709107987  -0.933029955671764503828142790469
  47   0.082057468326752476344882276818  -0.735966204077602648781082253883
  48   0.510955468495681785643333075346   0.795517208556128688496030488167
  49  -0.014010503370260414078204995733  -0.684363742563909765478357556483
  50  -0.351167096514959826603247697695   0.445978741141067127573094666161
  51   0.209680937387129216142735275888   0.581705750373450493644459685923
  52   0.794893721687573215565310980315   0.410918151403011457907974347452
  53  -0.399031485932590999937452637805  -0.702816394964886071587767730383
  54  -0.038301049628301994508541298220   0.944698972949556644562897461336
  55   0.454939059547086238459213856537  -0.058609551192287280656335097043
  56  -0.243939072393422588290541149935   0.178125730359514397412350113085
  57  -0.320222054954784431429401580329  -0.207588161579570277565342460671
  58  -0.335694575734872129016324639012   0.119195289780748425003876102745
  59   0.204523430460433316947094256327   0.690633567493556727834199207061
  60  -0.679422400858043901699908669540  -0.657501574984325276687679502332
  61  -0.550129886933854717902353346982   0.654941486798245589518380770396
  62   0.051957465337709630669373395539  -0.080794216384612622121185940450
  63   0.418979478703507793572507351845   0.154927545930451267512710100909
  64   0.240625978947304611316581393253  -0.071861152347186911493977440909
  65   0.939611036266855058461800896764  -0.105139052782986385646178765385
  66   0.846861086555973937558132004379  -0.420415770365256431345529935078
  67  -0.361482110368351624994529736816   0.663834375381279595952573708438
  68  -0.050113051857131708447692132660   0.078130977276833873849819091487
  69  -0.136711048271885349977834602176  -0.089727280422038332748394439991
  70   0.733981855011425765713855615433  -0.423317096979442047215199294801
  71  -0.304749534174696733842478521646  -0.534371612939888980134561024087
  72   0.366040736221916456213537845156  -0.660843058727088691685818959832
  73   0.360883229163940336967839998333  -0.551915241613198304566037100973
  74  -0.788192608894085376697322284599   0.522183426756644752415684200230
  75  -0.595488162030735076955132821722  -0.384380110707327008581346046204
  76  -0.519205582417771210467891617165   0.001334408623216480186928082066
  77  -0.401784007730482560665117649807  -0.484610381423760623080770158043
  78   0.734327878692507991808457432392   0.117176021955549591464931361194
  79  -0.228466551613334890703618091252  -0.148657721000804305156868450331
  80  -0.034640531077044010860769073977  -0.248652474083484828719399471929
  81  -0.064596607385097036144344123079  -0.943265815244521853679487235883
  82  -0.110923513638405853999629504371  -0.634366366022569503697092045684
  83   0.057114972264405529865014415100  -0.189722033504718856310925461589
  84   0.072587493044493227451937473782  -0.516505484865037558880144025004
  85  -0.141868555198581249173475621737   0.019200536698067901441345081148
  86  -0.019168010296956313273846015294  -0.575435925443803531288618035344
  87   0.067429986117797328256296454221  -0.407577667744931324690404503866
  88   0.694862541599694024182670442059   0.330751581550713111827159492362
  89   0.219995951240521014534017315009   0.363850116133238025264980643646
  90  -0.508890568564379412076609578043  -0.216521225616995988192550960212
  91   0.403506957923420095985584293163   0.481710997290769970081928664325
  92  -0.914476666376239663634193337614  -0.240115694089279525848470674812
  93  -0.070743079563915305230256210903   0.513842245757258810608777176042
  94   0.112767927118983776221310767250   0.631703126914790755425725196722
  95   0.641617390110497268865740069528  -0.483445997809304103424064246730
  96  -0.695102973032580068587374385200   0.578982977066683034296020333467
  97  -0.309907041101392633038119541207  -0.425443795819782745944821502948
  98   0.350568215310548538576557959211  -0.334059607372985836186558058696
  99  -0.212994030833247193116695032570  -0.475441172361123007726087013747
 100  -0.310685319503000000000000000000  -0.892936324868000000000000000000
 101   0.304314975984000000000000000000   0.646472157337000000000000000000
 102   0.505577475118261435102649821361   0.322785803629323474110923632388
 103   0.408664464850115995181225312724   0.372783180170663735892189143187
 104  -0.219659776985133933932947747825  -0.801016456665255372668178877129
 105  -0.590006452789909858662240852097  -0.493809687382111574609626557649
 106   0.741433544890403766641904742588  -0.097881692284294115811617210317
 107   0.679390020819606326595747383376   0.657535032911031814396378055778
 108   0.345410708383852639380916939650  -0.225131790252879601996818537557
 109  -0.223309044686638991507977071691  -0.257585538120910539346607971470
 110  -0.406820051369538072959544049845  -0.375446419278442484163555992149
 111  -0.167656089832060745151680719541   0.563839622298599072390042686841
 112   0.452643421702343829826316847490  -0.492984578990862993265618694438
 113  -0.783832473326200738505089869372  -0.393814934299431051047095536052
 114   0.592312966416722890455400036236   0.490429428650211012950012500651
 115   0.557011728957602781978075174794  -0.217530572860460530204645993176
 116   0.355725722237244437772198978772  -0.442987424493092070376297579834
 117   0.174658010370614786619059829243  -0.675430678520268207781191394662
 118  -0.147026062125277148369116641297   0.128128353818174135631084602287
 119   0.311751454581970555259800804086   0.422780556712003997673454653986
 120   0.327223975362058252846723862769   0.095997105351685295104236090570
 121  -0.610961085759220751193675106242  -0.057596031955549492221545928274
 122  -0.823045365348919442005660798601  -0.180683493955835221601455674166
 123   0.021747948818000000000000000000   0.813022022585000000000000000000
 124   0.945273381051000000000000000000   0.019522147654000000000000000000
 125  -0.060428065710523506838974171782   0.295986611517046342229298133765
 126  -0.202679016979855394725412993448  -0.693296806601335476105566056024
 127  -0.126396034418493551586552563054  -0.307582914662250801127873482268
 128  -0.448080106783105266524672206332   0.495976117682407389354360176960
 129  -0.637021181274130785326817762445   0.377722079681957974948922217016
 130  -0.498575151762589637033708313084  -0.434377487248667270362611557002
 131   0.460096566473782137654854876099  -0.167537368312393514846074618182
 132  -0.177672547755235669912446847429   0.781708982529972279650893782176
 133  -0.686919463058055298583665360735  -0.443812310840771312828361046850
 134  -0.014724813946000000000000000000  -0.805595968421000000000000000000
 135   0.554713611029585900696703329244  -0.651901539956122282247841944495
 136   0.271596060375000000000000000000  -0.725433752158000000000000000000
 137   0.062272479191101429060655434660  -0.298649850624825090500664982727
 138  -0.327552590283339477722645522544  -0.785173159696228188576174672651
 139   0.654232731005585428022612477778  -0.266926382207371520302315295417
 140  -0.789314182567025956797981838997  -0.284385357624646485018815024605
 141   0.936056715797482476057860590820   0.133120038705703244505036739719
 142  -0.146825284196215546359173590385   0.934005061985895955735481913537
 143   0.539238881135818723625561746983  -0.325122371342286879136655423351
 144   0.256098499727392308903504451936  -0.398644603707505614063196004324
 145  -0.945156260837712880944820218921  -0.024551221840268184196635694456
 146   0.413821971776811894376866332285   0.263855363050557501702449622048
 147   0.363183556205636697733430367461  -0.117539991771053253064809107383
 148  -0.941639330391000000000000000000   0.085077725267000000000000000000
 149   0.015854916850838336299886258613   0.681700503456131017206990707520
 150  -0.437765092929713468133390167210   0.278120483442194920974881134683
 151  -0.152183569051973047564757660858   0.237056170938280369820824123425
 152  -0.432607586003017568937749147650   0.169192666322088686785141613544
 153  -0.656067820892657208849817193157   0.680806972851877502250914436914
 154  -0.075900586490611204425897230464   0.622770062877365044798516697181
 155   0.164342996385942768177720962859  -0.457575044286271586471670014664
 156   0.791764816427261005858272238190   0.280733401320991604272312081940
 157   0.041642451484317832278091356417   0.137061417855599846258293101827
 158  -0.697559082173974392723817575757  -0.225454289654421698819759459752
 159   0.468410315526000000000000000000  -0.821288472668000000000000000000
 160   0.107610420192287877025669747689   0.740630944034896989615464717860
 161   0.587155459490026991259759016675   0.599357245770317247139752021790
 162   0.650201572039927837833529147842  -0.157951068591654756823057381568
 163  -0.024325517223652212469487034855  -0.466508108323697297098878514206
 164   0.914502192658137370516580043660   0.240018456619560423378400619332
 165  -0.715221408724000000000000000000  -0.008092448955000000000000000000
 166  -0.718189109880757989506381654002   0.210256978826003237939198624801
 167   0.123082940972375574612592806372   0.413847492674578287046246154444
 168  -0.325379561881480330625042599890  -0.098660344459464043375602939532
 169  -0.504623292368336355019070214420  -0.785659146165196408056623593653
 170   0.243733410837554341951364464488  -0.872688851605796484963057618353
 171   0.245783485874000510512222412814  -0.180788969467293145683716962047
 172  -0.157341075978668946760398680419   0.345983988058386604010563644564
 173  -0.843077653562488047168123251222   0.427952322061869638117896755557
 174  -0.396180835202016955471011060659  -0.593803813073333284381576024733
 175  -0.740507581383000000000000000000   0.317047517054000000000000000000
 176   0.077745000042212318115109878966  -0.625433302095727875163294050069
 177  -0.254254086246814386681823189057   0.395981364599726865791829155362
 178  -0.131553541345189450782193582615  -0.198655097542144566938133961130
 179  -0.366638674026491680434748352316   0.772762237159108385939255284137
 180  -0.044955544930435809252051113099  -0.030796839843272360339920429651
 181  -0.713031602954062090310740634441   0.101329161705897003749459103663
 182   0.036484944557621933082450336856   0.245989234975706080448032622966
 183   0.789736214760877316369669960754   0.519845968523117692097713868590
 184   0.463804433870062753809562865023  -0.712129363496647636127621134448
 185  -0.704652885112788269330687066828  -0.551410614556391919503975025233
 186  -0.417135065222929871350826088967  -0.157590785038230015784076949872
 187  -0.122746766716988494011523239188  -0.851013833206595634449444387928
 188   0.221978255245345456712353690298   0.798277416885792055235187885631
 189  -0.205650618393000000000000000000  -0.922807676885000000000000000000
 190  -0.422292572149625770546467108527  -0.048662967918123781594337428733
 191   0.544396388062514622821202766544  -0.434050188462393113326394944489
 192   0.133397954825767373003874845494   0.195991858434365818666767112167
 193  -0.453237613709801165720313225893   0.604903934802513623544099698098
 194  -0.029483024150348111665128054416  -0.357580291203591062909138993067
 195  -0.264569100100206185073105228179   0.613836998839939334171308197639
 196  -0.302927875689000000000000000000  -0.650354512502000000000000000000
 197  -0.162498582905364845956039699980   0.454911805178492838200303165702
 198  -0.238781565466726689094900130374   0.069197913239408163222610591947
 199   0.398349450996724196789943273602   0.590638814410876204271668185464
 200   0.495262461264869636711367782240   0.540641437869535942490402674665
 201   0.311283987110000000000000000000   0.891236344067000000000000000000
 202   0.117925434045679675416951786811   0.522775309794684521235985675583
 203  -0.503733061637683512880968558482  -0.325449042737102222382290481351
 204  -0.636888056582824685473504720982   0.486771845835154239591323375991
 205  -0.218151537759943092312336052131  -0.366513355241016773536347492608
 206  -0.121238527491797652390911543493  -0.416510731782357035317613003407
 207  -0.459489028040677931097942171168   0.715572369352909426354996849250
 208  -0.605803578832524851998034086681  -0.166523849075655726411285449413
 209   0.415955642954188828299592906985   0.849060670970658133311141239347
 210  -0.055270558783827607643333152221   0.187058794396940108039558612626
 211   0.825484972421034560363979284267   0.177027951608810121358874804320
 212  -0.925090263342000000000000000000   0.192908962782000000000000000000
 213  -0.259411593173510285877464208618   0.504909181719833099981568676501
 214   0.442323718651998079302341448288  -0.275129166794219863778084048356
 215   0.515892488971653233493931860483   0.104930169389111005731444590111
 216   0.214838444313825115338376295448   0.472777933253344259454720164784
 217   0.261256006654088208099145471497  -0.507572420827611848252935525463
 218  -0.734028600735940381328790222135   0.427536031438576821038790580893
 219   0.880782036664363816010872997584   0.343723906331741906291837896952
 220   0.500419968191565535907008801800   0.431713620749429708300663153526
 221  -0.504885507359106324962793371783  -0.676609614008708728354377690730
 222   0.332381482288754152042364882330  -0.012930711768420939085503430569
 223  -0.411977558296233972155185069406  -0.266518602158336249973816471011
 224   0.266413513712064327344843318320  -0.616500237941502235372717384322
 225  -0.600646071905828952802393067120  -0.275451666195761960601024970552
 226  -0.237246913887573546143221818219   0.873047715388384426688627453583
 227   0.070732704229404393171690404263   0.942825542954247929232381847633
 228   0.636459883183801369670099049967  -0.374518180689197869234324725592
 229  -0.818130551443673520858312192304   0.130416620285639376837416166902
 230   0.510734982044957334298290840922   0.213857986509217239921184111249
 231  -0.702716589100670291919458595319  -0.116526472534315464630019938614
 232   0.179781047384451906487557320692  -0.784360122253379595758909850356
 233   0.088800681454852165463011352765  -0.844807364935796590575169063913
 234  -0.083301968351919686991891563535   0.845367273405651831833061486623
 235   0.316908961508666454455441823647   0.313852739591897763483715132847
 236  -0.936042555880117090430903903282  -0.133219568667649886574681194528
 237   0.684547527746302225791388402937   0.548607215790925580206638534639
 238   0.602627980270114688846682075358   0.272573794409998544570533458374
 239   0.250940992800696409707863432375  -0.289716786587399379873456483186
 240   0.159185489459246868982079943298  -0.348647227166165352281930493526
 241   0.143712968679159171395156884615  -0.021863775805846649712711930110
 242   0.031327437630926033886809317295   0.354917052095812314637772144105
 243   0.641505643190584142548030140995   0.059940527577710827467356659615
 244   0.792818685618507832029638965352  -0.515132654399542459946610757255
 245   0.700607722698734437302750386316   0.220881471667731074378368638815
 246   0.607785487196810588042323094919   0.163645977289892310380793937236
 247  -0.269589216748801034991724716996   0.723030234762704485373954513902
 248  -0.065585572637219406034615191343   0.404914428637152576419037654903
 249  -0.330537068808176229820683619451   0.010267472660642190814136581607
 250   0.401127498427628329402871027839   0.699653270666557596992948957207
 251   0.838861251435141126582898839636  -0.146868539679107817893641932965
 252  -0.599194064982047709304656531235  -0.731361464930212464278832134251
 253  -0.039798038003739910056410093538  -0.139724656963378594529659950790
 254   0.552518238716053975687750364389  -0.108573343794650809416541902446
 255   0.154027982532550969786438923737  -0.239719410046059118092190972387
 256  -0.585113843235102517358045510088  -0.602749724062821540763225058811
 257  -0.692401172298880516876557330359  -0.334382734165986746800080535405
 258   0.206808740751000000000000000000   0.922533601232000000000000000000
 259   0.661080969638881493012126521068  -0.675940138973780025689474178622
 260  -0.346083936711486660967525133894   0.879857391083837236079157922372
 261   0.561417847650565716074240502751  -0.760745108583672059667915463897
 262  -0.801565895380933709252111575465  -0.501413238015051657722709514434
 263  -0.529520596271163008859173656287   0.219190042863428948566407124343
 264  -0.823288058370369420053953211864   0.239344437405745611027155688040
 265  -0.415913206165469355297563666176  -0.849081459479440401861176678206
 266  -0.462594598267000000000000000000   0.824578186500000000000000000000
 267   0.689705034672998124987029422498   0.439679398670819346016899013501
 268   0.597470473343418789651041055797   0.381501611530104778760272979513
 269   0.747723543867552233877285713322  -0.206749984881898934803931950777
 270   0.853097348112067087792365367759  -0.038751923140966731858643688247
 271   0.046799958411013731473732375978   0.028133600735493612068553580689
 272   0.550228863351588206999118625711  -0.542943950690780516036489035217
 273  -0.621276099612612549584957145364   0.160259602284662976157933114003
 274   0.128240447899071473808233825933   0.304919675554472052856506633306
 275  -0.557317342033475950789375174944   0.763754214497909261370889261968
 276   0.225153458167216913729658334570   0.254922299013131791075241122507
 277   0.230310965093912812925299354131   0.145994481893025556885501601368
 278  -0.116081020565101753195270523932  -0.525438548902463269507352524545
 279   0.306593947655274656064159784525   0.531708373832110231863194175124
 280   0.371232762583383557272590458137  -0.769769235941347228640857604969
 281  -0.514048075491075311272250597604  -0.107593408496889754002811439073
 282   0.044447028103248567763472167786  -0.944429765301457364664811524094
 283   0.599158047748882166832191276845   0.731390971855904881606770431094
