   1   0.458936127168278056081117479448  -0.230935471430751647061779390384
   2   0.364255867429763884878834241981  -0.294079559096013815256301421957
   3  -0.422563227068955786297196719159  -0.344962044405737766178688755668
   4   0.481317647866601213171887655721  -0.571615041879621130623946669783
   5  -0.373579906689360657973577833826  -0.865951013409216901570539937628
   6   0.583998718788387967966727864807   0.599689744135206112325386067360
   7  -0.284612486625488471618719101688   0.576299008946440010819485915510
   8   0.830290444728780444772539981680   0.135162999519522114146564422643
   9  -0.107323770338728915889843746075   0.824062116167076135112436718294
  10  -0.740566582200713536570847106229  -0.072638107866588314586371499876
  11  -0.628131399329160079820881876497  -0.463921030887876547778804456909
  12   0.611575375907048521538477627622   0.463190473915239432619500821356
  13  -0.167899464444019574248112068166   0.298740434602422133038666257927
  14   0.590950384640096715509895236599  -0.734990304153873114269714619416
  15   0.501376147039233496092500954222   0.677952366304327450830521714682
  16   0.050838071623615069714219468174  -0.029241606079426925206078597802
  17   0.312846088396202857152745384519   0.500893318925639625352829186074
  18   0.720944143940865843519643395792   0.299199453574314903497128393492
  19   0.473973393718949637782446390369  -0.458047487876527781965499440064
  20   0.036149563328311918935336937471   0.197893501926759772110815861636
  21  -0.255235470034882170060954040281   0.122028792934066616185696996635
  22   0.014116800885357192767013141415   0.538596163936039818086157550792
  23   0.546272132759140651893959451563  -0.054223829762396130208810129092
  24  -0.036497933967247526098622503940  -0.205953247747782442059047859094
  25   0.689190753276067525938090956583  -0.522256389978037911286338183471
  26   0.702694506585070166456929331779   0.531372813386046945955905196142
  27   0.334878850839157583321069180574   0.160190656916359579377487496918
  28   0.926740415988455549516754131967  -0.174886550883781591732863910325
  29  -0.687182038886316338117123353602   0.524714541895139013514209883520
  30  -0.044983931319507167869831072534  -0.942024177093944350676701282388
  31  -0.312889342548000000000000000000  -0.763617603756000000000000000000
  32  -0.733771110835000000000000000000  -0.186239983799000000000000000000
  33   0.108797060623871363969296378882   0.601740251601301986280679582365
  34  -0.638542068314547789979122603411  -0.123061574204419495050296698022
  35  -0.511500166432000000000000000000  -0.653137914190000000000000000000
  36  -0.065874950557853827656387565348   0.248316968264590952574741059781
  37   0.783681634167436722570610070292  -0.309665685549268927395998799965
  38   0.719197280250000000000000000000   0.413926233925000000000000000000
  39   0.254887099395946562897668473811  -0.130088538755089286133928994093
  40   0.509813734818000000000000000000   0.791504321035000000000000000000
  41   0.269575607691249713676551004515  -0.357223646761275983450823453530
  42  -0.473973006102516814023285576622   0.450010833615915674430441852363
  43  -0.291956740773140047008160367040   0.689866562949533359477933145228
  44  -0.481317260250168389412726841973   0.563578387619009023088889082082
  45  -0.153210956148716423469229537462   0.071605326596235435721771798489
  46  -0.218514199296624293113747713522  -0.445808977081400127106539151959
  47  -0.850629632960855033745390057765  -0.407261994096382892169607279423
  48   0.942712988719612728903011489083  -0.026931862279027232283261409399
  49  -0.509899232659818382110038691274  -0.521673686074093283031658016959
  50   0.560960641054443802672841982266  -0.281358937768582827525704588530
  51   0.702136894876982508079537903762  -0.204910724435699258086687876406
  52  -0.853229642122596212685882259596   0.401786363767895384284255180513
  53  -0.942411404791879719691897635111   0.035970104596414404405850157846
  54  -0.196480202097671478579488928227  -0.786511559234004209250932576835
  55  -0.189932226886974300416435864222   0.639443096611702179014007947083
  56  -0.029153679819595950709181238589  -0.319520801750875790717495088812
  57   0.320190342543854432542186649870   0.387325764922546276694381956355
  58  -0.043842188114899101488063769292  -0.092385693744689093400600629375
  59   0.305501834248551281763304119167   0.614460872928732974011276415793
  60   0.291957128389572870767321180788  -0.697903217210145467012990732929
  61  -0.575997519988682560615010079440   0.500434299953746854894367050509
  62   0.058182325771266645103660733526  -0.142809160082520273864525827521
  63   0.028805309180660343545895672119   0.311461055929853120769263091355
  64   0.116141314771522939358737644234   0.488172697598208637622232352646
  65   0.276919861838901289065992269867  -0.470791200764369332109270683249
  66   0.218165828657688685950462147052   0.437749231260377457158307154501
  67   0.898544265459000000000000000000  -0.286445662688000000000000000000
  68   0.487912452652081523471374857571  -0.686671446935764394752922482177
  69   0.509550862020882774946753124804   0.513613940253070613083426019502
  70   0.633608138350003247706801423678   0.122487811905959386644159132200
  71  -0.843493854368170516736686740638  -0.020304628716181300268030997825
  72  -0.582895842396106370662419100475   0.614894262749924904585010085456
  73   0.388484679602858160939580233515   0.692341388901176368256500768160
  74  -0.131178193705761697300905741407  -0.269097335413044610253569890667
  75   0.583645415230984060014605089206  -0.621420216484792089867114206468
  76  -0.225858453444275868503188978874  -0.332241423078306778448091922240
  77   0.576301161083332484625163823854  -0.507852662481698741208666976749
  78  -0.539276249250424683667803752681  -0.067403470061719888397869098085
  79  -0.525003781276000000000000000000  -0.408355432897000000000000000000
  80   0.110516222896504232267199765905  -0.834695914770527389189380374879
  81  -0.451940243659562087854961780566   0.109308171606635628455100163207
  82  -0.175243718591671149637553333518   0.412307988605515481697113487645
  83  -0.654615109230491169534050963836   0.106618230061294033503711517172
  84   0.123485568919174514748178909585   0.374605143595115288963785122928
  85   0.724374377677992711165339854511  -0.414026819318374495517812086050
  86   0.207694422703752855946708904399   0.811045695520161418595931863189
  87  -0.211169945148972717724306448170  -0.559376531084493475764986381677
  88  -0.123833939558110121911464476055  -0.382664889416137958912017120386
  89  -0.094247607999195418436607822301   0.702647677527356133269745931838
  90   0.232854336952991836729344677756   0.210614123254190759841412695063
  91  -0.493922246547391002603367406014   0.685853593587949870232384519340
  92   0.145518331362129240916502705641   0.033902481585835242988443433771
  93  -0.531931995102773108278362487329  -0.180971024064813237056316327803
  94   0.116541187459000000000000000000   0.715400063612000000000000000000
  95  -0.138522447853413272690347006759  -0.155529781409951261595122660948
  96  -0.031290490384584035751800740711   0.908740730531303020372867370685
  97  -0.005299256452563169298119243256   0.773638649829244954648511520149
  98   0.189932614503407124175596677969  -0.647479750872314286549065534784
  99   0.240198591100643412118785943108   0.097046569251097411182965465345
 100  -0.524587740955121532888921221977  -0.294538578067906585714763557522
 101  -0.725878073905410385791964575525  -0.299773215872775011903265959314
 102  -0.500262141545777867215263866911   0.799481640841435004952047702240
 103  -0.546620503398076259057245018033   0.046164083941373460260578131634
 104   0.618919630054700096927918892974   0.349622919912146083961053591638
 105   0.728288398088517418909084661144   0.185631899571221554838681163773
 106  -0.454454323731964568372676977740  -0.785883191787482995320698757633
 107   0.317553090549740859875090219330   0.781337102649819967250246747524
 108  -0.342571475625744765873796012396  -0.054682848734288900667272264657
 109   0.414870602282368603744469887337   0.450469852587808444888903987929
 110  -0.571832575687000000000000000000   0.386703702508000000000000000000
 111   0.247542845248294987508227208459  -0.016520984751995937475481764374
 112   0.210821574510037110561020881700   0.551316785263470805816754384220
 113   0.138174077214477665527061440289   0.147470035588928591646890663490
 114   0.444247618872974905302234948744  -0.003800363424564949744884930946
 115  -0.298296635771526911620056827937   0.803494610203018494197596328128
 116   0.524239370316185925725635655507   0.286478832246883915766531560064
 117   0.008491709010338485675475263086  -0.784272448432696208725455176734
 118   0.854742236056239266768942878303  -0.398558420069205559490809750762
 119   0.849113177058187072664760463850  -0.091666726519067677303298730067
 120   0.860344781714610380444765829586   0.386315882255597384491839899521
 121  -0.182587972739322725026994598870   0.525875542608608830355560717364
 122   0.411389376020000000000000000000   0.848637840205000000000000000000
 123   0.832360320324369582269581931597   0.276005423495201761236540569930
 124   0.422214856430020179133911152689   0.336902298584715096230456758210
 125  -0.320538713182790039705472216340  -0.395385510743568946642613953813
 126   0.078179317888659840226969080046   0.939851636462343474308665814404
 127   0.640952392497654823096242689029   0.008920257902866037985711902481
 128  -0.145866702001064848079788272111  -0.041962227406857912936675431229
 129  -0.561309011693379409836127548736   0.273299191947560157577472591071
 130  -0.694268051736872524224299217962   0.638298501207678273330655693105
 131   0.815856314524999877958614696216  -0.200503799640681487340489321431
 132  -0.006926540371028439007908107362  -0.660513951488879157243227750208
 133   0.745268034456000000000000000000  -0.045081484981000000000000000000
 134   0.466280381315929631470558744800  -0.344503025433844995720226620103
 135  -0.429907481216607361686637984510  -0.231394490402644417520241525949
 136   0.174895347952735542474267767048  -0.420367734426538151645345485104
 137  -0.109145431262806971132581945352  -0.609799997422324656228911579823
 138   0.380548539897327229630340469946  -0.862911300823261620976239967563
 139  -0.631197814166896214589681338059  -0.236629128207512843708743927741
 140   0.386637388128087041969604418254  -0.634759129544883298818468701356
 141  -0.335227221478093190484354747044  -0.168250402737382249325719494376
 142   0.839851045946488056346218151307   0.021760520289186108302018835562
 143  -0.599735284104000000000000000000   0.727838743557000000000000000000
 144  -0.203825691001321142334865182818  -0.672944085087586824423433611396
 145   0.606067707126234273213888257263   0.722575282365256585116219756395
 146   0.371600121577415460268275507333  -0.407647113099107163914748651676
 147  -0.262579724182533745450395305633   0.235596346937159964844144226354
 148  -0.651111252947692294653888600987  -0.682266253446092281729095259820
 149  -0.253893036565414376529515107870   0.908279378985383728241458558533
 150   0.417980257118000000000000000000   0.581379321314000000000000000000
 151  -0.466628751954865238633844311270   0.336443279612822325771994622645
 152   0.152862585509780816305943970993  -0.079665072417258105670003795947
 153  -0.846678427363494840802558773024   0.097506471274397373784093889449
 154   0.538927878611489076504518186211   0.059343724240697218449637100627
 155  -0.564190721673100436847028901305  -0.755726097130744376125093182690
 156  -0.058530696410202252266946299996   0.134749414261497603916293830062
 157   0.095252354764892952973313440502  -0.710623838537576454743587566357
 158  -0.815555081030842870337271906058   0.206972743268508055612699546515
 159   0.065526579918918220493101998878  -0.256376714085613622522973057239
 160   0.225510082805340261339903412404   0.324181677257284108499859924782
 161   0.688690278875388745088115167848   0.644312660196135246611084109072
 162  -0.553964757545727834446686283384   0.159731637944466808919025361353
 163  -0.240546961739579019282071509577  -0.105106315072120081131197462803
 164   0.393232192913567352269091620104  -0.749815534601026562947444513750
 165  -0.609772023531900363030100230104  -0.576235147149216625102281003195
 166   0.087559342361872946661425794933  -0.597079376094893668498314746396
 167   0.497433831737000000000000000000  -0.801244368448000000000000000000
 168  -0.701795572932936971627126620154   0.210182370747407079656812678439
 169  -0.364604238068699492042119808451   0.286019813274991145308069424499
 170  -0.371948492216351067431561073803   0.399587367278084493966516654218
 171   0.130829823066826090137620174937   0.261037589592021940305337893209
 172  -0.357259983921047916652678543099   0.172452259271897796649622194780
 173  -0.021809425671944375319739973237  -0.433088355753969139375942318531
 174   0.516895116168534350336194390155   0.400046386249977264424978789783
 175   0.349567359134460734099951711278  -0.066944451089827117939406962520
 176  -0.087907713000808553824711361403   0.589019630273870998550082748938
 177  -0.896736381311000000000000000000   0.290964819345000000000000000000
 178  -0.722913346014885724128026986248   0.416664548456385542998019598821
 179   0.284612874241921295377879915436  -0.584335663207052118354543503211
 180  -0.939375704858000000000000000000  -0.083691613582000000000000000000
 181  -0.277268232477836896229277836336   0.462731454943346662161038685791
 182  -0.415218972921304210907755453807  -0.458529598408831114837135985386
 183  -0.116489685410458546522023210704  -0.496232443419231307570464350104
 184  -0.379292746364002642821002339155   0.513154921281177842624963883936
 185  -0.747760876939785637847347878550   0.041231737961801669110212733778
 186  -0.142640961558342830573622767651   0.932248175322533162320824163354
 187   0.229171754347000000000000000000   0.699091494041000000000000000000
 188  -0.623853560019244639200240072707  -0.350196682210606192367191157460
 189  -0.798621731647303451879932419184   0.501633764859527371800704066283
 190   0.181605389345176039278927907810  -0.925447236133572440237654967284
 191  -0.160555210296367998858670802814   0.185172880599328784380219028208
 192  -0.836479868091464700353004770813  -0.133893058530757942864172488978
 193   0.197276868651058699565037943321  -0.761047304875407635207512764502
 194  -0.918867932471592953743983055628  -0.212402511712694343153335245065
 195  -0.051186442262550676877505034644   0.021181860258404255257846600344
 196   0.626263884202351672317360158326   0.236055365909052735302606361919
 197   0.190816571374069271705712021407   0.923591977225617683381163816296
 198  -0.665892275434172086686802407636   0.318175336351403734632458960903
 199   0.451591873020626480691676214096  -0.117367917427658298403332160665
 200   0.696535007423719101327532221935  -0.635823943981131259944785413190
 201   0.436903364725323329912793683393   0.109767190578528398913562298772
 202   0.429559110577671754523352418041   0.223334744581621747572009528491
 203  -0.092471214058007600889381506070  -0.836789260566774292870233206288
 204   0.080215088214221371271984529582  -0.483511822091800319839867516677
 205   0.800512123108981561985094901337  -0.498611517177483490628442309450
 206  -0.260704139173078965876069691600  -0.880462681088748024849194295971
 207   0.553616386906792227283400716915  -0.167791383765489478867257358811
 208   0.587479005877000000000000000000  -0.393453481089000000000000000000
 209   0.807548508888772163059977857337   0.487132949099115890327607895516
 210  -0.386637000511654218210443604507   0.626722475284271191283411113655
 211  -0.233202707591927443892630244225  -0.218673869075213429789644692521
 212   0.068811731857044655534803484378  -0.940583887734270808479677754515
 213  -0.073219204705505403045828830699   0.361884522267684301233188289500
 214  -0.645886322462199365368563868762  -0.009494020201326146391849468303
 215  -0.407874718773652635518314188455  -0.572097152411924463495583215105
 216  -0.101799942359157307377205690760  -0.723367471568742041056410545261
 217  -0.305850204887486888926589685637  -0.622520618749755643959508413251
 218   0.648296646645306398485683954381  -0.104647296100227310672735327238
 219   0.736861317472026093925350119531   0.070182036374366881093563365336
 220  -0.014465171524292799930298707885  -0.546655909757062488034389548250
 221   0.267403064248933032577724439680  -0.850679018471653757448313275028
 222   0.920709853075002509928543304937   0.204270582211654885590839859159
 223  -0.247891215887230594671512774929   0.008461238930973267527249766916
 224  -0.158124558590796478192414436178  -0.929747131362580186715898987099
 225  -0.795381105149485710500643750967  -0.506756353564179717957875323334
 226   0.167551093805083967084826501696  -0.306800180423444802986898255385
 227   0.011706553226913872573311572227   0.661111631614168152587068627065
 228   0.342223104986809158710510445926   0.046623102913266230719040267199
 229  -0.779651783532077985396947693540   0.314965708872504710588345828980
 230   0.182239602100387117863709032400  -0.533935288429631500303792714822
 231  -0.269923978330185320839836570985   0.349163900940253313502591456072
 232   0.356911613282112309489392976629  -0.180512005092920466597854192239
 233  -0.839536280419172702814120312456  -0.293999180602205679858466625946
 234  -0.730155913215325826412606379316  -0.413497564550045367314879258763
 235  -0.313194459035138464316030950989  -0.508953064746662295301061183532
 236  -0.459284497807213663244403045918   0.222875725609728977113547392926
 237  -0.444595989511910512465520515214  -0.004259382396457720203347066512
 238  -0.925917326601645746696468162195   0.179193215846310565159285072504
 239   0.043493817475963494324778202823   0.084325947923666423452368631917
 240  -0.327882967330441615094913481692  -0.281817956740475597984166724095
 241   0.021461055033008768156454406767   0.425028609932946469427710321073
 242   0.300675239220057275634093336339   0.893883384355276232035478700631
 243   0.072870834066569795882543264230  -0.369944268088706971181420286958
 244   0.669962214519419352691533277839  -0.314072610344286698142197354939
 245  -0.080563458853156978435270096051   0.475452076270777649891635519219
 246  -0.393981254659305793599884869859   0.740290029287364539941858343374
 247   0.095057169218343424467965963037   0.827305354756887209523433861297
 248   0.379293133980435466580163152902  -0.521191575541789950160021471637
 249  -0.196272121885361165028332325119   0.753071143865187313733671129983
 250  -0.400321149657692658211781330756   0.853918076540849674661521526274
 251  -0.437251735364258937076079249862  -0.117826936399551068861794296230
 252   0.262231353543598138287109739163  -0.243656092758182634792376223812
 253   0.531583624463837501115076920859   0.172911278243790567108084330346
 254   0.938402486317000000000000000000   0.087442317596000000000000000000
 255  -0.400530464626001060128872923104  -0.685664706415017812154030444824
 256  -0.349915729773396341263237277747   0.058884705268804447991174965062
 257  -0.728550593128248990278683565192  -0.598871553472827561471671709808
 258   0.327534596691506007931627915222   0.273758210919452928035934726637
 259   0.160206839657432391695385236345  -0.193232626420351454328451025666
