   1  -0.056484083897005672939482548002  -0.807221544535670564454586423856
   2   0.197127728931358240404516832977  -0.707138695791879410437851816111
   3  -0.343967194964850391339888752052  -0.880969752537898519700885837335
   4  -0.234939269436354170659884096020  -0.702849969630502343934518012393
   5  -0.517362103091897076193014678130   0.709172896979233589350778710931
   6   0.304606584397553547590945244802  -0.141094973697287795080455490141
   7   0.135537086486417127766016686026   0.712226185069182592564993008205
   8   0.237956958253896366026275488524   0.915312854775473465175872203953
   9   0.044597607431212188809773813929  -0.846715508696817158366866340858
  10  -0.561660626964813234383649824175  -0.326530093829723900739932121085
  11  -0.026378446783901834406237341611   0.429774607222282179568665648545
  12   0.195585265683262610342954705759   0.051059981564346612783998330039
  13   0.277725790360631616397977231764   0.814338989246806349763284624676
  14  -0.180967425012914516602466086808  -0.608699443681535539602408892507
  15   0.523481124208147907987253321171  -0.329098945354286408270517086265
  16   0.253042921474637873463453019242  -0.611884797815869993778777788254
  17  -0.843525566614000000000000000000  -0.427650259939000000000000000000
  18   0.190083299432430864255851344655   0.617020788656571872319001107238
  19  -0.780535166775407594779957900546  -0.138526122172725287549870524960
  20   0.089470777720595517921334215121  -0.325913591219951954094148190517
  21   0.470072134546344061564189284471  -0.613450923440203102398012973326
  22   0.521651923323935692294037793384  -0.140426424467921450056588805481
  23  -0.184528955652324343201518775743   0.145262554132907815494190204017
  24   0.655549805292959910809727764035  -0.534418470011628245928617623358
  25   0.251678553971109658698645098056  -0.800954947126163042258027593669
  26  -0.236097230668977699133304607752  -0.326916415064001471629948217506
  27  -0.128798383849000000000000000000  -0.726302161957000000000000000000
  28  -0.018472911126283790193501803304  -0.514214643117885562758366430291
  29  -0.134901116247092906757783615903   0.429440332607599007056732306215
  30  -0.019051891742595554430212059170  -0.326247865834635126606081532847
  31   0.306435785281765763284160772589  -0.329767494583652753294383770924
  32   0.407095033897624156310010034306   0.620076147967912384858702742631
  33   0.611994308131765292287934122640   0.667906117714888543593069735610
  34  -0.514440969060105777869840447989   0.334286982814582685188823159340
  35  -0.622865550226199966143252325778   0.329661863800751896490896323273
  36  -0.456125119618457906198739589404   0.238410256237825102290499296915
  37   0.686300627846974423100499612509  -0.430343168238409456753164527426
  38  -0.406497280213226469755004429563   0.522588034712516293853041399113
  39   0.169207732991178225850724563922   0.815393859710450265677167405756
  40   0.629016631554503236172163555943   0.235841404713262594759914331735
  41  -0.290648055708729117427432872830  -0.233100163729717839809772439948
  42  -0.723576160235132196555903851813  -0.608981671676624313736259480743
  43  -0.912933189162351435778208507153   0.030901605751572923090005486624
  44  -0.873545868227685712973705892912   0.362406887629101641097002352036
  45  -0.290069075092417353190722616965  -0.421066941012968275962057337393
  46   0.354805342172000000000000000000   0.736274872829000000000000000000
  47   0.575044787131063582114745546730   0.141690878764295790427805211849
  48   0.575623767747375346351455802597  -0.046275898518954645724479685595
  49  -0.160344052772747979930985761657  -0.838691981330619644529067561701
  50  -0.669604315811692542498485842601  -0.514831145727657509404150360857
  51  -0.129982742706310606711684117114   0.050057157720297095248198303051
  52  -0.189451941286844325051911880981   0.523256583941882638876908083773
  53   0.244634124472182282549979609734   0.523204537322288240498825329681
  54  -0.130557111228884689144100766531   0.239413080081874619826299323904
  55   0.848792300687385108034309517320   0.048846694493643111623502330494
  56  -0.009241304620850508638298074840  -0.945693255970231714721167051656
  57   0.081565242062977473708598676814   0.618075659120215788232883888318
  58  -0.304954593856292195686525347117   0.895222783325255540784199472031
  59  -0.670183296428004306735196098466  -0.326864368444407073251865463414
  60  -0.408839433628706003841468403839   0.709507171593916761862712053261
  61  -0.244620013276430612452956212365   0.805017351597519570960953867026
  62   0.462258444014876191489782414182   0.335906309268404149370407116897
  63   0.829242643527233815298363634076  -0.454728242200370243806244023435
  64  -0.140054958383820625388289206428   0.834059232084852099436446840627
  65  -0.405918299596914705518294173697   0.334621257429265857700756501670
  66   0.520425617793985612194620591055  -0.728553560224824425658723145012
  67   0.630174592787126764645584067675  -0.140092149853238277544655463152
  68  -0.344619900132168771484850882043  -0.327250689678684644141881559835
  69   0.143442622144035171978752224334  -0.231763065270985149762039070631
  70  -0.506535433402487733657104909681  -0.609702267525585057138208919495
  71   0.244055143855870518313269353867   0.711171314605538676651110227125
  72  -0.021850655025584930801820510848  -0.704373077694675380688733666438
  73  -0.021460073243119534360137842823   0.050391432334980267760131645380
  74   0.143941271395135036875196489085  -0.424252295147302730138426233140
  75   0.883227776735172778107520145061   0.201210256179368144750330495138
  76  -0.300342460967964056790412124022   0.711892218844865925279286501904
  77  -0.347023469538955069610483059247   0.050777753569257838650147741801
  78  -0.462811278052145657898886413052   0.615356645644949957530602933374
  79  -0.510096964041897560256157598617   0.144259730288858297958390177029
  80  -0.887206242832895984276527940530  -0.327545750662422666445973713434
  81  -0.713661498160555534379795313161   0.457859539100755967234775875238
  82  -0.352525435789786815697586420351   0.616738560661483098185150519000
  83  -0.616523951746122766845073585877  -0.717160618705473845020311273615
  84  -0.347602450155266833847193315113   0.238744530852508274802432639245
  85  -0.672591477928528286665121882120   0.049774929725208321114347714813
  86  -0.808129749279425308456224763997   0.275815820487726765195250913182
  87  -0.618619633505088632607703872908   0.143925455674175125446456834699
  88   0.740285996845901672131353135855   0.046932653325140559301037574097
  89  -0.375547785239410511211540691175   0.812797769783967750095963650625
  90   0.353735774551685119138236139891   0.335572034653720976858473774567
  91  -0.351946455173475051460876164485   0.428771783378232662032865621556
  92  -0.618040652888776868370993617042  -0.044041321609075310705828062744
  93  -0.507109801925061816089521559097  -0.420346345164007532560107898642
  94   0.190662280048742628492561600521   0.429054011373321436166716209795
  95  -0.344040919515857007248140626177  -0.515217466961935080294166457279
  96   0.521072942707623928057327537518   0.047540352815328986095696091962
  97   0.032511771180320119697280166389   0.144541958283947072092240765267
  98  -0.672012497312216522428411626254  -0.138191847558042115037937182631
  99   0.624672626536295018558480706571   0.425868657238986981990347314047
 100  -0.093182823045000000000000000000   0.941136516326000000000000000000
 101   0.195006285066950846106244449893   0.239026758847597048936283227483
 102  -0.787129366417000000000000000000   0.052654965610000000000000000000
 103  -0.292472644499203651316354794168  -0.043038497765025793170028035756
 104   0.361565590937828945814999293533  -0.611550523201186821266844445924
 105  -0.561081646348501470146939568310  -0.514496871112974336892217018528
 106  -0.912898198045000000000000000000   0.245416827518000000000000000000
 107   0.250136090723014028637082970838  -0.042756269769937019036177447518
 108  -0.190030921903156089288622136847   0.711223361225133075029192981216
 109   0.792279363607408982461818658923  -0.256449883135615501483126490310
 110   0.066290943691246972318970432005   0.849823730565982115852060644043
 111   0.358578428820993201648363254014  -0.046944447748320990748346370254
 112  -0.530306522460085477843907618897  -0.783068405910342172792508496987
 113  -0.183954587129750260769102126327  -0.044093368228669709083910816836
 114  -0.200389538963682208621858341180   0.924264663812588069259692445632
 115   0.787745971562937149946650793130   0.332432119783764092200630760193
 116   0.360201223434300731050191372347  -0.800620672511479869746094251339
 117   0.570700782112855364501062697358   0.331718131290020177658238194160
 118   0.307014765898077527520871028455  -0.517734271866903189446668668367
 119   0.415537435361268599872417302746  -0.517399997252220016934735326038
 120   0.466453773370545958137202581842  -0.822704086173791229990832264898
 121  -0.424826667482169043459125549873  -0.808588627711352509085615041804
 122   0.249557110106702264400372714972   0.145210507513313417116107449926
 123  -0.235518250052665934896594351886  -0.514883192347251907782233114950
 124   0.298605968895621936607397618946   0.617355063271255044830934449568
 125   0.913176088107459347305421612779  -0.246029608395882301188896292464
 126   0.711046032093842410132964479379   0.623566096209757049501954156690
 127  -0.928268075869597148620671750879  -0.180940640598040847090236847625
 128   0.520493962091312163820617281651   0.235507130098579422247980989406
 129   0.626990180886412785020133565209  -0.708028565222263424215852529799
 130   0.082139610585551556141015326230   0.428719736758638263654782867465
 131   0.792090310354103710349627825651   0.142292994289710109683633935116
 132   0.027011516688000000000000000000   0.713077636917000000000000000000
 133   0.251884960242014344990032507510  -0.235951243249369121474207993367
 134   0.412550273244432855705781263227   0.047206078200645813583762749633
 135   0.305650398394549312756063107268  -0.706804421177196237925918473782
 136   0.196164246299574374579664961625  -0.136906795718903823368286567405
 137  -0.564647789081648978550285863695   0.238075981623141929778565954586
 138  -0.571333947515336730250432687343   0.615022371030266785018669591045
 139   0.413129253860744619942491519093  -0.140760699082604622568522147811
 140  -0.564068808465337214313575607829   0.050109204339891493626281057142
 141   0.089969426971695382817778479873  -0.518402821096269534470535353026
 142  -0.081508252439965016937075862556   0.711557635839816247541126323546
 143  -0.679857002808250781890403301659   0.614855048508874425740392675129
 144   0.468127081022053603135865605992   0.821753108976440208380312397525
 145   0.141613421259822956285536696546  -0.043090544384620191548110789847
 146  -0.768128322674051857606467449966   0.551724583469525333239568085109
 147   0.738697262250317836997130341966  -0.139757875238555105032722120823
 148   0.027593397639537819651180667601   0.523925133171248983900774768431
 149  -0.075431917666559188417555852036  -0.043759093613986536571977474507
 150   0.033090751796631883933990422255  -0.043424818999303364060044132177
 151   0.136690435625302974435143591309   0.334903485424354631834607089908
 152   0.771350891048742143073197566025  -0.362935941205656645870125910233
 153  -0.080929271823653252700365606690   0.523590858556565811388841426102
 154  -0.455546139002146141962029333538   0.050443478954574666138214399472
 155   0.629595612170815000408873811809   0.047874627430012158607629434292
 156   0.306247208015711902430434044254  -0.894781416705362091863780259441
 157   0.466522117667872509763199272439   0.141356604149612617915871869519
 158  -0.693940461794000000000000000000   0.247604199625000000000000000000
 159  -0.289490094476105588954012361099  -0.609033718296218712114342234836
 160  -0.788577660578426220839792173708  -0.522078930177545054261506732981
 161   0.099158779937789202074864267286  -0.940525742582265873276657873235
 162   0.414958454744956835635707046880  -0.329433219968969580782450428594
 163  -0.729373284981497569275100490451   0.350479739874698937696496724373
 164   0.088503353625000000000000000000  -0.707531342619000000000000000000
 165   0.028167766162111902083597317017   0.334569210809671459322673747578
 166  -0.346444488922643305373772803381  -0.137189023713992597502137155643
 167  -0.460469124636666123812422438776   0.428437508763549489520932279227
 168   0.801586186225000000000000000000  -0.051079593495000000000000000000
 169   0.559185628958396419618580585784   0.762713949305423522636930787542
 170  -0.398012763939296661305558635390  -0.609367992910901884626275577166
 171  -0.129403762089998842474973861248  -0.137909619562953340904086594393
 172   0.144520252011446801111906744951  -0.612219072430553166290711130584
 173   0.197913115818574690932614498298  -0.330101769198335925806317113253
 174  -0.509517983425585796019447342751  -0.043707046994392138193894720415
 175   0.414173067857740385107609381560  -0.706470146562513065413985131452
 176   0.304107935146453682694500980050   0.051394256179029785295931672369
 177   0.685975638094778634396217604675  -0.234614144790636431426474624049
 178   0.136111455008991210198433335443   0.522870262707605067986891987352
 179  -0.724734121467755725029324363545  -0.233048117110123441431689685857
 180  -0.942885274423076321409173486698  -0.073406371486360862446185385568
 181  -0.400995313962394723667901068459  -0.043372772379708965681961378085
 182   0.737571609126000000000000000000   0.236173244189000000000000000000
 183   0.198492096434886455169324754163  -0.518068546481586361958602010697
 184  -0.935763420088966410607789152903   0.136996196013152607475775671795
 185  -0.127574561205786626781758333461  -0.326582140449318299118014875176
 186   0.578031949247899326281381586249  -0.422915196688570040090692863822
 187   0.468930299168396489693125056093  -0.235282694020002776450341308707
 188  -0.835085991815159013074086165624  -0.044709870838441655729694747404
 189   0.141034440643511192048826440680   0.144876232898630244604174107596
 190   0.736614157101133551925996270139   0.428154735067607742963024601686
 191   0.678745166664786087915523137759   0.519961387728583088001962089191
 192  -0.516783122475585311956304422264   0.521206119695983153198493813487
 193   0.878978655566795602264374210373  -0.349023866170584469538088081197
 194  -0.293051625115515415553065050034   0.144928279518224642982256861688
 195   0.683567456594254654466291821021   0.142025153378978962939738554178
 196  -0.832393203373464038126286934140   0.170039800888001228618421921212
 197   0.577452968631587562044671330384  -0.234948419405319603938407966378
 198  -0.734605816154986566782374164495  -0.427928404228578249929397613094
 199  -0.237926431553189914826520135540  -0.138243894177636513416019936723
 200  -0.615053490771941124204357577523  -0.608647397061941141224326138415
 201   0.086483615603759773754698175602   0.238692484232913876424349885154
 202   0.412051623993332990809336998475   0.239695308076963393960149912142
 203  -0.239079780692075761495647040822   0.239078805467191447314365981574
 204   0.087641576836383302228118687334  -0.137241070333586995880219909734
 205   0.407707618975124773195654149103   0.429722560602687781190582894454
 206   0.245213105088494046786689865600   0.335237760039037804346540432237
 207   0.524060104824459672223963577037  -0.517065722637536844422801983708
 208   0.945738404930130525744268247124   0.000074423692605104443723046718
 209   0.360986610321517181578289037667  -0.423583745917936385114559548481
 210   0.035997582548255728760360470660  -0.612553347045236338802644472913
 211  -0.454967158385834377725319077672  -0.137523298328675770014070497972
 212   0.353156793935373354901525884025   0.523538811936971413010758672011
 213  -0.297395630133723633166747899406   0.334955532043949030212689843999
 214   0.360407629705205417341578781801  -0.235616968634685948962274651037
 215   0.939503378322710743982234232953   0.108418348165275989053477091613
 216  -0.452563588979048079599686900469  -0.515551741576618252806099799608
 217   0.087062596220071537991408431468   0.050725706949663440272064987710
 218  -0.297974610750035397403458155272   0.522922309327199466364974741443
 219   0.131531466900635481066393291570   0.936547174099436695630220946164
 220  -0.398591744555608425542268891256  -0.421401215627651448473990679722
 221   0.197724538552520830078887769963  -0.895115691320045264375713601771
 222  -0.243423785710283979109329890194   0.429106057992915834544798963886
 223   0.303528954530141918457790724184   0.239361033462280221448216569813
 224  -0.399166113078182507974685540672  -0.232045293266073923895889658869
 225  -0.401574294578706487904611324326   0.144594004903541470470323519358
 226  -0.264240628473519651092197863536  -0.807342609971868809400889411986
 227   0.015248394108000000000000000000   0.945615339394000000000000000000
 228  -0.625885158384811127832985292446   0.709005574457841230072501795016
 229   0.035498933297155863863916205909  -0.420064117168918758426257310404
 230   0.939520430377179852838995490444  -0.108270480753307364756094317243
 231  -0.571625754659000000000000000000   0.426553117820000000000000000000
 232   0.578565530133088721630705447477  -0.610908357611521380069483657039
 233  -0.126995580589474862545048077595  -0.514548917732568735270299772620
 234  -0.507688782541373580326231814963  -0.232379567880757096407823001198
 235   0.787186555323778701858452256825   0.524174077207331046397662578846
 236   0.845000987762948185062731396214  -0.161593613583534175089373987084
 237  -0.344293786526000000000000000000  -0.721901594829000000000000000000
 238  -0.244002766326595743346040146060   0.617072835276166270697083861330
 239  -0.073602716782346972724340324248  -0.232431614500351494785905755290
 240   0.461679463398564427253072158316   0.523873086551654585522692014340
 241   0.370904474343061811843757367560   0.869971842654100246967545445778
 242  -0.826277093206510516554106561096   0.460094882976189040853369299629
 243  -0.616211452004564652677778089254  -0.232713842495440268919756343527
 244   0.358079779569893336751918989263   0.145544782127996589628040792255
 245  -0.239751081678000000000000000000  -0.914836889692000000000000000000
 246   0.515599365123710449659562706868   0.618053369652129711732422064442
 247  -0.073023736166035208487630068383  -0.420398391783601930938190652734
 248  -0.778689879773356178696809689558  -0.328762498485593244836815900208
 249   0.684146437210566418703002076888  -0.045941623904271473212546343265
 250   0.638943084476000000000000000000  -0.332465506563000000000000000000
 251   0.845078282850000000000000000000   0.424574883099000000000000000000
 252   0.679223451576046436852608971649   0.332052405904703350170171536490
 253   0.467101098284184273999909528305  -0.046610173133637818236413027924
 254  -0.727142302968279704959250147199   0.143591181059491952934523492370
 255  -0.563489827849025450076865351963  -0.137857572943358942526003840301
 256  -0.072444755549723444250919812517  -0.608365169066852367090475550177
 257  -0.135480096863404670994493871768   0.617407109890849443209017203659
 258   0.703974456046283974199155881767  -0.631538677622370290074986496118
 259  -0.726563322351967940722539891333  -0.044375596223758483217761405074
 260  -0.080350291207341488463655350824   0.335624081273315375236556528658
 261   0.771689154468745208644961475311  -0.546733010686191009401648528491
 262  -0.453137957501622162032103549884  -0.326195819215040728227998778755
 263  -0.625305791938776384307850696555   0.520871845081299980686560471158
 264  -0.615632471388252888441067833388  -0.420680619778690705072041240971
 265  -0.833256790930946797380870637837  -0.233382391724806613943623028187
 266   0.469509279784708253929835311958  -0.423249471303253212602626206151
 267  -0.034389636537703798742269261683   0.809318147102750127013217006097
 268   0.570249036422000000000000000000   0.524266852527000000000000000000
 269  -0.181546405629226280839176342674  -0.420732666398285103450123995063
 270  -0.238500800075763997258936784956   0.051112028183941011162081084131
 271   0.893757960378885946819185287999   0.309221351717579964651775216996
 272  -0.020881092626807770123427586957  -0.137575344948270168392153252064
 273  -0.484070454702601583563086965466   0.812463495169284577584030308296
 274   0.516230288438315845547200423395   0.430056835217370953702516236783
 275  -0.117519704391638878704212188666  -0.938408362696313235145541047357
 276  -0.026957427400213598642947597477   0.617741384505532615720950545989
 277  -0.188872960670532560815201625115   0.335289806658632202724623186329
 278  -0.076010898282870952654266107902   0.144207683669263899580307422937
 279  -0.022039053859431298596848098689   0.238358209618230703912416542824
 280   0.143155884507918586347098823765  -0.801289221740846214769960935998
 281   0.252463940858326109226742763376  -0.423918020532619557626492890810
 282   0.299184949511933700844107874812   0.429388285988004608678649552124
 283  -0.182125386245538045075886598540  -0.232765889115034667297839097619
 284   0.034919952680844099627205950043  -0.232097339885668322273972412960
 285  -0.451984608362736315362976644603  -0.703518518859868688958384697052
 286   0.462526942897038840168186973889   0.713374513396335915398568933517
