   1   0.356392600293886269079912431034  -0.176300019258389224277824883798
   2   0.403227131379073680273916573595  -0.385359538796563969063329322069
   3  -0.352479836932195807641874042813  -0.869419697182051435258112491586
   4  -0.424546861770186846307022685558   0.197629169375331976266931886208
   5   0.078058441131432434948766884047  -0.348429601850983715497397250966
   6   0.373522596318758853737786503031   0.595968192819326653767532738970
   7   0.742083636672246399293749344728   0.362312092173461386364505428234
   8  -0.404743838396643628616269305182  -0.456589318368595105620309487818
   9   0.431708696464382702451282311183   0.832922713514825963652808732231
  10  -0.937186353900603052184791890533  -0.042595579047255294843889991527
  11  -0.220078741404564616873132043316   0.133659303300348875170271755892
  12  -0.173244210319377205679127900755  -0.075400216237825869615232682379
  13  -0.640550808167580922879429793355   0.634022820301476188377267165807
  14  -0.689122321287000000000000000000  -0.635836838639000000000000000000
  15   0.245593542098638862034030073915  -0.530449192259755612752173630024
  16   0.397072225099000000000000000000  -0.849974812236000000000000000000
  17  -0.702881020932640680438168232545   0.025499586782737485047359519040
  18   0.804747319399081857038865870114  -0.186962988136853862833736755281
  19  -0.229980253091336225718508733505   0.460768547172312416113892442905
  20  -0.156707784272832764608395768073   0.699393145964601893930199049746
  21  -0.193047233692920423369881281132   0.578818271506101212272008691647
  22  -0.895588970081800600086960463936  -0.279379745077729344142164050288
  23  -0.015610621038942387439241401075   0.069689437225365774073611625576
  24  -0.887663951658156500445195298330  -0.155941584770018235668576671487
  25  -0.042642128750586580942492163260  -0.375469530980386563028125310179
  26   0.041125421733016632600139431674  -0.466479326184772511655513499708
  27  -0.119774764874416962259768315700   0.817442870298390690088315298488
  28   0.011420886672701806064009361110   0.514848405431118111175348561331
  29  -0.326141469592456425607250544723   0.879638782173654610845098327235
  30   0.715224706252000000000000000000   0.238511370807000000000000000000
  31   0.083645166733454578404795485963   0.934417535887469284169818853965
  32  -0.116508167547418185639747068006  -0.611568979647964155344357807663
  33  -0.656046489847453269244164089984  -0.183559932755437259738144919231
  34   0.578873142044329823502199656363  -0.690782381297016053058898225565
  35   0.058255417757889217258013503671   0.305788885892943366389844123060
  36  -0.079575148149002383291119615633  -0.493519255314175359186241558921
  37   0.272625049810283055537280836100  -0.085290224054003275650436694269
  38   0.924855288291554439113629753239  -0.157401845640459662511412542268
  39  -0.545247431652205862198281732865   0.170589240245929128736203826995
  40   0.161825991615035648491398478981  -0.439439397055369664124785440495
  41  -0.237208737429437201531006115314  -0.638608908777367002875085866876
  42   0.514026189574321087319798930714  -0.031210365795197580588980575843
  43  -0.598712812392390028325817025980  -0.722271149617006469964981863101
  44  -0.032740617063814972097115473072  -0.702578774852350103971745997192
  45  -0.518215923940237435575839945668   0.615748208451979897606951977104
  46   0.728422524127683812525377137545  -0.422264890895952282084819587720
  47   0.198759011013451450840025931354  -0.321389672721580867966669191753
  48   0.215889007038324035497900003351   0.450878539356135010078688431015
  49  -0.535345919965434253352905042677  -0.156520003626034412207416860018
  50  -0.874987866268182365883639964309   0.338421156512607491472498295811
  51   0.021322398359473414909386051298   0.187739161559154570231727874318
  52  -0.072346663810901407478622233824   0.605858200635504059802736750860
  53  -0.822692080092081378213790817622   0.134688131120932298488378960171
  54   0.849661776606205951289985384258  -0.397753077506966798454246767128
  55   0.477093170175905284971171478341  -0.149260090128986376747096824585
  56   0.607721954245664796634118090238  -0.449304820025355129615547646933
  57   0.188857499326679841994649241166   0.005719571150382672976951495260
  58  -0.274141756828282517638894269673  -0.756658633111021421421629643581
  59  -0.749715552017828091632172375106   0.234559106320912229832863957311
  60  -0.825724430817623393188051112509   0.011033005120250105163356565210
  61  -0.387613842371771043958395233185   0.315678893709120772425048134950
  62  -0.692965836165544741904368279940  -0.301670618674786462318349875176
  63  -0.434448373456958455152399375746   0.524738413247295517210552573221
  64   0.450767329040000000000000000000  -0.597498899184000000000000000000
  65   0.336589576920343051389159050658   0.477918468485537857609416490228
  66  -0.210177229717793008027755353128  -0.193449940571614665773348931121
  67  -0.303846291888167830415763638251   0.224669098504734823797659945421
  68   0.171727503301807257336775169169  -0.766548640927333205068406127508
  69  -0.752888891969574754640734685155   0.358210694465658405892030546574
  70   0.124892972216619846142771026608  -0.557489121389158460282901689237
  71  -0.240477335234626217094713227649   0.790411872432865657546225912968
  72   0.597793740057924300862430525648  -0.122220160999583529216368765372
  73  -0.330877799599812023919014400436  -0.220489869701017513304076990334
  74   0.114991460529848237297394336420  -0.230379877517194919339281002224
  75   0.205849828368271003792259068024   0.915291480050279247843522829054
  76   0.297404213028000000000000000000   0.694553553048000000000000000000
  77  -0.463796759170057396358483085665  -0.815490779515764448155183081102
  78   0.890483409645000000000000000000  -0.280191375305000000000000000000
  79  -0.572278939363850055701532495050  -0.274569727959823208365533108760
  80   0.440160150777489482622544025968  -0.267309814462775172905213073327
  81  -0.204970384521000000000000000000   0.915484264580000000000000000000
  82   0.865772167737915822772716584496   0.361346369654196903241374489394
  83   0.066209485514049707447530576356  -0.831091132816861036383012852870
  84  -0.648041360487684099595731722848  -0.512451868591866846032064831234
  85  -0.377712330684999435113018542997  -0.011430350162842768518572552063
  86  -0.629014982135809075740913327799   0.261599035450315077363592016524
  87   0.644654973644080598982745542611  -0.331255095691566333457431398191
  88   0.003585150017000000000000000000  -0.938134465680000000000000000000
  89   0.132121456554720821955268408417   0.541888334560520958706076620544
  90   0.403291967908169194681195865024  -0.720625569590932163389979405525
  91  -0.776733386649147955446999874874  -0.210660823470400513690961685647
  92   0.486994681862676893816548168529  -0.476369334000949917690717511598
  93   0.151924479928264039646021788793  -0.112330153183406123181164753482
  94   0.142022968241492430800645098605   0.214779090688557417762455933531
  95   0.319459580895470466731284978661  -0.294349743592178020435941132540
  96   0.225790518725095644343276693539   0.123769295484171469135067744002
  97   0.689734707853959883111261591178  -0.635923484448789620885040940117
  98   0.144340326164967851221034628576  -0.926983557316130640967501368105
  99  -0.619113470449037466895536637611  -0.065510208421648463580028670489
 100   0.282526561497054664382657526288  -0.412399467925966816594057381282
 101  -0.729898855563960544252995732312  -0.419720343008575258476466123918
 102  -0.609198285681941528361736685006  -0.392680413879172410945738064705
 103   0.235692030411867253188653383727  -0.203339948387792071808552943011
 104   0.550959208972736889668426383087   0.086839358538591215569135672899
 105   0.366294111980657877925289121222  -0.503409263130352765221445570811
 106  -0.183145722006148814524504590943   0.251709027634137671328388004634
 107   0.684046746795656705418152251958  -0.214002916414837952425205931963
 108   0.523927701261092696165175620902  -0.358319609667161121532601262856
 109  -0.052543640437358189787868853448  -0.048360287108423022084504623166
 110  -0.136311190920961403330500448382   0.042649508095962926542883566363
 111  -0.566900954474000000000000000000   0.501438783058000000000000000000
 112  -0.340779311286583632764391090624   0.106619374170946027639543696679
 113  -0.320976287913040415073637710248  -0.547599113572981054247697677347
 114   0.938134170012444274385887612537   0.006076540705011858430823734280
 115  -0.576703784779080355387246219582   0.739963100372823678186402720955
 116   0.718500033581636434361034202040  -0.095205793693745421803679878974
 117   0.001460142714729661447577822837   0.841976164390671958210979510999
 118   0.299656557521927249040531598285   0.359868744151749061451300241486
 119   0.624825247769568494365681287833   0.322938807206168807885368170383
 120  -0.035472876683686140901049629536   0.723926440056883162052863262257
 121  -0.684825503792229208489589554857   0.461492641227845567527495743451
 122   0.262723538123511446691904145912   0.241819019817960265293183992744
 123   0.393325619692302071428539883407  -0.058250294924600428119708635056
 124  -0.592081962737393273392285875426   0.379648759784103873521708265266
 125  -0.350680822973355241609767780812   0.433728618042909568583164383692
 126  -0.851049621314007779656505510205  -0.394774856536179769940360950112
 127   0.068156929444660826103390193859  -0.021320357979020174553776563953
 128   0.587892228371152692033875908474   0.204889082872380011721988970351
 129   0.085227693198332874990209417771   0.750966369186286009583591321470
 130  -0.451578369481831039810273447743  -0.247529798830420360834805049547
 131   0.671659778854755905563538617392   0.113879287667994063082663913862
 132  -0.126409679234189794485123758194  -0.284459735776000614400737120650
 133   0.422435618837281919633299816133   0.709578498537028778343636066205
 134  -0.508314412253790059849654280492   0.288638964579717924894320075737
 135  -0.471381392855374257501026828119   0.406688688913506721052436324479
 136   0.929180714776096830410052781235   0.129444368668780463980772862742
 137   0.504124677887549478474422240526   0.295898878076765960354640111170
 138  -0.057268608368537586335068419598  -0.823814755401536641310902227092
 139  -0.367810818998227826267641852809  -0.338539594034806309462193239076
 140  -0.080403767002273918839782136675   0.934702027142191134221646408257
 141   0.537548499881000000000000000000   0.768869751309000000000000000000
 142  -0.740326092972000000000000000000  -0.092417234055000000000000000000
 143   0.208660522700223059685402621542  -0.648498916593544408910289878766
 144  -0.414645350083415237461645995370  -0.129480074496631564676688800805
 145  -0.478610089491103702108633608083  -0.692688700616558288421502185739
 146  -0.357909468862616689107805178777  -0.665648986601982883063188369923
 147  -0.582180451050621664546909185238   0.052539515912140332578087578253
 148   0.686642679312878290006158044756   0.472883723183607979346083101542
 149   0.577990716684381083171677145272   0.531998326744343552670872608654
 150   0.031223910046245023754762741486  -0.139370082312808970711892812695
 151   0.730621624398813919651462365514   0.588493574521180172078118321812
 152   0.541057697285965280823049692899   0.413948602410554756512756359912
 153  -0.360582172950245736501559404119   0.760838010756175824031175866955
 154  -0.025512132725713996284618091263   0.396798681097329315017232312589
 155   0.810427561674000000000000000000   0.472564132212000000000000000000
 156   0.004192402334600830251511979301  -0.584529050518561307813629748450
 157   0.252822026436739837846527455724   0.568928263689923806236804679757
 158   0.646849209896753638976710796393   0.679498892528768525125491880630
 159  -0.769277964912639421544603710902  -0.536976776026436058643082164909
 160  -0.062445152124129798633245543636   0.278748956763540518859116063847
 161  -0.934505850372000000000000000000   0.081452574786000000000000000000
 162   0.467191658489133676125794788153   0.177849153742977164196523862428
 163   0.095188437156305019606640956044   0.423838610226732162547960371802
 164  -0.005709109352170778593864710887  -0.257419806646597766870009061437
 165  -0.498412900567018451004277590304  -0.038470279292245616049300611276
 166  -0.119938763003345289306367869876  -0.930455446768465499822037008076
 167  -0.313747803574939439261140328439   0.551778342376698364741280632434
 168   0.767401605016472342377703069859  -0.539654910021227857539486912070
 169  -0.247110249116208810376382805501  -0.311499664905403461931465179863
 170  -0.276814784176523636912512876065   0.669828066710487160899396881176
 171  -0.564280603282292565080902893314  -0.603467916020585341887292819664
 172   0.767814297279259918960783846893  -0.305012711619223901052594121492
 173   0.430258639090717873777167335780   0.059799429409188368038407613686
 174   0.308786932301850260316521764145   0.846707677509629851876271087726
 175  -0.441676857795059430964896757555  -0.574639042702383901778425736560
 176   0.560860720659508498513803073275  -0.240269885333372325374485014114
 177   0.105089948843076628452017646232   0.096729366354768621604339684789
 178   0.383424108005530462583163193219   0.268858948947363112823912051957
 179   0.457290146802362067280418097965   0.504958397614940705140144549441
 180   0.329361092582242075576661668849  -0.621458987464141561379561819553
 181  -0.665948001534224878089540780172   0.143549311116526281205475767782
 182  -0.474341901241620769250178367077   0.809402499389742342414898655967
 183  -0.257011760802980419221759495689   0.015609578966560079012155507150
 184  -0.099378171522545600981872996009   0.160699232429751722700999815105
 185  -0.745831536510938416104971802322   0.569093985592547007043170902844
 186   0.792366072378468039065053506587   0.140893654973832170482344844048
 187  -0.152958022518000000000000000000  -0.731696430005000000000000000000
 188   0.869354161556298940775168280621   0.237705944802725490489709721514
 189   0.634726759508569930893163705783  -0.004170436682135349273778821807
 190   0.169054475953136624303895860790   0.659938058894309754864192869286
 191  -0.089476659835773992136496305821  -0.166410011442211818242620871908
 192   0.309558069208698857885908288473   0.032759500279785520507679554473
 193  -0.146212702607733012175877138570   0.369758751967926467486504253376
 194  -0.200275718031021399182378662940  -0.520559184443578206716969618134
 195   0.839200603478549032078583199345  -0.068165864630824398531276130052
 196   0.265039428723844848866616224771  -0.899937079196993266174057924797
 197   0.178955987639908233149272550978   0.332828815022346213920572182273
 198  -0.109279683209317209827249686197   0.487808476301715263644620502118
 199  -0.397515401554210754478427329257   0.642788349592653638734520661603
 200  -0.228809385594277047362530664957  -0.871744520410331921822993248681
 201  -0.284043268514624612725010257875  -0.429549389239192258089581428605
 202  -0.527340790605665083704472675541  -0.485411939462463998501336772020
 203  -0.488511388880246842158900900116  -0.365579523164209156992921298289
 204   0.505467727641303654405453284889  -0.790338548727704559020894807092
 205   0.294702090044087667494634190314  -0.779854141772195669945016412338
 206   0.420357127403946264931790645592   0.386908673281151908982028300699
 207   0.755433053035011638139068405630   0.022843930622848784089775234232
 208  -0.461479881168602648655650137931   0.079579445041543180108815637466
 209   0.346491088607114660234535740846   0.150809224613574316665795803215
 210  -0.163342698632605596833751210567  -0.402509460109789410558853369392
 211   0.087959952818204043794143574235  -0.675538845722947256441017937979
 212  -0.911905274307582798449009076117   0.220366549144577602719544951727
 213   0.048353906071117608412636813483   0.632898129764906907333464810073
 214  -0.814264043851000000000000000000   0.465945067050000000000000000000
 215  -0.266913272489752028067136185878   0.342718822838523619955776194163
 216   0.528022316509752650921663484435   0.645148423170088934574537537545
 217   0.570788934847248994285490637865  -0.567354544359143925773663895675
 218   0.205928263080351890881468465078   0.778006298315688857114319380683
 219  -0.293944780201396221570386948063  -0.102440145367228717145960741592
