   1  -0.673247125575558765900235124042   0.160944356917700296762000619534
   2   0.258684994634748653468326650608   0.648876212504039517602860989492
   3   0.000707362598230867464637422978  -0.476811377511178831377510796779
   4  -0.126234569433520410094033020888  -0.828872904097896001397215760904
   5  -0.040509119889005596198674772936  -0.718508083523838387668978252331
   6   0.697703921357070890481707724067   0.629725468245992028194427891659
   7   0.761782810065000000000000000000  -0.076162195951000000000000000000
   8  -0.556164825619445033590229517605  -0.180255094217973226588729822944
   9  -0.351565306545293628209479934579  -0.746108193093423327885434204794
  10  -0.205562922704000000000000000000   0.731052492775000000000000000000
  11   0.430715208731573968876367984302   0.189529982168618647621969372449
  12  -0.724886474282000000000000000000   0.598217720525000000000000000000
  13   0.344871286539422784441294316764   0.743502783355948962591796270465
  14   0.745166677443647479028207531207   0.238868865426484535351641165583
  15  -0.396969803988302195724587543315  -0.314645067175605094154112370226
  16  -0.395703457484761564276765386670   0.005324964221656634887936457390
  17  -0.514088386614837878993187221046   0.026543160669789218806474076085
  18  -0.399659511110360893303895286192   0.323546767904884696130016758755
  19  -0.358879183525135678722711374893   0.210400101194431147743144118736
  20  -0.736792789320198095008641330287  -0.377298440196434383408467754183
  21  -0.402166035531257251096909024653   0.656339170453220318467137895111
  22   0.283328008106314979261401677031   0.896141823071089339431698048722
  23   0.030471300356976768452180284409   0.684850094181590018605140171763
  24   0.864617713839971848017182240775  -0.368484919839073237934229298930
  25  -0.754807780746009195062602946641   0.387237690338607393535745899573
  26   0.934643695485401419584108660241   0.098924666914071022925195807829
  27   0.667568953511476249644103922272   0.146978732407801412869238174554
  28  -0.906715428475382439951305929642  -0.247410709144473588285529751216
  29  -0.615696310998962507720630446315  -0.710114765271738674760885347934
  30  -0.315056383688923045784864929953  -0.541147109894100890169678210883
  31   0.511834785436019141998791972731  -0.676039316069350787355602029726
  32   0.500141343734863877861482949494  -0.795740889688190154992041450529
  33  -0.238786533403498820708774571882   0.203845813101369283139217972730
  34   0.393890949118691079366733644402  -0.015545149633300969964276922889
  35  -0.320347175844918963399596498152   0.430139151110073338305883885668
  36  -0.636429369370513522736738954944   0.365983160801149863967091996145
  37  -0.324598071781103295872596630712   0.748254426560678016898009764893
  38  -0.283594860727911168839330938794   0.635188339739862816448254491551
  39   0.900177586018210948150114911073  -0.134862058679660356141610375384
  40  -0.279566860988724035289958483181   0.316992479811822831526090612749
  41   0.772410097557435858697796667020   0.535469484122092708622394821694
  42  -0.042810752563371548487050724920   0.274479442448424667267983907821
  43   0.487323259596821180237113179414   0.675660168368259352983536272564
  44   0.682429819303595205000862116880  -0.166540915783076949712117595784
  45   0.075567298954024895478236795315   0.253222908756654241363514258830
  46  -0.440439825966555821413533301163   0.436693439203135202909810031674
  47   0.079530230192304095256501008978  -0.064960557682935977892634012238
  48  -0.200980287660117776917347457741  -0.243934798532271608873276333602
  49  -0.747772257873361638871396217051  -0.569369456143936841721341197152
  50  -0.633732787331054753842463256821  -0.272170352045773428106521399066
  51   0.715710143480000000000000000000  -0.609182843943000000000000000000
  52   0.353110607186722868741130061225   0.097601511906297683153634351124
  53   0.581080404594504982484330531331   0.600328892874424569789652969898
  54  -0.670204296161751918619162477836  -0.477454198316136640203549621029
  55   0.038749902607078880675317097679   0.048186109027517570494238627781
  56  -0.473308044682869668367583637869  -0.086603500869809434311437197928
  57  -0.714027453160783980481419035342   0.274091023628153845148873259554
  58   0.115855850824933154862407867305   0.815324804824714897091771643650
  59  -0.040107295606512708277807071552  -0.363635748164932126595113753621
  60   0.939624201081294010919354082007  -0.021243539653448409141013733849
  61   0.120310572124272305882104592155  -0.178107219222534631010545286252
  62   0.511009505625421191191101153609  -0.356733373487523528905146948235
  63   0.475451606862821929173708642233  -0.241838468721326522180383049950
  64  -0.119382978309682971827555779403  -0.470214914347803047427516802433
  65  -0.237767907439759286543977613779  -0.448996717899670463508979183739
  66   0.189922894792019121401520362447   0.550200091122708192785970051096
  67  -0.551826241949075675217708598705  -0.498710716997835722332602973493
  68  -0.681395172103000000000000000000  -0.160965233516000000000000000000
  69  -0.160199945728149566291743874564  -0.357081460071870261991187607615
  70   0.629394434779296376857519861367  -0.377951569802872552883645270478
  71  -0.124401159920632999745908879807   0.500797890256174457694622109327
  72   0.553093015024154885064070682519  -0.149896739255615542775141062240
  73   0.116347626539250110059420706614   0.140076242046200692976641618810
  74  -0.760147692941000000000000000000   0.066083850325000000000000000000
  75   0.355841522419380419441273517810  -0.540580949243537220757864294247
  76   0.197908296056443535266208201091  -0.086217086203851508528142295223
  77   0.512275878248767394083155478778  -0.036763346081433553882814541585
  78   0.593836536016697114840127349991  -0.263056665036675546158881372193
  79   0.357066677732745614457286807857  -0.220620272273193938261845431254
  80   0.155868470886871567899497103531  -0.293002123988731637735309184537
  81   0.053280664314152242971088982969  -0.938352864355893731062129803127
  82  -0.324047662903586378416248650489  -0.882234684991126000433721354700
  83  -0.814360751031807815260875069503  -0.469213698024234584926259330306
  84   0.377063046152145097433614170843   0.627619678812269091698391340500
  85   0.600582217075072029970133645138   0.377506945541743455353017873557
  86   0.274330569785348374588873519785  -0.859588019069154229333225670148
  87  -0.160147018008054246154238059228  -0.706180202955757218655264569751
  88   0.274246522404268011864784623766  -0.314258657680502063639778833528
  89   0.630660839141635751544775234584  -0.057981365311294936434217084614
  90   0.349117913727882159830995977842   0.415810103155004981445171207287
  91   0.157127954124475324640604617914   0.026929575335747144589768978790
  92  -0.519655560850246317154369944762   0.783136658133230041681861819184
  93  -0.392624345400532766037098669169  -0.633062367721901091687469787006
  94   0.840403825120839272305523467125   0.312320135040817952915660072729
  95  -0.038847824020372148144952870153  -0.043704039001236895763580659774
  96   0.112354933080409401149286623232   0.458284833294907991268178474973
  97  -0.190262644242183219451386139800   0.920404831278410935246084741117
  98  -0.196671454558846731068443095577  -0.562365306342233474088215829577
  99  -0.361164143263385557863784593313   0.543272605386006123742213080486
 100   0.034786971368799680897052884016   0.366369575467107789750386898850
 101   0.828225903833294892533120298313   0.024095435587409977826061923234
 102  -0.511009274530609080753520503545  -0.611844171273768507768932168311
 103  -0.072395396830000000000000000000  -0.937071769773000000000000000000
 104  -0.474537765699911915976821282530  -0.406560325003405295671903946349
 105  -0.481256793385022415877721396324   0.549826893479067988346139226492
 106  -0.710064510271041584094901508696  -0.044092452650652822613729942034
 107   0.670174776711264587483123444544  -0.491098231342471206001556544492
 108  -0.591686456058365340693447629565  -0.065348971332351904742783294498
 109   0.819120796597945837166017778523   0.144021664277707464655300575000
 110   0.037490416674195324498043224400  -0.271745605307032555606255832072
 111   0.549100169624442326337987740108   0.168311962938757265070566829418
 112   0.238688623641668749847392112390  -0.199363752914305056915014935242
 113  -0.939819561821442211418577192530   0.009171611222682596613220862812
 114   0.071613304930319262093668862776   0.571834421535297893427421565005
 115   0.501095441109650091929736326064   0.795140419129723824102837783654
 116  -0.157225878233048391546406749283  -0.022447520319537813634527307310
 117   0.389934881146348754295184073003   0.302676648879072196008842012468
 118  -0.677209684226708450846376969914   0.479129832099400370746885269063
 119  -0.002030424978146333905866813621   0.161332775737971118881111267801
 120   0.153165022886196124862340404251   0.345113041775337363845917249859
 121   0.747999503003442175117778909196  -0.397902537127552788599786758593
 122   0.474226451549456734157695352186  -0.561799145691669804676401912942
 123  -0.354923115552793353651161803493  -0.107821697317942018229974816623
 124   0.589880497209667540919171651407   0.055165296228303716683694189399
 125   0.271549952016272439578762238627   0.323894845327204779927379631163
 126   0.508431629635160400392423948669   0.281498857766669717296311373020
 127  -0.895040073655002165733849362718   0.120795984659653761082335489798
 128  -0.436483785069986778857949297970   0.118471630932110183274809097410
 129   0.471495536316799183457551895601   0.076383315458165099235096732429
 130   0.392624576495344876474679319233  -0.335515177039390944986609329539
 131   0.230732984597805845114574143467   0.437028299603137565363708825982
 132   0.630219714589894327665210680490  -0.697257512384699811334100351969
 133  -0.318098855939910464141527463594   0.097253434483977599356271478716
 134  -0.297200338223334583491315349745   0.865363638416715422112851805630
 135  -0.277318528354685249560343552294  -0.015893232226475949030601161304
 136  -0.161188806776047791888504604051   0.295735961130123749397037260285
 137  -0.356152836569835601260399448155  -0.427778521451537879590441565044
 138  -0.087906753855699474949273594722   0.706106612863289100734193524227
 139  -0.319365216790194091633769292117  -0.222716602084139024954738714908
 140   0.546753699989519300275490555105   0.485060160528628415716280153919
 141  -0.198006205818273606127590660583   0.090699146390915734752345332710
 142   0.904595640458846810662666093340  -0.255052258365842405172968188177
 143   0.315852144025234794506519842402  -0.746711262479117774425922332579
 144  -0.415390653127185996585664625578   0.843086906866212410348637413500
 145   0.001932517911596062480650713025  -0.156850700540835548881491933787
 146   0.234725678056646554024708226850   0.118819708354430267072171969819
 147  -0.603194126327858992084172347771   0.573929096308395164371958889230
 148   0.166566817928756539202431560029   0.924986714715274245925085238246
 149   0.046816179105332969826150170189   0.913806920127416312059940457745
 150   0.428306308189000000000000000000   0.513062025314000000000000000000
 151  -0.830282059854404645007972673288  -0.040494664744677580036099453398
 152  -0.518044440240437208020317120568   0.344764964353017280048554377449
 153  -0.006016478518818532828072089311   0.479578311677992900285751291803
 154   0.394426595909249688403332006995  -0.853095884220589317129592029290
 155   0.722019604769000000000000000000   0.368153303559000000000000000000
 156   0.275071802093266583880916259225  -0.633564600939519121308011058566
 157   0.606091711468000000000000000000   0.718298423535000000000000000000
 158   0.197311204964000000000000000000  -0.726172199882000000000000000000
 159  -0.753184083219811496877609426695  -0.258149253082374581869002745641
 160  -0.080887637538480918903410654730  -0.250489086625333473477202479608
 161   0.393449856305942827282370138356  -0.654821119621218203437064411031
 162  -0.554868714200063093574371132346   0.139689827380242767193346716105
 163  -0.629394203660685395469942337920  -0.590625974825635923850394549616
 164  -0.791625177092955209865522644278   0.182200890609470722666470268525
 165  -0.121843121294241106736970574338   0.821490867728158029552175042099
 166  -0.006061749010378080551062979419  -0.833740813011579945556524429372
 167  -0.595649041785288308155555043645   0.252836494090696315580219356125
 168  -0.558824755096632136129955135539   0.457911635651267786828347650368
 169   0.592611380703331919824114059944  -0.583017342007018828654900235186
 170   0.232749730453918664122065439244   0.787022433706220525233564847926
 171   0.433404918427313087100282902410  -0.448661838578989598104520603553
 172   0.666811774969627251055445171306   0.477900416279319292846091297914
 173   0.078886546151737979933902281431  -0.704020908632508851274120911080
 174   0.467502842857958474547417812218   0.394591906706872397526633588591
 175  -0.908626455697660485123655857126   0.240297505690290309772284635548
 176  -0.477264112655211993439133209269   0.231618297642563731661681737430
 177   0.708349295443444460269707505449   0.033832070868202759751326900541
 178  -0.241553157122783080195460035275  -0.794714059869811030511492512163
 179   0.316322987407081359114499905186  -0.107460407461101171482068499012
 180  -0.201969121632242719998142619022   0.408882632428374256176830533204
 181  -0.515347858200978439126041422445  -0.293388548493906012025059017763
 182  -0.003465067081564863335516695207   0.800234349046458947423121689634
 183  -0.639771803719867721758955930281   0.688503425118346616067629453275
 184  -0.083584440230428253080305828527   0.387663053850192698767959715680
 185   0.156693748002189719271021563758  -0.612308081580630239961180562554
 186   0.551789847557389401816704736785  -0.469880035027122182023058222248
 187  -0.116445536301080180920803166106  -0.135594181859136466752438581323
 188  -0.046832125113420458520040269168   0.592712242479982176910330321563
 189  -0.433441312818999360501286764329  -0.519928913445968306251140592188
 190   0.172676330354895819103666037336  -0.923865689464564194667272461876
 191   0.914357944275137630443333714440   0.217472933892040882219319482147
 192   0.237463468206704176039819638680  -0.519324430561838138628810941782
 193   0.798298847024370759266552780896  -0.198783305903644685712714865876
 194  -0.084877469458844512188847017463  -0.606719654506818416578858666505
 195   0.395449564191819099580630554552   0.852622172720817776789929471261
 196  -0.437750145920270406350191126493  -0.201498405636006441036201096213
 197  -0.522258685652894109110845827665   0.662893458546282183071064041117
 198   0.434707916537157673830921739562  -0.128678603909233755400606117708
 199  -0.434059812326096926430268549792  -0.833628818214738297807663047330
 200   0.196648810123559979088934327813  -0.406148800538401634628636755076
 201  -0.823500581175569738769027351711  -0.160574699940263883445318787711
 202  -0.165210179326096701921494148299   0.613968761161681259039383674027
 203  -0.208729075214323708314821636101  -0.916393529219210971319444603440
 204  -0.592915819912588159378275161661  -0.385303806321706213542850593885
 205   0.626788625926251035062920010972   0.260125399118254961256110814574
 206  -0.270159167430564794168257958531  -0.657574336179369516029206262382
 207  -0.933294519794000000000000000000  -0.110932827372000000000000000000
 208   0.315026864214636843698829023279  -0.427405319897290515975467251088
 209  -0.278584874858225881008165708939  -0.335863263623737678072649988921
 210   0.119085414115627311429924943213  -0.498067911202949257281980445770
 211   0.034518196581899063943730036904  -0.592232479615488880184001325254
 212  -0.632466797990333551319051212743   0.047797690207246748375127979515
 213  -0.236538186422717038934739969117  -0.129039893766074602148512435317
 214  -0.120408479190822577307320692751   0.182589294419670201010164620265
 215  -0.071164953253769027942480526056   0.937166194793141556964806360165
 216   0.275506019988614764650311810027   0.005673046814831613954260695806
 217   0.193945350471421339443524315550   0.231966375064883815459044609839
 218   0.113333917030365495581514074948  -0.819253638120250409161667088120
 219  -0.795588095602204123172240961611   0.500384361636857900315539172492
 220  -0.497311381868886193004208611940  -0.731332961719871258679422966630
 221   0.834467682304993423151673524623   0.432444926462549959577861572963
 222   0.712441604240842913100386397821  -0.283007632361355781875022860308
 223   0.788779844935410385743382492372  -0.511049198667151441717698032606
 224  -0.870499774599513226703521891688   0.354365728671473453766068711181
 225   0.308300946309415565366807882682   0.528943557430937766881500402105
 226   0.078270758606163535123646807578  -0.384892266846631208724167106086
 227  -0.855177718450274409725063164663  -0.356080243748301799489930135487
 228   0.149792218263474786650104846921   0.699940549959845968273790125778
 229  -0.079628151605597362726136781452   0.069442627709216652623291980246
 230  -0.242779214133309243147362758937   0.522054408937873539823675461791
 231   0.312330279601497654159946149926   0.210748178616751231540506991144
