   1  -0.395515702176200737596426217687  -0.699891444550102394195582998689
   2   0.779942163593038376122524349380  -0.534755286882459877743494755904
   3  -0.582634472912011946741058914292  -0.607972430119863996762381427502
   4  -0.160858770384392801430673153465   0.344529795781354356141013371436
   5   0.138780777353683575980371651977  -0.022391107365130908743053843497
   6  -0.536934320695134311153627709887   0.327127252825733774059033015210
   7   0.649047188149473337763825266476  -0.687757764735661824310741544816
   8  -0.496744869255088036596304537028  -0.541382028004439257816515515308
   9   0.215216779926348708292281402957   0.361932338736974938222993727662
  10   0.808693793161745700883822180715  -0.262023523488506803160874782146
  11  -0.450450955262457610202387165692   0.494323378720296363056193453739
  12  -0.561242826617103246496652384620   0.761104122291934499542619576412
  13   0.712126884834391282987131300243  -0.212162337317961595740813669623
  14  -0.352569906437829606915633143527   0.877477895147992818924984652386
  15   0.083873410087465113228292781203  -0.845829730144418957441528497283
  16   0.133757095923677791660706255369   0.086172552738640720241389722818
  17  -0.207152684377023227824590524801  -0.691175610943381264731695597611
  18   0.403533707160610642544752227003   0.617872586558742570913855405822
  19   0.945647481775081895218112352049  -0.004882172813200819990383858941
  20   0.398230873651713678834093284560   0.479197270318556858248427472090
  21  -0.425332548112428688604060182655  -0.048494921798561781866024377835
  22  -0.613370323267799443465537460866  -0.057196193276372072907014555948
  23   0.749308685625769928311708435142   0.000505947065256665065074789363
  24   0.544998417177282384552205743805  -0.656370523228737486957658721398
  25  -0.819470014437803223184076444691   0.130990239026040621673584412048
  26  -0.232271091527052149422917507837  -0.148357310424523119809477766037
  27   0.627600728915325765922362747401  -0.380551835922493193236429644661
  28   0.580997401991202907864540079688   0.495407533961427179936626901105
  29  -0.206860104042000000000000000000  -0.921347623371000000000000000000
  30  -0.679020409674970719772264556157  -0.658182557231477179254844181914
  31  -0.599019716256826906791949117477  -0.731743380519784671302023707923
  32  -0.440403592402446041563056372477   0.277196058512753105087306321109
  33  -0.923717701261000000000000000000   0.194193945784000000000000000000
  34  -0.125693000374352311193015377214  -0.415415824945047046750091592768
  35   0.688846786817802408699897388610   0.508817077680789521587763893353
  36  -0.311684660265000000000000000000  -0.892657279715000000000000000000
  37  -0.049256997801687178881105626234  -0.031092378842941199784044021609
  38  -0.353920226969769340611815828283   0.444392184407315694084466759638
  39  -0.430356229542434472923725579263   0.060068738305209847118419188479
  40  -0.690069891107989507769090928629  -0.441106246231318685017273366711
  41   0.108638688773648870062379272333   0.628990853257498865163607554392
  42   0.836146652929566169745545261984  -0.441737218483586026460410282693
  43   0.128733414493672007341040858762   0.194736212842412349225833289133
  44   0.143804458783689360300037048584  -0.130954767468902537727497409811
  45  -0.608346641837793659145872064258  -0.165759853380143701891458122263
  46  -0.222223728667040580783586714623  -0.365484630632066377778364898667
  47   0.892899181924445620163520657259   0.311454725951602099417030618265
  48  -0.850885809946228651356660452713   0.026950085898460896070112689433
  49  -0.552005717745265630148499280911   0.652817551148845572826408852246
  50  -0.059304360661698747520436419449   0.186034941364602058184843111020
  51   0.796326494155770802650265279764   0.158294922187263535074288922059
  52   0.017131641910966384791473331531   0.570358387466707905150890682178
  53   0.704819447292928245502388038922   0.099662456396722397485887606090
  54  -0.110621956084334958234019187392  -0.741106805256361933703422291712
  55   0.316771189649042762202518136973   0.203437484320222640266823467246
  56  -0.130716681804358095512680773821  -0.306852164841275417765648026453
  57  -0.628441367557816796424533650688   0.268494787034942814046316142996
  58  -0.445427273832451825882721769085   0.385759718616524734071749887424
  59  -0.369177039565442290276299143274   0.770074409173285321818168032745
  60   0.596316011667096002334901355985   0.270771221588823891320530517573
  61   0.103615007343643085742713875726   0.737554513361270494148051120707
  62   0.301700149559149571333877465872   0.529128472751531612625451206465
  63  -0.521863276405116958194631520064   0.001436272514418887105702316266
  64   0.520058325036000000000000000000  -0.113543984437000000000000000000
  65  -0.034185953511669825922109436412  -0.356783359154256086737374720554
  66   0.296676387197284655413107906839   0.637692244489514588211837677599
  67  -0.244459210300113427759895220809   0.866370102799562790350925492668
  68   0.720169971403362228622229917973   0.612885150487277046926385879389
  69  -0.348896545539763556292150431676   0.335828524303544065100023193323
  70   0.408278236511725247473424077775   0.262069950111013600279540339460
  71   0.650924055046000000000000000000  -0.045716409663000000000000000000
  72   0.057321093351012659348796504390  -0.298150893363465126724657848340
  73  -0.135740363234363879832346170428  -0.198288504737503788781204460138
  74  -0.054280679231692963200771022841   0.077471281260830429200399544705
  75  -0.303812580148000000000000000000  -0.641493490293000000000000000000
  76   0.470487657032590040768854908020   0.820313574176921522875369425918
  77   0.331842233939060115161514326795  -0.122253495991092246686507231698
  78   0.504808964804413517063995415183   0.212138755798032931307813645359
  79  -0.405237822392405551325398596226  -0.482749562213648297803798643095
  80   0.418325599371736816112754870989   0.044942629903470342310653206830
  81   0.032202686200983737750469521353   0.244667407155393018197559983234
  82   0.534951053384448222981987794828  -0.439243204824596842598847752530
  83   0.047273730491001090709465711175  -0.081023573155921868755770715711
  84  -0.158100079106201339741610591986   0.932350449340560290672190420478
  85   0.723634375763942687700656635235  -0.329671148592303068978233688781
  86  -0.843144328426841168065555370763   0.428229654321816903488482487267
  87  -0.511815913545105389555300726850  -0.215691047693124370863184816364
  88   0.123709733063666223021375462155   0.303299872946183978210276855448
  89  -0.747178227731000000000000000000   0.318397421188000000000000000000
  90  -0.069579514079441619006175004339  -0.943096859616975178846570892595
  91  -0.074375404951716100479432609271   0.511725921675916945138173809965
  92   0.153851821643700928939367841799  -0.348082087676445795696384542441
  93   0.113662370203654654382044668940   0.520427193153727236179163988077
  94   0.006611935551982606888327473135   0.802954928950065495304721240854
  95  -0.462845350682558508568163660342   0.714960407660924028416416375651
  96   0.514856425052239847650174349070  -0.004988716401883530064762743415
  97  -0.531910639265128526833962313279   0.218563592721962145074589448895
  98   0.067368456211024227988127297604  -0.515278213571008384693544980970
  99   0.443444006521765737711081854026  -0.497875670615387802611564624744
 100   0.200198853626687812400792646030   0.687726144860880798920248685541
 101  -0.029162272081664041602444039805  -0.465347019258027715721818286869
 102  -0.328801819819740419013488845246  -0.098426116111542450837751071936
 103  -0.123909008913174855264024662609  -0.848971349465110428077428616270
 104   0.230287824216366061251277592778   0.036241358425660051269663028717
 105   0.039086143853712292663740950792  -0.944851982459463706204717602952
 106   0.027179004770977953430804124746   0.353231067259164647182003549549
 107  -0.120669318944346526873349980606  -0.523979485048818675734535159083
 108  -0.272398551322000000000000000000   0.720340183423000000000000000000
 109   0.351936959659083252440175913224  -0.556508136406178762624281496957
 110  -0.262413180107086855340909887481   0.503024650198106654097183631852
 111   0.622329945857000000000000000000  -0.150603849970000000000000000000
 112   0.362310392067997145241957130700  -0.773619877260837518481244228761
 113  -0.267436861537092639660575284089   0.611588310301878283081627198166
 114  -0.700097145426952466148679029192  -0.224010610983570608225453289814
 115  -0.603358765416000000000000000000  -0.274325164503000000000000000000
 116   0.250382549936389198529939179208  -0.398013281989426464668111236542
 117   0.727521779105411110510271915531  -0.438281432476925066623825794000
 118   0.840815732488612485459585675984   0.059138412855797802653476105332
 119  -0.804430498991433042560460998597  -0.071300663484588024103311158899
 120  -0.685046209677983723449425532022  -0.549669906335090314001716933026
 121   0.163899184503712497578698635013  -0.565209407883989053665271675071
 122   0.022155323340972169111138728138   0.461794727362936276166447115864
 123  -0.914253724059189267271325772134  -0.241688070543077509012391724303
 124  -0.657251489717784795856641254681   0.679921668034402643232034737727
 125  -0.093694392844114021228366744037   0.844787286688207149208823941231
 126   0.148828140213695144619702445191  -0.239518427572674166711940976126
 127   0.645094727468878745973258489735   0.691466404094070834918542054950
 128   0.265528832489000000000000000000  -0.724119949273000000000000000000
 129  -0.323778138389734634693823448639  -0.206989776215314079822194638251
 130   0.341889596799071683800845120009  -0.339380816198635504655394364328
 131  -0.019114909221652472963113246590  -0.682474339465570973690705419498
 132  -0.155835088954387017111007756858   0.235966135677582727156569805121
 133  -0.638553046968996665769568679397   0.376703195255944576442567032711
 134  -0.638612030143956972491500846103   0.485383010268772566938940508392
 135  -0.079399086381721884799098005878   0.620289581779688574122617376280
 136   0.938842403251492274084743263837  -0.113348741748173682293574303927
 137  -0.069351723521710316159767212663   0.403162261572145316153730243650
 138  -0.318754456959728850374158052032  -0.315553436319085708806638204566
 139  -0.019760816493000000000000000000  -0.802008892247000000000000000000
 140   0.456209932359897660524394580794  -0.828338996435100478828910802830
 141  -0.338849182679751987652819638461   0.118701204096000807131136060693
 142   0.176709288420809244626364605472   0.929003133893929904751605912670
 143   0.037226367630989522070134917960   0.136103747051621389213116416919
 144  -0.079758630770918888624893620191   0.736989552097517198030534756137
 145  -0.257389498677081071021244490874   0.394460990094335025112740065537
 146   0.428372962231748384752085664204  -0.172184690304072915658233925799
 147   0.881307552944142669024895984871  -0.342884809407676981048733147414
 148   0.895473476559558580676547442813   0.202805387815702397583253059435
 149   0.282131446990374737790359952181   0.902593397947297846111651733233
 150   0.433396643661754169071751060811  -0.280748350407844544642677492114
 151  -0.220439737205863124854596000018  -0.799040155152129759105701922169
 152  -0.696963136577279163552462725417  -0.332645244773939736936826920716
 153   0.042250049060995306389800314568   0.027540086947849760228672850604
 154   0.423349280801742600432420267596  -0.063621030200301286673790359484
 155   0.743128512520350078161770220316  -0.107998021206067337382477328780
 156   0.561499254195484661919018253312   0.760914964327056918383734853844
 157  -0.716543856557174204877320701179  -0.007369108272234754837527539600
 158  -0.180064959167015516741587837364   0.778821909835658851934637456515
 159  -0.358943908399775124931481224890   0.552955844511087323068910325952
 160   0.601339693097101786654566752593   0.162207561485052262336086951258
 161  -0.024138590651658257282778643197  -0.573910679361799344706261853184
 162  -0.410261503822411335645063992833  -0.374185902109876668819355076780
 163   0.012107960480960600471807934924   0.678922047570479534135334248493
 164   0.797524636609625211007544442692   0.508160849928068599721619946846
 165   0.413301917941731031793089474382   0.153506290007241971295096773145
 166   0.448467687951771522030747250633  -0.606439330719159431596008191058
 167   0.118686051633660438701710065547   0.411863533049955607194720421763
 168  -0.175929814674410154389669343287   0.670220776092669243094344070380
 169  -0.941623259552000000000000000000   0.086989006757000000000000000000
 170  -0.506792232115099605235635330242  -0.324254707796895999847628382679
 171  -0.464585789296000000000000000000   0.823670377788000000000000000000
 172  -0.115645637514340742553684583999  -0.632543145152590304718978725397
 173   0.306723826789031193563187343758   0.420564804527765898235710599876
 174   0.291768373185045749348186367521   0.746261195247514949488780590692
 175   0.074576988584473552018690453603  -0.737548234876408566023677574472
 176   0.839695420847704496058461100788  -0.157859207376612544802538441303
 177   0.539988544316404689213352753250  -0.547806225026449632797640120059
 178   0.211739182333428224377677219094   0.819791014245475351884221478875
 179  -0.719948414420499281695439591490   0.209862321244151854033599270782
 180  -0.734465298586563739922199795043   0.427812349620754241467084580127
 181   0.052297411921006875029131107782  -0.189587233259693497740214282025
 182  -0.165882451814398585750338550072   0.453093455885125985125456937751
 183  -0.313730775529723066054492655424  -0.424117096422857337791081770881
 184  -0.064328042091704531840101816056   0.294598601468373687169286677335
 185   0.694772084433213065367435182688   0.316789776604279370554505563701
 186  -0.333825501249746203333154241853   0.010137543992229178146692494378
 187   0.260429912796400767169269972422  -0.615140602196969722636998369172
 188   0.168922865933718281898364031621  -0.673773067987760682649715241385
 189  -0.516839594975111173874966123457  -0.107127387589352741878741250049
 190   0.321794871079048546522183533580   0.094873824216451011282379900931
 191  -0.140764044664369664152011567036  -0.089724844633732159796760893823
 192   0.326818552509054330841848930187  -0.013689835887320617702063665383
 193   0.602683323638000000000000000000   0.384119055267000000000000000000
 194   0.220240461356354492611946799564   0.253368678633203309238550161347
 195  -0.217200047237034796463921318015  -0.474048290735838006762808464982
 196   0.683391093730586206167696387496  -0.584647135702215204399409534121
 197   0.494761601944401948424664621969   0.429266076005576189276700777989
 198   0.915713284538000000000000000000  -0.236083996411000000000000000000
 199  -0.507343502269444723762930321961  -0.790110986768260820743916904400
 200  -0.039209634941675610241774833019  -0.248219699050484457752931154239
 201  -0.343872864109757771972485035068   0.227264864199772436115579627008
 202  -0.416121240948944637062514014870  -0.849185555829844625449498419595
 203  -0.400214140962399767005733199619  -0.591313222317419926788242209410
 204   0.939962714892400263485867839032   0.103648878484236665162440242708
 205  -0.415285185252417119964729389441  -0.265622242006105039834911510465
 206   0.225264142786360276931612196171   0.144805018529431680254106595032
 207  -0.328240576611621284264341302220  -0.785245783341446263153849913455
 208  -0.886709227171611162134435567263   0.328663569395294968554365266762
 209   0.456648309491567302143398554525  -0.719660049551502688953382824636
 210   0.846500499371294117191830189000  -0.049392638441639682499347996317
 211  -0.308707094099717281734827258817  -0.532680756526628966775525337196
 212   0.555165693935000000000000000000  -0.765548082672000000000000000000
 213   0.631488132256794188731978027696  -0.489162119807115190882021749880
 214  -0.547250397471414059053494836325   0.544241805241527317437447035267
 215   0.403254555081719463153758681167   0.370633610214785229263983905775
 216   0.399072549565000000000000000000   0.726649357558000000000000000000
 217  -0.792610493595394862183786890829  -0.281042059158257498541352534223
 218   0.499785283374407732744330018576   0.320702415901804560292257211674
 219   0.235311505646371845570942989386  -0.072322301678111577714780537597
 220  -0.420308866682422904284394786048  -0.157058581902333410850467944150
 221  -0.945276939194901985076758500468  -0.026916605009721742732753227995
 222  -0.252365817247075286701579094267   0.285897329990563396128296499222
 223  -0.788443417034463517653553931122   0.522139802671612888916938103193
 224  -0.150811407524381232791342360250   0.127402475573811098172126238806
 225   0.509832646234419301383660811791   0.103575095694261302323370079044
 226   0.173591516633805806497130786197  -0.782352575128279666185666869366
 227  -0.714924732990493497375774194883   0.101298661140380225049155704468
 228  -0.227247410097046365103252111230  -0.256920970528294748793921332352
 229  -0.242318454387063718062248301052   0.068770009783020138159409366592
 230   0.580472842945883988645162773233   0.604086099042336371936723627925
 231   0.606363374526948505854707407898   0.053643901380973116737132221908
 232  -0.526886957835122742514296916672   0.109999932618190516090145882581
 233   0.621434418817074499497942024451  -0.272047078929955556738089101790
 234  -0.363967589829780909251146621498   0.661519504614858952053353892267
 235   0.438420325091759953391416457419  -0.389312010511616173627121058429
 236   0.245358868506383414210273782600  -0.289449621885654835683667670227
 237  -0.145787726094375448471676963643   0.018838815470039469187682672491
 238   0.699795765863218849687100579295   0.208226116500507741570061997386
 239  -0.826378163394576808641312257095  -0.177741284008354309879001971194
 240   0.158875503073706713259033238406  -0.456645747780217424680828108756
 241  -0.237294772957057933742582904445  -0.039793650320751490825034199722
 242   0.210193098496342923972616006349   0.470495998840746567207437293977
 243   0.106317023763862731213681872385   0.846200750192107410524175658312
 244  -0.435379910972440257243390975870   0.168632398408981476102862754794
 245  -0.789675265123689191178100450112  -0.520274899500987831112193817354
 246  -0.695287212458297714900448862675   0.578115040225382915021886724317
 247   0.072392137641030012307792694212  -0.623841873674780013677988547285
 248   0.346913278229077468120510516617  -0.447944476302407133639837930643
 249  -0.170906133244404370070003946680   0.561657115988897614109900504066
 250  -0.618394004697805227785202857474   0.051367466827399556077429010367
 251   0.484466673698514638273968742279   0.545338728274407848908353595206
 252   0.529927371954442438662322398220  -0.330679544720825213614404186215
 253  -0.247342135817069502381913697659   0.177333669886791767143852932907
 254  -0.623417686127811012104868254081   0.159931126931171185061872576682
 255   0.311747508219036977882852740365   0.312001144423994269251267033561
 256   0.336865915369065899481179723402  -0.230817156094863875670950798013
 257   0.344226088723342042605867918732  -0.880784533947526609625204794343
 258  -0.541958002125140095473293106494   0.435690912929505403043476581525
 259  -0.502633779493868133760743475611  -0.681533253408171488809560953511
 260  -0.705120826856958250468344425800  -0.115446950879798979241009723499
 261  -0.880486054260007320813800405869  -0.344988845692980697674742287332
 262   0.205169417066337139652950609742   0.579059658944518196191880860291
 263  -0.593275597547776306186875874437  -0.491450833691458588844788821208
 264   0.240335187076377629890608385993  -0.180885961781883206699224103912
 265  -0.794698946553694975497765846719  -0.411711239397216202127750251039
 266   0.147235563015369896062201119461  -0.934127766626428272971577391603
 267  -0.501768550685093820915969933635  -0.432818367900667628832071948994
 268  -0.598299278977782090506541271044  -0.382887173587686959860345254893
 269  -0.044233316371681394561440229627  -0.139656038946712828768487587924
 270   0.524903733615623715715977629138  -0.222115801309852029878330928837
 271  -0.824493695867809007503741841298   0.239553899129812250658027978363
 272   0.235955826858420732457156248683  -0.871358184392221176881585727699
 273   0.255406231366394982849604575815  -0.506576942093198093652554802857
 274   0.851267861266001322550642035548   0.411844659762075496503786758678
 275   0.496877369672489904590922536810   0.673534659275322455401916426818
 276  -0.050082832609231434181765063277   0.944332941963144430296668300241
 277  -0.935946188355605455800257477601  -0.135195147477804530371508544615
 278  -0.212176365807029012144255921408  -0.582611950839609635747252031297
 279   0.792595862477000000000000000000   0.268361972194000000000000000000
 280   0.362160637841992262760869100607   0.829063578949337443716210845050
 281   0.058595893824874538480811984660   0.943842951250787183788131711226
 282  -0.455474636692463394522052562300   0.602887038824067992040637020054
 283   0.062344774781018443668461900997  -0.406714553467236755709101414655
 284   0.356960641089089036759841309831  -0.665071796509950391608725063272
 285   0.742617401809189118737748893217   0.414371185056041146757733897158
