   1   0.725410713383567094874236360608   0.183406459268360867715677843514
   2   0.129656373796994852391647752456  -0.489865523239260782348456323912
   3  -0.370810238154230914189677497939  -0.867917427538490623788326956706
   4   0.135998223336324697167679759879   0.104739664262946446500362681177
   5  -0.278291744103067580765479256230  -0.804130746411289544276135117814
   6  -0.818408261278337571128293023795   0.470094470948549781429723968618
   7  -0.045418620629981745026105174602   0.340296060355970102491935007673
   8  -0.633554548229625500828604507955   0.560570832988518617521809437915
   9  -0.216933996920968052845797486355   0.918542614539424618197128872010
  10   0.067870780427333011633388191282   0.615185853951700969091164915337
  11   0.887985695118714799224783744240  -0.319784769821143074753230813547
  12  -0.200699055065954650422784334063  -0.422627122773142538872917539272
  13  -0.019282211099648208228999399582  -0.658183518866166194864489865768
  14   0.433875393129610818408974063955   0.441375655516757271532429764890
  15  -0.730486290299000000000000000000  -0.125853530915000000000000000000
  16   0.239774850084644686663125114629  -0.512278323394633530173635918792
  17   0.174818331945317923516849549744   0.295470460045224606841575817913
  18   0.281765883463302835400310908205  -0.024244933861251755408013279511
  19   0.764230813569593822394346990252   0.374137262503820607356905951609
  20  -0.538124062863847922452485589825  -0.651259277599199370720160072585
  21   0.466353652199274199982111846397   0.037501263796828203024823896537
  22   0.061528930888003166857356183859   0.020580666449493740242345910249
  23  -0.340124865653602943879383474967   0.300962662853262891884277426504
  24  -0.012940361560318363452967392160  -0.063578331363958966015670860679
  25  -0.385286823801926015004585272255  -0.484373320431222497305754715320
  26   0.210467515784646227478003335898   0.188898662076399152758379452105
  27  -0.830306769333065221855866867113  -0.189230226914026523244779391502
  28   0.349893326372294520934602476802  -0.534691123550006277998815513671
  29  -0.324569790295915126239203835175   0.886247902661718150586381939358
  30  -0.849284283574761711908817670998   0.034682913247808509919128418046
  31   0.903361001272762327185045089620   0.005619502604977653630945956244
  32   0.142340072875654541943711767301   0.699344851765153675349181686266
  33   0.289204888163646266737335593932  -0.791813109040313944286499661086
  34   0.284936808232967757788326911917   0.273057659889851859016396223033
  35  -0.420936007641254318965739058409  -0.377801522462397043222558349512
  36   0.094007189957666548430493966302  -0.383293725270435328265259958104
  37  -0.130698396634000000000000000000  -0.934718458978000000000000000000
  38  -0.720936903809775905667020557130  -0.609123037218428058581497077200
  39   0.204125666245316382701971328475  -0.405706525425808076090439552984
  40   0.323756916841960984137496701782   0.463788455672130019357609359770
  41   0.317415067302631139361464694359  -0.130816731830077209491209645319
  42   0.016366972739680095732154386572  -0.764755316834991648947686231576
  43  -0.793671427151676011544758530308   0.251677543204365590376896119820
  44  -0.382115899032261092616569268544  -0.187070726680118882881345212776
  45   0.650941420935245564563912784589   0.099247461454908161457661072585
  46   0.505173760808267426331281636263   0.228232059579106363366037033274
  47  -0.709306147449106106701441914924   0.177442026021378834254873934931
  48   0.469524576968939122370127850109   0.334803857547931817449233399082
  49  -0.051760470169311589802137182025  -0.254309127146237126356883997416
  50  -0.666849835221792622407641337698   0.667901333289353898614377412346
  51   0.278594958693637913012294904494  -0.321547527612355369832422782055
  52   0.874838808976000000000000000000   0.354172056281000000000000000000
  53   0.612121312326252338214742994724  -0.091483334327369998883552064151
  54  -0.485892525780581082112014623294   0.429947260977461093792653387192
  55  -0.304475681814274639918229688813   0.194390864884437437801081060696
  56   0.207296591014981305089987332186  -0.108403931674704461666030050439
  57  -0.016111286329983285840983395871  -0.360880925115062580440080363224
  58  -0.566237137150176198486035813707   0.755087013699084299288019605720
  59   0.534481095108265885516403414994  -0.472944925891926319565978337623
  60   0.430704468359945896020958060243   0.144073061765653657108020262345
  61   0.618438379566220287346151493433   0.503143775642644347006999279167
  62   0.427533543590280973632942056532  -0.153229531985449957316389240199
  63  -0.006598512020988518676935384737   0.531026856138248262833148144409
  64   0.475155802474000000000000000000  -0.570298451990000000000000000000
  65  -0.314008701280000000000000000000  -0.697539847870000000000000000000
  66   0.782309018549495619686987523381  -0.358005869491390888713331159036
  67  -0.310817531353604484694261696236  -0.400214322617769791047737944392
  68   0.475776452556000000000000000000   0.661669957116000000000000000000
  69   0.835541867635384990113413612744   0.161056038827557776850991804099
  70   0.938374650563492486169488697588  -0.101162784287859245049880376060
  71  -0.230006389365953109607906112794   0.278549862697890144059097831624
  72  -0.602526976717000000000000000000  -0.555197715642000000000000000000
  73  -0.048589545399646667414121178313   0.042993466604866488067525505128
  74   0.498831911268937581555249628840  -0.366373127923100865482781971815
  75  -0.042247695860316822638089170891   0.637598654107073716916344510217
  76  -0.236348238905282954383938120217  -0.316055324804317084789721173464
  77  -0.643429217528159129955013815643  -0.690492386472240148824992375036
  78   0.019537897509345018120170390283  -0.467452723083888034523276729032
  79  -0.129400687387298042500476761755  -0.635770718710793447039310270888
  80   0.580901681594517966056613944536   0.613408012674098384968889877245
  81   0.802246426153122261979349585404   0.268386491203477602936249558986
  82  -0.852838706407000000000000000000  -0.376016870930000000000000000000
  83  -0.521541709619909386073168409448   0.536519058946286547875849753000
  84   0.688617245089493349086644088359   0.645435654043364123354871881108
  85  -0.605523776377225683547539996601  -0.439547720120477001655395525561
  86   0.537652019877930807904419418705  -0.175642332140822705141568835079
  87  -0.081067804469310048987258960756   0.446867858324795556575131373481
  88  -0.902757114851000000000000000000  -0.275336320529000000000000000000
  89  -0.346466715192932788655415482390  -0.293642524648944336964541578584
  90  -0.489063450550246004500030627005   0.132644667226357479368243884648
  91  -0.670480294516552446693815561485   0.368201063319381135359816211144
  92   0.314244142532966216973448690648  -0.428119325581180823915619147863
  93   0.178878866636527610106683017881  -0.813180874593036724367708965528
  94   0.573301203717259111865573204859  -0.282214130109648159224765200887
  95  -0.123058837847968197724444754332  -0.041165531208586218190491265800
  96  -0.492234375319910926888046630717  -0.164657926524746135056165617896
  97  -0.375774049492931247840537261121   0.407534460822088345967473792312
  98   0.064699855657668089245372187571   0.317883260200597354666755412793
  99  -0.414594158101924474189707050986   0.216803665039810185626260655576
 100   0.654118939969264149022931786155   0.396582478540726926914790902062
 101  -0.343295790423267866267399478678   0.003660069102159277459867923960
 102   0.076560838363405208169876544608  -0.859650580004400161187893660431
 103   0.189376090287645062889383193764   0.801403783254452053321721867657
 104  -0.560361818228902612422338199313   0.345788263164008387534636616264
 105  -0.137817733248659181261381400623   0.838736416451481128943914807360
 106   0.378343395090716289919322688116   0.864660146610365480539024084944
 107   0.391884359750952669671788270378  -0.046657734016624503233192874391
 108  -0.557251251864292373660852851888   0.643070647500446557248674163571
 109  -0.772386469008636880225801332915  -0.285530025673143365120745243268
 110   0.362577025450954210486666491647   0.654519251454408179698822496506
 111  -0.245453526623606254654787749443   0.806441704573774661333167874706
 112   0.100349039496996393206525973725   0.211311462231771900583559046985
 113  -0.271997422744611258345091906371  -0.209483526835491630706524807656
 114   0.816319550476873227968813733332   0.473712238868982772538551706921
 115  -0.841813712993175257436255228064  -0.077444706034435731077231301021
 116  -0.126229762617633120112460758044  -0.338468124959689832614900768344
 117  -0.152020603818966627254328025078   0.661646961927379366867646260057
 118  -0.168692289676881674747968035507  -0.828957587132589024780185323757
 119   0.036057461218000000000000000000   0.746548559129000000000000000000
 120   0.579643053256588956641605212282   0.312391057392559069624053804202
 121   0.025879747048674862896202397706   0.127152464418319194325542276057
 122   0.163263972241000000000000000000   0.929568101435000000000000000000
 123   0.576472128486924034253589208570   0.015088463641455455199644301657
 124  -0.233177314135618031995922116505  -0.018752731053213470365311670920
 125  -0.676822144055882291469847568909  -0.226404124182826093489002793944
 126   0.502002836038602503943265632551  -0.069070534171997251058372469271
 127  -0.268826497974946335957075902659   0.087819066915611983717884694888
 128  -0.307646606583939562306245692525  -0.102911728866666176623328441848
 129   0.103519964266661315594541977436   0.508614055982875515007968549529
 130  -0.531054483928904153237216420582  -0.355388722307024295397378754632
 131  -0.087409654008639893763290968179  -0.147737329177411672273687631608
 132   0.463182727429609277594095842686  -0.259801329954275411399585606007
 133  -0.336948266583000000000000000000   0.598293148838000000000000000000
 134  -0.453414266710917700538876840851   0.026072869257532025285047518840
 135   0.387140916727466074275017813246  -0.640714844685663965175853570078
 136   0.689761529544238790913082574455   0.289978257237186321798874209322
 137   0.633470702197645864636007395524  -0.526137689676190702096321729672
 138  -0.058102319708641434578169189447  -0.848914314648444355205703002504
 139  -0.275168347514276180733107910082  -0.506786120586595245130934310200
 140   0.276697885642643627064758158948  -0.619960343595169928576524010015
 141  -0.025615210662523918662080220671   0.844981923318516162310208295036
 142   0.029050671818339785284218401417   0.424455058169422808749951778601
 143   0.022708822279009940508186393994  -0.170150129332784420098867226488
 144  -0.301304757044609717530213685102   0.491693458635541052225490563241
 145   0.200982323427129570434497762440  -0.702999888807719085548105237748
 146   0.177989256714982845904865553455   0.592773053796328221265985320457
 147  -0.239519163674947876771954123928  -0.613357918555420699214130676008
 148  -0.638002035446889065120677779043  -0.035673328400547933147789657208
 149   0.274017947057727418233869915656  -0.903158379485733977303676105891
 150  -0.262457650805152468257934520530   0.682433281555667496016784294536
 151  -0.602352851607560761159523992890  -0.142245126369373387230986023016
 152   0.253362230752000000000000000000   0.681337824706000000000000000000
 153  -0.932869342020121652634615248662  -0.143302772003802707061978635470
 154  -0.158708021687296501685598540486   0.065406266760239235892705100008
 155  -0.782759077439009267167139237642   0.363522672979724327346527602810
 156  -0.887183775604065356259189978342   0.322002860313295942378364539848
 157   0.028670647983913368691428476689   0.943376323472881682497258497875
 158   0.132827298566659774779663756167  -0.192562929488157167924046821368
 159   0.711490468258422136526355663109  -0.445259209630259334031710115030
 160  -0.203869979835619572810800337774  -0.719929716524246153297327041816
 161  -0.378944974262596170228553264832   0.110231867070984731543064289768
 162   0.647770496165580642175896780878  -0.198055132296195452966748429959
 163   0.300356906183211530279273571548   0.783749578829648402096454226827
 164   0.409420757769687609885297508859   0.756666582174154486301590343294
 165  -0.226835464596288187219890109083   0.575852456448993758483507334169
 166  -0.596011002068230916383491985467   0.452360061132833841617832982072
 167   0.689712767248000000000000000000  -0.644203201281000000000000000000
 168  -0.427604226363818515339341371951   0.841389041609663956757342716107
 169  -0.675242296346965506157492771717   0.070352967388810912663310769273
 170   0.487979828419267596298119222159  -0.690312488979838157321138496523
 171  -0.417765082871589396577723054697  -0.080498928711293428798148846968
 172  -0.524712634389574308461184413159   0.239216465195182933451440250456
 173   0.683419680004908946137050567032  -0.304626930265020907049944795767
 174   0.002091545915083677859552968590  -0.943809577817852867445910431360
 175   0.249287624393639453827173125763   0.379629457858677313099592588841
 176   0.058358006118338244469340180148  -0.276721927301609874182063592296
 177   0.540822944647595730292435422417   0.121660261610280909282840667465
 178  -0.191186280756959883258736322929   0.469280658480168304400310968361
 179   0.242945774854309609051141118340  -0.214975729643529915749226416247
 180   0.516822546821163539124999077701   0.789731187710296010196864180346
 181   0.611931335781000000000000000000  -0.391345006480000000000000000000
 182  -0.349637639962597711043431486101  -0.590945118400047951388951081128
 183   0.508690058396632871418617022682   0.527304041187034916571916874488
 184  -0.744146109216000000000000000000   0.580533591986000000000000000000
 185  -0.701199137347663054535017749858  -0.498493777952149552783470985931
 186  -0.812171849660358515240955989181  -0.480788706569008936142599620802
 187  -0.447072417171587855762844833428   0.620678056759739254133866523928
 188   0.543993869417260652680451426128   0.418962855361384523707250170010
 189  -0.456585191480582622926892844563  -0.271229724493571589139361983704
 190  -0.556799771242509543677376803570  -0.762072771124462635989486708846
 191   0.496897563568000000000000000000  -0.802360342765000000000000000000
 192   0.320585992072296061749480698071   0.166485861921026404933199857225
 193   0.168476482405988078740817542321  -0.299134727456982622007243187175
 194  -0.938118913195828161106512718139   0.103507480161130375817427462682
 195   0.353064251141959443322618480513  -0.237388529798902663574406011127
 196  -0.495405300089575849276062634428  -0.461960520275849749480575120440
 197   0.269275992096000000000000000000   0.892241698368000000000000000000
 198   0.394607552646747671008958205591  -0.752842726047826825583209174874
 199   0.424362618820616051244926052821  -0.450532125736553571740798742743
 200  -0.009769436790653441064951388448   0.233724262387144648408738641865
 201   0.171647407175653001128833546033  -0.001832133705879007582833684631
 202   0.723577755504750763861815134250  -0.115099289450726274643029880518
 203  -0.084238729238974971375274964467   0.149565264573691942150721870937
 204  -0.634858437142000000000000000000   0.261620127807000000000000000000
 205   0.356235175911624365710634484225   0.059914063952200950850003491417
 206  -0.563532742998567534810354203024   0.048485669412904773110227113720
 207   0.579029544729245105726082559458  -0.624446248836719383736408331185
 208   0.090858048505000000000000000000  -0.680615596989000000000000000000
 209  -0.119887913078303275336428750621   0.256137062542517396233918236745
 210  -0.076307704349229050820437544450   0.744688934956708257641046889229
 211  -0.566703667768232457198370206736  -0.248816924338198841314182388824
 212  -0.265655573205281413569059898948   0.385121660666715598142294197433
 213   0.246116699623974531439157122052   0.082326864107573698675183086297
 214   0.822463352529263391491653004724  -0.462963203172080599685418914353
 215   0.097178114727331470818509970013  -0.085991131519331713840850455559
 216   0.833069645447520328101004172449  -0.140396294559608484886291977140
 217   0.139169148105989619555695763590   0.402042258014050060924772183721
 218  -0.244992691650329954382769029965  -0.911460078545931115256015122677
 219  -0.161878946456961424073614544198  -0.231896326990864378531704402536
 220  -0.411423233332259551801691047275   0.514106258790913800050670158120
 221   0.937043479427039099069341322738   0.112829124822878615328026647690
 222   0.055187081348673322081324176437  -0.574024521052713488606473094840
 223  -0.424131582080867565672935368385  -0.675082298162613300277815930769
 224  -0.644166030775000000000000000000  -0.333934263763000000000000000000
 225  -0.706129478355880750654969347640   0.474772861288206589443012576952
 226   0.288107733002632680176342915628   0.570360253640955473440805725578
 227   0.761405347872000000000000000000  -0.557655302584000000000000000000
 228  -0.093751503547969738539322975601  -0.742342516679618901122506636696
 229   0.911845045251476055745861643395   0.243555963169375417437549826462
 230   0.778138720309000000000000000000  -0.239255417222000000000000000000
 231  -0.165049871226626346461630547909  -0.529198920741967992956113905080
 232   0.395055284520617592059804274089   0.250644859734479111191216628153
 233   0.590546523789963588867965097627  -0.736230736240085632302481314330
 234  -0.194357205526624805646752326640   0.171978064729064689975901465816
 235  -0.943227422416000000000000000000  -0.028333401255000000000000000000
 236   0.919699364580478963784880052531  -0.211976348999816030606745334135
 237  -0.741352451910394122719261793461  -0.393536054270922811814633687643
 238  -0.461465909360554235625213075174  -0.569089088770258267061466772427
 239   0.388713434981287747283772266667  -0.343960327767728117657602376935
 240  -0.919166760833957738960925879588   0.214274029044675650216669790923
 241  -0.748443631519675107184633277117  -0.014911192488895052687536840672
 242  -0.087841693456000000000000000000   0.939649847137000000000000000000
 243   0.359406100681289288098650487936   0.357216657703304565274412993962
 244  -0.446817533087553204798170840038  -0.785144826107598437856983296200
 245   0.164730588063144697046402752412  -0.929324877048601933357898036143
 246  -0.456115485355526037157355271648   0.732689821090719330420210662929
 247  -0.527883559159239230849200416870  -0.058086128555920680972969252088
 248  -0.116716988308638352948412746910   0.553439656293621010658327739289
 249  -0.346426295460267181230400089988   0.757117142901352152845676333375
 250  -0.599181926837895838771507989178   0.155057467381730227193423479528
 251  -0.090580578778304816151306971890  -0.445039922928515286698097134152
 252  -0.450243341941252778150860837140   0.323375463008635639709457021384
 253   0.086739768784506756950187678219   0.847166190741633110614166196853
 254   0.607022712292924105017075728350   0.722706247728335649588932484541
 255   0.615292237095917260602758998435   0.205819259423733615540857438394
 256  -0.155537096917631579297582536775   0.362708860511342850317114602553
 257   0.165305557636323156352801538610  -0.596437321208086236431652689720
 258  -0.830332131212891289763230832447   0.145449462131353784318370746288
 259  -0.054931394938976512190153185736  -0.551611720897340740781293499960
 260   0.724912950761356258957869496994   0.539082308160407182462308026244
 261   0.796702502103504281287957516216  -0.029769436142599338781460137526
 262   0.379420611540828822505492527314  -0.864187996493246858600385619678
 263   0.398226209290282514447820277801   0.547947453485582725615626130698
 264   0.761089531228000000000000000000   0.076824660249000000000000000000
 265  -0.197528130296289728034768330352  -0.125324529022038924448508036728
 266   0.686590604774573868525066570743  -0.007324336513917292625535293223
 267   0.213638440554311149866019339609   0.486201255827502767182788954649
