   1  -0.079285050368295885129069740102  -0.670686575625764686358308242780
   2   0.602466515456147331252063494832   0.117412609331004897016864731469
   3  -0.264128881586130569347674503410   0.465229234367751859812041635915
   4  -0.361045276866464893805566859263   0.777118572468135278181919042292
   5  -0.316716775213398575852662041108   0.677280010372623464587442741741
   6  -0.124914722701345765695203837767   0.937092499446255331036138742297
   7  -0.027899629046440077579354636487   0.298720910175608138272257720500
   8   0.024480130189320160173570874852   0.480530218085625783471617145075
   9  -0.599212278774693618941708144371  -0.601592989589196476503312633921
  10   0.105433060229304652595592885558  -0.626245755159025402232393744219
  11   0.826973614606967093996868557571   0.458105535013354336703166220720
  12   0.187629635414674175008895857380  -0.827879463671469632546798693333
  13   0.365677035592038896199803790812   0.283780425798628102355791548409
  14   0.313089141964770889694816253113   0.495831201803499707131192654235
  15   0.261685878836444132729954631591  -0.473557766211775921816830732667
  16   0.024688264580827928925632901211   0.086670134170736533496856614674
  17   0.445327180806061907048678502111  -0.428015512045914447799518751008
  18  -0.394779324472358512786847319801  -0.580070407379754846850279640009
  19   0.129447783052348404431483923889   0.450288749990771823895575463824
  20   0.617144228752002252763483753378  -0.676114680753495102305057849055
  21  -0.053777307077058543327724352617  -0.382973869651734559289562787390
  22   0.665639449105000000000000000000   0.301879970311000000000000000000
  23   0.366445397307964608235805654269  -0.109939150391740631418111883517
  24   0.076859889425080397926496386190   0.662339525995643428670976569650
  25  -0.732939408635783725536924072437   0.414453864281103329423692338861
  26   0.554557473835677224341066885864  -0.765644858063434215502182064401
  27  -0.499941865342805523611870317614  -0.155982609269882918597695509473
  28  -0.395390481262792816858081321296   0.601496090465041621775783870079
  29   0.683473666338610589977565738912   0.653153724545486884587432344557
  30  -0.021301220257272659409685394170   0.902494860056011840475148305565
  31  -0.000629186125372593538796977821  -0.594884137932085647864106794740
  32  -0.132659147517960553085205659164  -0.064897705644427152126461128650
  33  -0.605117652597341536621845393010   0.268118942739860290953106702180
  34   0.316755965638191933484894245045   0.890736604557486862795044770201
  35  -0.158953094331594556337699428014   0.041127682358008650261239424263
  36   0.287003329542644655194384510624   0.207996505891046259544132676747
  37  -0.840688704481012822159614455950   0.432421718492515644739690510679
  38   0.768238628938097644264107854721   0.259006161687142995100384344973
  39  -0.316508640821890807100600014748   0.283419926457734214612682211340
  40   0.619922695739000000000000000000   0.516555761679000000000000000000
  41  -0.080279388282200315332280147826   0.116911602265590493072898295925
  42   0.235290213512544213499583498227   0.817962393667173558540365101587
  43  -0.198012953176510534557583346230  -0.924411656590450617027579228530
  44  -0.446560449305529438956068344512  -0.833264547176962177944028132017
  45   0.181827542288108642184409435227   0.632098057900789469094934888399
  46   0.778989164652037380487542159387  -0.535650932810449935112228253590
  47  -0.579031840175034119785516542259   0.555953638652942619534948223653
  48  -0.323692118831796087023074753068  -0.888239524380764400633551832293
  49  -0.578823705783707533369351624161   0.162093554737424488565406149267
  50  -0.736171117882496015380190184537   0.010525714922260802942088405942
  51  -0.105596838988400837796710026858  -0.564642669837231688288065113489
  52   0.287771691258570367230386374081  -0.185723070299322474229770755179
  53   0.208121489101742645436903204077   0.526072669898353666707234335486
  54   0.941878831307130276092281666227  -0.081303798198476454550984574744
  55  -0.500149999734313292363932343973   0.237877474645006331377065020929
  56  -0.719216690687244200974282391279   0.613574276109154575863294627500
  57   0.754255698587136981137585099018   0.569951209854680564382817995664
  58  -0.439718982915859134810986139450   0.701334652560553435370260170630
  59   0.432245567477814620707058380609   0.840779287245925298054030756119
  60   0.153907608164000000000000000000  -0.932759983467000000000000000000
  61   0.572407637135286559310342850724  -0.576458311611204579679772119979
  62   0.080564625135155170284093183334   0.941942345179797126447149814758
  63   0.764936833183241727080545730110   0.368193398509486324254995259417
  64   0.183012172787049891724535351403  -0.549341686119357764628489604329
  65   0.129296342784245629027512380556  -0.735521564653583445976142915226
  66  -0.631749090561286676666571983173  -0.412785464820140809758637606986
  67   0.103153836238714401178990155039   0.556314137993207626283276016737
  68   0.156718225973415888472041582554  -0.443316298116921962240789051416
  69  -0.368888400057651044853525526087   0.101610618547716569413322786765
  70   0.785437883061896116099489036011  -0.233801540728574291722096798342
  71   0.719541380215000000000000000000  -0.321384049753000000000000000000
  72  -0.447562106107045285858944806275   0.025826698640134726601663915103
  73   0.496938635268701143710210608698   0.147513569701338340392049314245
  74   0.103570105021729938683114207758  -0.231406029836570873666245044066
  75  -0.789455744434308972734138069324   0.220044084820014000354349206433
  76  -0.473856052920679289111438575124   0.131852086642570528989364468016
  77  -0.578639917882971198575352533485  -0.231772569994358247462184086892
  78  -0.784653524240961451828271071215  -0.292825435171768783983916782430
  79  -0.539700766779447319477920775470  -0.776188844807538294813764697579
  80   0.391762848014165130700235533301   0.571615121711081549942851525897
  81  -0.157976591440914418725614336641  -0.746451976065026286726692969819
  82   0.182243811071124179688533487946  -0.155622109928989030854586172404
  83  -0.780549972244000000000000000000   0.110445305757000000000000000000
  84   0.235391932022810129477460862742  -0.367532378209340119429130179754
  85  -0.704612148099536207335762802857  -0.630291806401242542261225566910
  86   0.837789247199478790057728972890  -0.048166009793071082193429912424
  87   0.523792809406753090246644214644   0.041628689423423054205205859807
  88  -0.944575955751415563295185253401  -0.039016717984525337628114302795
  89   0.418264929219306902704791328510   0.071729649793756497580390442583
  90   0.550086756220387093499137983493  -0.064396698579012748182494693106
  91  -0.369096534449158813605587552447   0.495470702462605819388083317166
  92   0.044613297823182761233196259660  -0.944328170777153164236285325151
  93  -0.553566233530000000000000000000   0.766361757695000000000000000000
  94  -0.421268159293411282606451037426  -0.080198689362301075786036637811
  95   0.290692692617812865566551754897  -0.791675033278935715343513575063
  96  -0.263712612803115031843550450691  -0.322490933462026640137479424888
  97  -0.739003393716868731822296888977  -0.392066657066899487094098041306
  98  -0.026923132939006596791290746670  -0.488858749929649845476406241827
  99  -0.028107763437947846331416662846   0.692580994090497388247018250901
 100   0.524000886855456148054097782299  -0.352231592138332604987859879346
 101  -0.236650380783573226249081037944  -0.822235809503116609932875462961
 102   0.077068023816588166678558412550   0.268479442080754178696216039249
 103  -0.552737893361581298868919881673   0.449928250649877936152466126757
 104  -0.185455175536736328342255223222   0.541013154275333702623700507577
 105  -0.844819750967059284018886932056   0.021849542409520375844667529707
 106   0.628968539718484392312010831335  -0.382473060233186564563901560597
 107   0.760022005003638871070355622862  -0.124879832415587076552883264360
 108  -0.526235812156439526864364086463  -0.049957221267447116209994956560
 109   0.418056794827799133952729302150   0.465589733708645747555150972984
 110  -0.237834934772496566095180734561   0.359203846365316057424341083002
 111   0.417235252903795834032935366022  -0.725102773088075155633467038053
 112  -0.342594453244017041601031757238  -0.004414769454719232974377766148
 113  -0.237418665989481028591056681842  -0.428516321464462442525179977801
 114   0.549318394504461381463136120036   0.329322877611355985591408738820
 115  -0.211332853567354794090624939352  -0.140681625552008994938120000313
 116  -0.500869363830855638567097917061  -0.554038540581198076812586533839
 117   0.155741729865982407683977692738   0.344263361988336021507874910911
 118  -0.421476293684919051358513063785   0.313661394552588174188723892591
 119   0.864111589111290357104908316199  -0.158017620820992448910437926680
 120  -0.290006559616749035096044219540  -0.216465545459590837749778871975
 121   0.579016681032017245735111295113   0.621192924168096243843464801869
 122  -0.054193575860074080831848405336   0.404746298178043940659958273413
 123   0.050298183370385259733531214998   0.768641904190193875887302983986
 124  -0.710085305460369780879758442047   0.298360410834714250529148383431
 125   0.471413050170992852493718703306  -0.140180618486594590994153564768
 126   0.204940712426000000000000000000   0.922900450897000000000000000000
 127  -0.933769471107129065142471033295  -0.147718026301114019138415972832
 128  -0.027691494654932308827292610128  -0.095139173739281111702502809902
 129   0.508470985617501184485905173404  -0.665029521001155582340233577491
 130   0.736311812697152087661918233413  -0.007729827642288527025560412980
 131  -0.250877850310000000000000000000   0.768404158842000000000000000000
 132  -0.336344052074612398585081072628   0.883526297910828785618819686521
 133   0.667262143857604455155540849710  -0.522279191144266205370771114268
 134  -0.552321624578565761364795828953  -0.337791917179900563797054934047
 135  -0.880832264567625858184709323801   0.160185199861882635059785755082
 136  -0.539980880427407026573300968901   0.657972152085037286827244873839
 137  -0.184270545037795078802129307046  -0.640426589744813531099723985151
 138   0.419033290935232614740793191967  -0.321989926396612236193512989343
 139   0.103361970630222169931052181399   0.162454054078318376308515486336
 140  -0.815749691247942975986631838173   0.326069472822449802742049759346
 141  -0.316092372038875269596475962030  -0.504300241372044285336838849463
 142   0.470644688455067140457716839848   0.253538957703774142779749867158
 143  -0.237626800380988797343118708201  -0.034656237549573192550419447399
 144   0.234623570306884417441458999285   0.026187197981028614344773252172
 145  -0.106365200704326549832711890315  -0.170923093646862954514161681564
 146  -0.842717001143474331387996030842  -0.087367365545634099814211079332
 147   0.680738424584469887901614835086   0.193611446471166606765246667500
 148   0.831023288470546685472462784395  -0.333072510069234217381384404278
 149  -0.657497411833101774374770904349   0.086309634829842645753747277605
 150  -0.064617715801590714725527362545  -0.943170499576067640245345140776
 151  -0.289816959643975404561476660500  -0.610330224129673808956130654731
 152  -0.552529758970073530116857855312   0.056068166734988686177705596353
 153  -0.211124719175847025338562912993  -0.534541709466898244912880530714
 154   0.287979825650078135982448400440  -0.579583154214211724204531285580
 155  -0.053985441468566312079786378977   0.010886214263154690685197743011
 156  -0.785194417167825669983062091672   0.526512837179173351125372044162
 157  -0.021912660018161082164710153224  -0.799223057245046374489744597733
 158   0.050774077002954163426064643701   0.374504830083189981083916592162
 159  -0.604909518205833767869783366651  -0.125741141175028959021653828222
 160  -0.001605682232806074326860867638   0.192695522173172335884557167587
 161   0.602674592904850389059517062486  -0.276447672230750762176201007684
 162  -0.211540987958862562842686965712   0.253178458362880255036640530089
 163  -0.316300506430383038348537988389  -0.110440157457155035362078319062
 164   0.182035676679616410936471461587   0.238237973985900219120174357998
 165   0.470728526966513235507593334269   0.647094761930812056126810711233
 166   0.497706996984626855746212472155  -0.246206006489030393381854117681
 167   0.392739344121598611488299423118  -0.215964538394176433805812436430
 168  -0.683600622545232954736367831720  -0.201506995211996443081455378635
 169  -0.001397547841298305574798841279  -0.201164561741716914090203362815
 170  -0.406422780457972013063410368853  -0.688685252004310438449903043102
 171   0.208329623493250414188965230436   0.132212585983464416732473805085
 172  -0.368680265666143276101463499728  -0.292249465367172680561437743637
 173  -0.830304003554633759184773307675  -0.452041261553777726473372541613
 174  -0.001813816624313843078922893997   0.586555606088061585859317697988
 175  -0.643636419588235031445041199400   0.692443643804765974116196505655
 176  -0.080487522673708084084342174185   0.510771686180479743047658826326
 177   0.051750573110387644214128533517  -0.413074830022068002664747370165
 178  -0.160650350126655474962643677814   0.833865955027560756106081372949
 179  -0.119339163833851727034116644926  -0.848627823152360293821396735388
 180  -0.882444964572210990950985805973  -0.244147013483664181170658442504
 181   0.445119103357358849241224934456  -0.034155230484158788606453011855
 182   0.209039684548871379446624277093  -0.660863986442692047893026792876
 183   0.471756448120821442981568532231  -0.534007249314959409935005425989
 184   0.025689718464678902176480989021  -0.700903333369916800315509866569
 185  -0.394974212479777279353957268577  -0.186224077364736878173737190724
 186   0.903715472089000000000000000000   0.252870860932000000000000000000
 187  -0.723150465439000000000000000000  -0.098040828274000000000000000000
 188   0.503008415347122629631815085971   0.542735941765764817480326417021
 189   0.365907514528000000000000000000   0.677910425780000000000000000000
 190  -0.342802587635524810353093783598   0.389445314460170017000382764253
 191  -0.132451013126452784333143632805  -0.458757789559316402101221659052
 192   0.079146631030655111383133582571  -0.840693217997277980930465287167
 193  -0.528461234467945940445294775754  -0.448343492377172238647528658921
 194  -0.772615824544654431005517213140  -0.544803476612592767677932152065
 195   0.655054409083415337757051032530  -0.094638166673866707758536374357
 196  -0.263920747194622800595612477050   0.071369150452862609837281105514
 197  -0.422371195109448814665044178495  -0.474375359175729008685221765091
 198  -0.132867281909468321837267685524   0.328962378270462097848299401751
 199  -0.942771035685489006550830499193   0.070205517863587967752562256862
 200   0.576380703034021096751631752342  -0.170422086581448550570195246019
 201  -0.631203465019467771122277135500  -0.019715753172593156633953275309
 202   0.364335612163167897506915711474  -0.872356350452997997473263082235
 203  -0.907126211381259861437203092650   0.266210587864318437447486307996
 204   0.909696994519940926477882064582  -0.257288590161652374569725532616
 205  -0.290214694008256803848106245899   0.177394538455298412224981658427
 206   0.840880367978231600275658095690   0.061027394368702508695824928730
 207   0.726941420577235716957719146948  -0.430785265278518430919946665562
 208   0.129238129017263560412108955772   0.844148457027501785702955271560
 209  -0.447353971715537517106882779916  -0.368033385274754523373096615299
 210   0.935444407754559754229469726697   0.136710645037996590677205546132
 211   0.603566308633210349120089998996   0.727635727235039239919060110469
 212  -0.473647918529171520359376548765  -0.262007997272318720985396062386
 213  -0.683791358646735777627264673198   0.192335022832278448141447830518
 214   0.627992100553855622468555400224   0.405106797518937828403067610482
 215  -0.080071253890692546580218121466  -0.276948481649298756901862234477
 216  -0.262944334380453886325596008350  -0.716210423182903854305906478294
 217   0.523024447690827378210642351187   0.435348265613791787979109291733
 218   0.718089029574220549312741491038   0.466874895443389053993716090510
 219   0.313297276356278658446878279473   0.101971117888610457156432123834
 220  -0.159161228723102325089761454373   0.434987766272897900235999954664
 221  -0.667215955219811842611462554655  -0.516104659800546701920019219076
 222   0.831354823646908268194917033359   0.169848433443401963034760208453
 223   0.366750277397202877305153215398  -0.503899797578428422508982827805
 224   0.628760462269781334504557263681   0.011387221328569094629164178556
 225   0.711998735474320148608681752365  -0.621935560286556727996056843344
 226   0.260709382729010651941890741775   0.314021893893482061931833229660
 227  -0.526443946547947295616426112822   0.343902862647442133764765573842
 228   0.835579003426749412333131777503  -0.442214619272525237184863854078
 229   0.024896398972335697677694927571  -0.307189949744152716477903915728
 230  -0.876906467585760289336202621756  -0.353243666004428300332669828488
 231  -0.054775470415082831575527946136   0.798512990884133528817856129069
 232  -0.514050991491064234755676765645  -0.670005778512762629289329373324
 233   0.462534281460436428984445768421  -0.824504747675755914823233667530
 234   0.155949864257490176436039719097  -0.049596721926553228466885619491
 235   0.314065638072204370482880142930  -0.291748458301758276617471308092
 236  -0.137454337058102435782325346151   0.727119997175149369547742996331
 237  -0.185038906753720790838131170503  -0.246707013554444797325820553226
 238   0.261272554960029206949259813957  -0.908560780845531914676548200505
 239  -0.106781469487342087336835943034   0.616797074182915545435359379239
 240   0.557499723779000000000000000000  -0.466122145265000000000000000000
 241   0.681348298954244630064936342674  -0.200663752323168919364542136022
 242  -0.290422828399764572600168272259   0.571254622370187662199742188828
 243  -0.342386318852509272848969730879  -0.398274853369608482949138296550
 244  -0.461466859544000000000000000000   0.825102533568000000000000000000
 245  -0.631411599410975539874339161859   0.374144330742296093340807255093
 246   0.078044519924021647466622302367  -0.519100218024503805052447923078
 247  -0.447770240498553054611006832634   0.419686782555023976576424445504
 248   0.444350741641433137205223070999   0.359564345706209945167450420071
 249   0.575612341318095384715629888885   0.223297489608920183203708185907
 250   0.077276158208095935430620438909  -0.125380641834135071278544491153
 251  -0.667433228288644729711113166083  -0.309541109745588606983612023669
 252   0.209097985209176126224967093893  -0.261506990206904317041429626841
 253   0.260917517120518420693952768134  -0.079838190021407188042927300742
 254  -0.626048781756000000000000000000  -0.708384663598000000000000000000
 255   0.130424279159781885219547813705  -0.337290910114486159853088498503
 256  -0.474064187312187057863500601483   0.525712170557459778964124998417
 257  -0.232179346225472881130536521148   0.916427188407402144158020021032
 258  -0.185247041145228559590193196863   0.147153070360444452648939977176
 259   0.944969952085883086310210789027   0.027889605963297136338270266409
 260   0.155533595474474638931915666378   0.738123445903225271482635441312
 261   0.400847736957574922844300619482  -0.617101829290265560320944776514
 262   0.739402933475904897879847356214   0.101463576519485063863694428174
 263  -0.395182346871285048106019294936   0.207636006550152371801023339678
 264  -0.677445121322596573360371708157   0.508544982967761035809373872344
 265  -0.791392494608556257196510803520  -0.183796352728184261846453549004
 266   0.234415435915376648689396972926   0.420047281895917864319533782573
 267  -0.106573335095834318584773916675   0.222936990268026295460598848838
 268   0.050982211394461932178126670060  -0.019355253831699268890843938240
 269   0.339591223169912661699372048322  -0.004054270113825345231268429079
 270  -0.211749122350370331594748992071   0.647038542277769505011401060490
 271   0.315509933969086858938865310302  -0.685294306303520249749042988705
 272   0.391970982405672899452297559661   0.177755037796192299968090995496
 273   0.286795195151136886442322484264   0.601856589805935509518893207148
 274   0.340359584885838373735373911779  -0.397773846304194079005171861005
 275   0.339383088778404892947310021963   0.389805813801063904743492101322
 276  -0.349986072428676747099589723473  -0.782214138060551645006582847625
 277   0.260501248337502883189828715415   0.707881977808371311906593760061
 278   0.129655917443856173183545950248   0.056428666075882573920814933423
 279   0.497325334252622498356814270445   0.753044582045292839361176809410
 280   0.339047404946745545115754620279   0.783798088233113152976363040441
 281   0.874793783189000000000000000000   0.358443200275000000000000000000
 282  -0.158744959940086787585637401654  -0.352732401556880599713521106139
