   1   0.238697005884073097235331829026   0.509881472989562513676671304578
   2  -0.128615409096853663641968487761  -0.825192230697077497546683068953
   3   0.486624180926178868383671260087  -0.377396583863255878003971496130
   4   0.575610813689171390181542162461   0.256259774379676566830472624116
   5   0.651280612461871814410687387514  -0.509179931971774045643956443242
   6  -0.789747455151476274709443422490  -0.523085950714227003723912793502
   7  -0.179874898733909329244526605017   0.139886721470033678913099274814
   8   0.443193093784859028480079292175   0.603340526704524922125908870932
   9  -0.485425132023000000000000000000   0.608821565100000000000000000000
  10   0.311231735199252113860452630591   0.894681374433212600061213976988
  11  -0.013250128818887279837477138741   0.010565895136711289683831582078
  12   0.558158996643965802031954462360   0.145426942709817277832635663667
  13  -0.016053372395226268051247512481  -0.680970331902984490463145102398
  14  -0.280331895210530224044297987434  -0.591469940809404581487101763564
  15  -0.654660783785957104072753771345  -0.684645319070828144377802771999
  16  -0.067879777890856540776049320800   0.284188005116179834034181828989
  17  -0.380194853829026173898594052784   0.771804175331167298826642489911
  18  -0.842998560334602981605978943939  -0.432057151342998243048227418092
  19  -0.292147118642895920020238932581  -0.004773181597294815341123272609
  20  -0.917624359540952912471730097517  -0.235128665904214519563582322907
  21  -0.611055290530169136951861589593   0.358349319475753637985270313134
  22   0.713801518865762618230245454733  -0.083797367249085918688789455079
  23   0.196398744924447415217001154154   0.194687614022599925058138490157
  24   0.058284686898899653810806063532   0.533389421709784445520438741875
  25   0.655334629358457550476462497499  -0.614562508639807927042345712313
  26  -0.053538409948085658893573045260   0.388668853522583508902040029261
  27  -0.335238643348433287290105212840  -0.318206450251118376269891509902
  28  -0.234781646871812392490333830423   0.413150212028319884130309528477
  29   0.265369761939187558038049611752   0.025546352449535055575646443518
  30  -0.708361471125293320430823066650   0.628922873632411297267446484248
  31   0.460505243743683895445953453682   0.105606507470074797579411309763
  32   0.022615847261776802070672950564  -0.946999724501264960459583466603
  33  -0.639738026415710900716814140672   0.149387622662946288249553912591
  34  -0.396279920296215551190543252110  -0.860396524587858154601945009666
  35  -0.027591496761658161719953414280  -0.093914953269692385184026618193
  36   0.127255703913639796631854521131   0.364248160136719576037946695235
  37  -0.737391779315992807302815149350   0.109567187423203807996329558688
  38   0.887771929262718765383076654440  -0.330425417251745360663166182494
  39  -0.809199654784857015568360229115   0.274877554796920463388430522265
  40   0.474988504721000000000000000000   0.210270409616000000000000000000
  41   0.472241068803510214713455058613  -0.481931182179387861640754508026
  42   0.417653163911438725562622802488  -0.208255322290191008521479449490
  43  -0.780351623762289542741952379038  -0.337204250765434427553321976739
  44   0.528624308425617911070638400619   0.541506635647949590426185967853
  45   0.222345658110874912390620785134  -0.287896192769675969027928157297
  46   0.363023514839469464624050620430   0.065366787689277535828870797421
  47   0.587454450056863363462039986523   0.743113197205666628121077505012
  48   0.209851571448305777519104238043   0.923732792918772786455817027548
  49  -0.153927985547481832070906974037  -0.342697085322242215172967372640
  50  -0.684324752715619149867641897218  -0.166019571128323584267230973982
  51  -0.542084273515428994130813131994   0.189208057902688768502778266495
  52  -0.195494900133090220821431509130   0.728247736561889022938012542151
  53   0.236947297924656725452562387601   0.819823209234027114639876148934
  54  -0.010459019486965557503477354169   0.704856545521306658852219484592
  55   0.360245947960457426244977774396  -0.626232465825534016761837062201
  56   0.941688967527000000000000000000   0.102672637957000000000000000000
  57   0.179279810102664494955452032581  -0.601392487898615302400427569736
  58  -0.320829854528437683785191483660  -0.213734878410102165076839673152
  59   0.341073174409942523882981920958  -0.883735845403344879064018813750
  60   0.358388745503975922733964352627  -0.779706553778921536335076280221
  61  -0.943724741721590263932310298123  -0.081875311390904038158493106128
  62  -0.530546149148997100462107230196  -0.397847320730603336776340217709
  63  -0.885801034991541055087687529368  -0.335673176111458764944208624288
  64  -0.178459725762766329720054075526   0.832323311757822971056548834515
  65   0.733155616315688405243704486534  -0.187466752460394169174588859616
  66  -0.165533530791138447362050329477   0.244367569876437353780957475086
  67  -0.489464372116101918498768243554  -0.811014539439232163679590767927
  68  -0.277805750700125038137762657041   0.099707666809108859526734927662
  69   0.339634450797924014965909204420   0.549198363979756942220341957129
  70  -0.800742617447000000000000000000  -0.233707381119000000000000000000
  71   0.262592195060175519658976765719  -0.666052901065276497015061416104
  72  -0.785616825559563462714286771209   0.529269457035406667815684289915
  73  -0.363921379233975051055057763919  -0.527168147063925726005607910445
  74  -0.249123014814583274372810105962   0.308669363621916209262451328205
  75   0.764154782202824425558194011396  -0.359991810880382328359194375885
  76   0.431994531854209607445099078028  -0.103774473883787333653621249218
  77  -0.726707745626486626174358261868  -0.607631308606879933365040932940
  78   0.655099753282983695193581874729   0.186952985387232975848291906211
  79  -0.938187240101000000000000000000   0.129062829866000000000000000000
  80  -0.516204781206226218579630954656  -0.293366472324199661908482017438
  81   0.628720074326381603570517943537   0.574714468563262719326136891863
  82  -0.680174711202699431367207358793   0.527298914433520130567147636516
  83  -0.041932864704429043602429689820  -0.198395801676096060051884818465
  84   0.098744992024165508631000145476   0.154867178782857444804914136253
  85  -0.378829663035320540059777730522  -0.631569610618276252835921523097
  86   0.859027767447646129198165135428   0.037130073081153725259094259012
  87   0.348682146896698582741574344890  -0.039114060717126139038987402851
  88  -0.082221145833627422658525596339   0.179707156709776159166323628718
  89   0.155384620926562072531807095887   0.574541886156223708291305150946
  90   0.012696784367540217336142492239  -0.472017911655564604402235065376
  91   0.845540572960904118669425331620  -0.427060995912510992615620665005
  92  -0.285855802539750931189786421213  -0.903109303964472883459489940654
  93  -0.842821790733006164245380320689   0.174920191423950193799684556682
  94   0.431647977771746994750554150435  -0.703844788668105591151781678838
  95  -0.025041226596270131478198855490   0.598051690953478638878624195253
  96   0.279711129881958439920525887292   0.130027200855938730443504643789
  97  -0.070615600589970807367382240899  -0.407357498488903409787601219008
  98  -0.318094031829323417193858563561   0.477810625194981078744943374845
  99   0.599326991083927359396062659218   0.463256695180814217374788100273
 100   0.388970428025896961797670251409  -0.417217019102998358257195850034
 101  -0.375459503600406944723763665719   0.059887231569366379273510573759
 102   0.737119789294204385234645649942   0.594957453086947623388588989206
 103   0.001091239123883602044999136799   0.115046743543114964551689782350
 104  -0.099365757352737292754772245619  -0.616309918736323295848511256030
 105   0.738655836506005936594377179990   0.122607795399020004789833903640
 106   0.070062256138623744866047594397  -0.054094518029949904930802264290
 107  -0.698666120658390031750118172758  -0.270500419534727259135089174253
 108  -0.630262019502224496051313406223  -0.439562296255738980580036633274
 109  -0.297988308089080945823439723458   0.703407771912987068485144290797
 110   0.081600380505055638534753496197  -0.641149896663242010209920748494
 111   0.603774934461132637928555653826   0.357890010133285948159449633199
 112   0.703870700361896330428435196743   0.391097843048599077059400557209
 113  -0.654079394358481782599290416212   0.044906774256542613381695712320
 114  -0.501863413263455336697154679116  -0.188885623917795987040623817166
 115  -0.139586617604710950188430698497  -0.238216236915838540305109172368
 116   0.529301730672028901336555159112  -0.664024353428363110898557324935
 117   0.816383032225296882070948154187  -0.059323797115990604524133521229
 118   0.305658043068385937094145518271  -0.352556605936337163642562003665
 119   0.276933563002946401541453041258  -0.561572052658872822147203215832
 120  -0.766074515201534571067767700428  -0.099394509389603541739386841855
 121   0.322009390841584121938856562163   0.445221059822901319062037458210
 122   0.408754305874558082691168911195   0.854540737578875149807208651005
 123   0.446335899796980489327575353568   0.000706374522616341214236951053
 124  -0.468431627868424816012744103744   0.714044377674735472635664720146
 125  -0.280953135896936952020315037187   0.807483356096418653199036872630
 126   0.124691905210593005804619776456  -0.327716628009418449281152511201
 127   0.787236694424192447178926665262   0.326506562273272673499351788880
 128  -0.110903881719169186423478147418  -0.029254540103031190569392771825
 129   0.267366423279814012227134862612   0.718844997075071414921877341129
 130  -0.197019510253019199340773254296  -0.656130353976065776101735609933
 131   0.334340778953927700859098069350  -0.143594909123529813906845603122
 132   0.774382865502577271363820462475   0.221832298004324067292579513784
 133  -0.462142047992831564763302463660  -0.566909197451615058221287676730
 134   0.041379520253081981101095043318  -0.263056214842757254666518664833
 135  -0.835045532216274713888816158027   0.069746752183461327743105204785
 136  -0.183696065741567223787077085998  -0.929287743480946575485497035686
 137   0.166797150462000000000000000000  -0.710744376996000000000000000000
 138  -0.263464382757354156255286381502   0.204188515215512534394593127934
 139  -0.735495766399244100282642495843  -0.432649913728284466150080514416
 140   0.529648284754491514031100086706  -0.063954038644044853400396895315
 141   0.253038373826843979117808104565   0.614362321395966188544529504850
 142   0.169712670379532105641133853935   0.679024561835328934668652987225
 143   0.096009169325051242039667225377  -0.536678324822225799016868911744
 144   0.170990092905771320832230636122  -0.837058391633632049289396521226
 145   0.113086359966936390513476421016   0.259348027189261119672772336524
 146  -0.070604267354120392339988973878   0.869454691506619839367161370397
 147   0.365064918958626947099940667881   0.758555530442036053753585548782
 148   0.501210530153760197180634293537   0.803808409520469244556879809434
 149  -0.108630710619714958488958631975   0.662353484698957494360118048373
 150  -0.878480786469267996779621273231   0.354388857834407822128395272606
 151   0.350736869505656913990613909834   0.654072854762930827376237712504
 152  -0.561414088234137370180536611842  -0.733909670146003015659146168601
 153   0.947037485862180639930751679299  -0.020975107262651995429272336880
 154  -0.265990527267759342161821711894  -0.486989092403000906619243563293
 155   0.538576142781621660817403132942  -0.779266124747707758432090785805
 156  -0.418551028305944311993629945978  -0.253546037084457181655257663534
 157  -0.751733147258763689185291424889   0.005086339016800133128471358417
 158   0.488634160756606171345906028439   0.315900233489578929832769765474
 159  -0.256327514118000000000000000000   0.911685791003000000000000000000
 160  -0.001712004452455386168771236941  -0.576489483496580815595286902126
 161  -0.723050411373221925420338873810   0.214048035829607482864187758959
 162   0.457899700860739332830978783073  -0.586412030585791536508612708297
 163   0.110350537267822123922143500917  -0.432197476415822124149010711472
 164  -0.432892396248715193876106221518  -0.358026885490860856523115863806
 165   0.308221841771432727921380262945   0.339408182209800861676537202771
 166   0.515306916811720632148623811166  -0.168434887050448528268255095586
 167  -0.415747784729605323779859572238   0.437990189955238598491719020942
 168   0.224909456813921703217855529808   0.404068595376462056291171049139
 169  -0.473888442303750152772017173308   0.820213203382977135148496123238
 170  -0.208557634619451093009479156096  -0.069074975342773670822617125729
 171  -0.487454624443459733192240949936  -0.084414052076779775847571980416
 172   0.806386138504639072271845334217  -0.263356232219616696406739893375
 173  -0.303752663886552535311382288020   0.582291473601384753612801575117
 174   0.918999707009540400930133932710  -0.229694347490787529872624967183
 175   0.938836850366183536255305053068  -0.126116308015038469115534569157
 176   0.837613916251460707818902612487  -0.162625162458658865616198678064
 177   0.598619301769231656852148544303  -0.233095300217109722882888941954
 178   0.153374641096134769569572327535  -0.118754931196611099545436110658
 179   0.067259012562284756652277220658  -0.745630745069645685077778948765
 180   0.699422756984691051895942202135   0.496464528096127346274739024283
 181  -0.136850794905596683597097778398   0.453329266689244703516673875629
 182   0.621860415183602702681110179678  -0.714569505912837719896659722925
 183  -0.860412356764079239228785564985  -0.146535724557565232773126952496
 184  -0.309581546954646594931494229576  -0.800352252770158783185273576488
 185   0.072063994259571438013651310298   0.639191678808728099674058634592
 186   0.752988382258739457062463506176  -0.574742073400065446789121358410
 187   0.087189656632995110124005189468   0.744689428547907493846813837224
 188  -0.389800871543177826606239941258  -0.044593616837037295594347626513
 189   0.569894821703792121299456067290  -0.442110746939645381387530154122
 190  -0.361473071791906343803235235692   0.875589614558191909939087871352
 191   0.584277933826460774969672268764  -0.337576148623513397750747142226
 192  -0.295240179011875713049017954036  -0.695871404363755108317415376217
 193   0.641626080937000000000000000000   0.080756049018000000000000000000
 194  -0.039369066001382252775194945145   0.493568986470041965267214387971
 195   0.690924260013873758530053163714  -0.284102331121159801127043342126
 196   0.015432607066654483927475412338   0.219527591949518639419547982621
 197  -0.113707125295508174637248521158  -0.720790767142726970716369456301
 198  -0.946967938993000000000000000000   0.023892445312000000000000000000
 199  -0.168336774367477435575820703217  -0.447168657163258426366019209390
 200  -0.476483415935602446645778739199  -0.671390045858018733089145877001
 201   0.543817628701194920149478186820   0.040946094303413602964777463395
 202   0.043943318956128771928329787993   0.428908573303380770652580541603
 203   0.133341561650319622740565303472   0.839515185499611803043351093743
 204  -0.222899002562221974891955431635  -0.173555823749177345690475326000
 205   0.319999411011156818976621793811  -0.248075757529933488774703803394
 206   0.210568088871150821335379254268   0.299587746970058381423312848867
 207  -0.615353735700879007046593439620  -0.335160832701388453749723020622
 208   0.627130013658705944853002919958  -0.023714318863247591649856382973
 209  -0.430089152672376205662335847778   0.333509341548834923623860820670
 210  -0.151192162848367565479574053938   0.348848418282841028648815675357
 211  -0.402448876481000000000000000000  -0.749570066795000000000000000000
 212  -0.404142239485948708488716216798  -0.149074465243440970462205826784
 213  -0.206623995699773299365384260770   0.623376073325057136169199137500
 214   0.084403624081394626748523869937   0.050386330376453769937055935982
 215  -0.332435399772094299076334839100   0.373329776788577403877085174573
 216   0.667548574604074027885457075968  -0.402290311699902901134305800219
 217   0.055720888195852862983571318858  -0.158575366436353579798660464561
 218  -0.570767009400970757895765683074  -0.019753638910118581232938134048
 219   0.251028393996416676155573336212  -0.078934495956868619292211756754
 220   0.748934365362153720996688396191  -0.469359496732031565390732089339
 221  -0.237240370504992856774431707175  -0.278036672155581020558333526272
 222  -0.713445124353359077166703835299   0.319070228624549142882232288591
 223   0.193662922225333148625668234054  -0.496857889582483318763644557840
 224   0.236687026053645794273097060673  -0.183415344363272294160069957026
 225   0.374587315903228308127454049935  -0.521751617419130341893978861929
 226   0.689616007378638290819916329737   0.286605133991244766096856601779
 227   0.842450290938360139195084519818   0.141279531988897997950292961557
 228   0.502975528699377053228382303978   0.420381081895982604700627965746
 229   0.293880473828661846038903987406   0.234927333803397186808679002499
 230   0.027038152310311099218618767779  -0.367537063249160929534376865105
 231   0.377192858786172870742428720545   0.170266920636735992194045156131
 232  -0.473113256500688851309764674396   0.020066796329623899020286219855
 233  -0.220440278929041510607857554883   0.517631060434723558998167728748
 234  -0.401406416786834441897383296699   0.542471038361642273359577221213
 235  -0.527742905572658112248336856455   0.293688906309092443370636466766
 236  -0.458771888557917969427288398857   0.124547644736027573888144420127
 237   0.105870381267927448318867128580   0.941334912304342098334595730395
 238   0.141597071856410678514330796670   0.468729008543123250905804895507
 239  -0.562125216343148794886167224267   0.762453405726545308957518353472
 240  -0.306488486585666801902715208120  -0.109254030003698490208981472881
 241  -0.211927794054364688345493220899  -0.760531817530416302932049222585
 242   0.137342358642000000000000000000  -0.937069695937000000000000000000
 243  -0.556425641458199876013289407534   0.084727209496285093634920066223
 244  -0.153408031714319661057902613779   0.934765174018789622244730605464
 245  -0.078824389840232788131266036495  -0.918158767255016724674233021638
 246   0.615502669882000000000000000000  -0.128948264586000000000000000000
 247  -0.499060169687116348483384305376   0.502650603121899793106352867310
 248  -0.596713922587398255069385314053   0.462830167882157312853128513406
 249  -0.569887558455000000000000000000  -0.620972341974000000000000000000
 250  -0.361118135657636062841287390179   0.164368079975770054141368774030
 251   0.291316675125615055211669242732  -0.457037454342740838510420203937
 252  -0.601012367758108125164117164080  -0.230679984294984778881864820351
 253  -0.513401537629887230365860580915   0.398169754715496118238494667038
 254   0.895319855166312430587237234110   0.309390225601606691151651229484
 255  -0.582372554644627373186909038514   0.567311016288560987720986713677
 256   0.208004290168104030508144509594  -0.392377041176079643895786357569
 257  -0.912576338735236025792845189781   0.254016496971026485005652829785
 258  -0.349580011291204169172581488379  -0.422687298657522051137749710174
 259  -0.096562513776398304541001871879   0.075226308303372484298465428446
 260  -0.849386900159045595771292433566  -0.034734096222942347124752995487
 261   0.403311795968667843680146526949  -0.312736170696594683389337649762
 262  -0.026079083645000000000000000000  -0.800514835919000000000000000000
 263  -0.125245249661940068305954422958  -0.133735388509434865437250972097
 264  -0.545454432950342589466827196798  -0.502248784284953863606653830362
 265  -0.085024389409966410872295970079  -0.511829070329919620980653055758
 266   0.167716009038905651452048603075  -0.014274082790207424677577910386
 267  -0.444430520615147087544812123317   0.229028493142431248756002620398
 268  -0.586670999815337243281640888540  -0.126199135888581104014006620079
 269  -0.610762871288706192015088304155   0.668878296645183625986414542706
 270   0.924162617499309929164074307564   0.207950501729772032376486360316
 271   0.448616434155987568787155011497  -0.834304051145627736607238336546
 272  -0.056274232647199925484905965359  -0.302876650082499734919743018736
 273  -0.668420762301252664481766691751  -0.059574074149861061486162487952
 274  -0.095655961402567061002140435625   0.767012829245653188178979599448
 275   0.182057376981676533334524878614   0.090206765616196250190280289885
 276  -0.447233764191486075758582497058  -0.462507733897264531390974064077
 277  -0.387065048844063560014907021158   0.646951886768045948227435421485
 278  -0.182678142310248317458296978756  -0.551649505569662101233877409661
 279  -0.194216266676680211127002880556   0.035405873063630004045241074543
 280   0.139033273153363887687096051996  -0.223235779603014774413294310929
 281   0.666417106635894936909221391343   0.673207393554082996439986856785
 282   0.240724762001258254569313650480  -0.916172223827090995636962152103
 283   0.457521143237829061589406050223   0.707823202383630148503256707211
 284   0.391534226728943752624904996084   0.274747769043139667061903356403
 285  -0.799958193502334344596763046749   0.424788608629002992947826089643
 286   0.029773975009425365809951687878   0.324008440355922314287406182893
 287   0.432090675077126129455374586761   0.498466035921351036970013115558
 288  -0.642345794248000000000000000000  -0.544344913369000000000000000000
 289   0.028130666053000000000000000000   0.832113816437000000000000000000
 290  -0.346776767714865180958811114640   0.268848928382173729009226974302
 291   0.066466964918221039756184178510  -0.851088296618699652095989264632
 292  -0.122958550024827079785954721630   0.557870780215520820748708241091
 293   0.545722161582000000000000000000   0.646011789731000000000000000000
 294  -0.694516079145470313249683634333   0.422818066027116455699289436244
 295   0.804837973295147072148629499869   0.499555593998305538224496094636
 296  -0.251649159324988460279345436355  -0.382508243996597231751385363022
 297   0.000576969988267261602219295406   0.947269561349076808187284438626
 298   0.253279872612148514248155484288  -0.771101476347456378486396420703
 299   0.405321775799095146642381295301   0.380560646656240124447403611842
 300   0.855379960750811274318922784737   0.406995181173905689016802702631
 301   0.500965548868949750266147535626  -0.272915735456852203136113295859
 302   0.560814958994770375853979283127  -0.563382220308726749547496118571
 303   0.743897542088969102827056680377   0.017277614345471186651219242705
 304  -0.625396658472940018834337865133   0.253868471069349963117412112863
