   1  -0.354843184702643541122891715521  -0.437260675661563370679258208204
   2  -0.205853481080252914531088675056  -0.041779085942182947333044958203
   3  -0.392090610608241197770842475637  -0.536131073091408476515811520705
   4   0.472243872506482246920519385238  -0.583403353115506261234731240556
   5  -0.429338048058100968474494719408  -0.635001466172185155421156123033
   6  -0.533837671608000000000000000000  -0.652115452098000000000000000000
   7   0.330375040781258108652155794276   0.602977243602176833659456111637
   8  -0.384596321700756588925503498167  -0.256697862456969540997211981483
   9  -0.203263580684724507972178235024   0.837579157783931767986957142080
  10   0.590883003488616317609066987852  -0.003225630131256997241115084466
  11   0.106890485347672168764451233578   0.009754859023106198640136236636
  12  -0.220618040263396744643022502760   0.697650148531288753386200346960
  13  -0.608298119263000000000000000000  -0.577126646716000000000000000000
  14   0.173891048251382873215013776340  -0.071937556751642525205356677585
  15   0.322880751873773499806816816805   0.323544032967737898140856572416
  16   0.929924715928212279134897177688  -0.179935823608224786878423210043
  17   0.904050328530000000000000000000  -0.282541563354000000000000000000
  18   0.846933032121628165516617096650   0.111184190706502202736399971081
  19   0.441893299866225691017263947387  -0.398707219850637420587328334468
  20   0.481269977563481322636731163789   0.714953898609492043099447834933
  21  -0.157818414197000000000000000000   0.933920866754000000000000000000
  22  -0.049369488550377679093946657120   0.633135714411636411531767831019
  23  -0.416477116093010830685832135338  -0.739869586463901225872740492470
  24  -0.732813098983785589542516643057   0.408410784085749357537411816916
  25  -0.596441266573000000000000000000   0.553412119267000000000000000000
  26  -0.087282714187244175075675656179  -0.763862777662095600220067388378
  27  -0.717874413899803324612533030306  -0.581713496145804265933794849183
  28  -0.332360317980189714586874783108   0.401038956241753435876540409460
  29  -0.518597447508177997826628583690  -0.093313030907472093306226153042
  30   0.581813305895774864203606648569   0.747415650755565858008021822027
  31   0.494129303586792565355892662445   0.259029598848085556286424056475
  32   0.194955477016000000000000000000   0.774056095363000000000000000000
  33  -0.243100906985850571179039435172  -0.140649483372028053169598270703
  34   0.479140725771823347665214707503  -0.299836822420792314750775021968
  35   0.024901344628992246623210735875  -0.467419146471022948551569927586
  36  -0.911707792362976084384092130284   0.195827411573020265183004633434
  37  -0.765188218637326080955659227559  -0.226216002959272467954205679429
  38  -0.756846562124907767826266972091   0.052893818986928972393699277120
  39  -0.886626356682327485806925658386   0.005018391664064094082708215294
  40   0.188879626066352090905691731282   0.486928864517235345831842400857
  41  -0.585598010411888702277191126452  -0.011620615132723369460733238821
  42   0.404645873960628034369313187271  -0.497577617280482526423881646968
  43  -0.159150976766840415982971188401  -0.686418093801169963441732385839
  44  -0.317595758797045884474940955405  -0.338390278231718264842704895704
  45  -0.526091736415662606671967561161  -0.372746241541911028824825692263
  46   0.136643622345785216567063016224  -0.170807954181487631041909990085
  47   0.223547207511251608907739052246  -0.714373016504001708153894195612
  48   0.144137911253269825412401993695   0.108625256452951304476689549136
  49   0.099396196440187559919112256108  -0.269678351611332736878463302585
  50   0.158902470436413655524335821398  -0.630803978020520396242555756028
  51   0.509491298412079903568470145354  -0.484532955685661155398177928056
  52   0.300397885151319673270799884393  -0.514755598935578908414942045248
  53  -0.235606618078365962333700457701   0.138783727262410882349001268518
  54   0.359751229078756596598256164732  -0.876194003111217648813764183039
  55   0.650389277484842413214290553143  -0.364351256540444656605207537909
  56  -0.481350021602580341178677823574   0.005557366522373012530327159459
  57   0.151632200160754434257740971166   0.388058467087390239995289088357
  58   0.240891611155093577665576319102  -0.153629972526391249050849591806
  59   0.196149896342011312172286581515  -0.531933580590675290406002443527
  60   0.561129866490503269806455205207   0.177337183073336832440931142254
  61  -0.250595195893335180024378412643  -0.420082694006466988688197809924
  62  -0.496364582669706125357431245569  -0.553330358168878349154380297102
  63   0.375848444208939482168641156309   0.707952003886937916673850913648
  64  -0.205891031979000000000000000000  -0.796389940573000000000000000000
  65   0.944529552047465605939144793189   0.070716357518967630032849908449
  66  -0.325090047704530493320279932876  -0.617823488866157200361304434926
  67  -0.689845999221197063375704429330  -0.028798596787819751451793637100
  68  -0.116370051454088383544509199882   0.714828130186385135377260745240
  69  -0.012346081276605410024740024241  -0.566289543900868054388123240086
  70   0.032395633536476855468549713346  -0.187985935836584013032970388365
  71  -0.257865466168994401290973262876   0.598779751101443647549647034460
  72   0.696511604899000000000000000000  -0.268530151711000000000000000000
  73  -0.004851792369120801179401046771  -0.286856333266429118869523700865
  74   0.330151022149432721073411667038  -0.695318412140172738096988271969
  75   0.799876186807000000000000000000   0.498398950551000000000000000000
  76   0.862327241577532678504449816812  -0.098736638354075083510795447112
  77  -0.697340288128681672221043406800  -0.308231807422258686970393176322
  78   0.905444072288883450955813417992   0.278043000035353683194866765851
  79  -0.109099781178429162277914349648  -0.304034314921525500860584099145
  80  -0.485600307308994144676225548955   0.569661112963441208130234523378
  81  -0.652598573315599406727753669213   0.070071800642025354384759675400
  82   0.315386462966288890961477839335   0.044110822333298962622257033195
  83   0.259928899845195421734417002201  -0.910809444909857561449901232797
  84   0.761845344175593416235586115416  -0.066085229210905460460470074659
  85   0.449387588773710299862602924858  -0.119274009216198485068728795247
  86   0.054878500258930682004566645758   0.650313696066732793522828229299
  87   0.292579046813547062979809988562  -0.794356335934183935363289763162
  88  -0.421843747606354245573454258283  -0.355568259886814646833765293984
  89  -0.323673783385630373939230811664  -0.790369761344110877147006456869
  90   0.636590753866687756599942176889   0.575276431919908001533843296928
  91   0.751702027015108147073762380583  -0.394325462237112407429790993264
  92  -0.394277141938008554003762589270   0.760090891965084393853989285364
  93  -0.079346644180316114475302567003  -0.484597128126119330542630325866
  94  -0.280348332891448227826990195288  -0.239519880801873159006151583204
  95   0.946529225545936742346736520270  -0.034918520861366681441972796403
  96   0.270644748153206625468188101748  -0.334192785730985078732895818527
  97  -0.121227914521436714963372579693  -0.863915012013958246669645599485
  98   0.585303085312164039264257320728  -0.744685958129867058109828410193
  99  -0.146347207084026818925865109765  -0.402904712351370606697137411645
 100   0.159126489068239043103079948636   0.667491677721829175513888627578
 101   0.546141288675534052115777250265  -0.381529238195541038596267936188
 102   0.352633888871886547609428599451   0.142981219763144068458810345695
 103   0.396841181685306503364230935263  -0.777264423913829010071176444894
 104   0.742894747546000000000000000000   0.587369969458000000000000000000
 105   0.233397322247608968820237341631  -0.433063183160830184569449131027
 106  -0.064358066365346896784624612062   0.074269293142758540494568752577
 107  -0.794093988030505424474217732208  -0.045976578442916133442854035380
 108  -0.054241131354142003112991455881  -0.945618727384964178512387829538
 109  -0.725854029353220620397889237070   0.608500456847347343619209135781
 110   0.486635014679307956510553684974  -0.020403611786353379232175482746
 111  -0.309731480356714391679229523051  -0.895099596686187059316458159562
 112   0.741788842266388260731281212919   0.121548821149203718214808941692
 113   0.735626598854568888782905382994  -0.596649298138693594103541712712
 114   0.704541416360790604083330452802   0.022678423719358612378255629192
 115  -0.116594070085913771123253327120  -0.583467525555964436379183638366
 116  -0.500186870276219129684088989898  -0.804332004035036035189487838247
 117  -0.898202537895223543407613303518   0.300614502029286676175578361290
 118   0.274994395815076302131564010595   0.885392331169999224714503296718
 119  -0.665825173491816849851845696857  -0.673656972246505054441122351660
 120   0.628130429394213974257017747969   0.095644767298588108595438228034
 121  -0.016977029842925100477480343982  -0.846754613758784171802213912373
 122   0.818666513963450057753331267409  -0.476363324392914111233863629460
 123  -0.540856295598806436783901388865   0.366682992931560671894419612900
 124  -0.290034297857345332809895250566   0.777300066335258168955392151674
 125  -0.705468510965000000000000000000   0.260137635591000000000000000000
 126  -0.168606055174655257883137914939   0.057091311487662158503508354297
 127   0.749201284995088087004827832370   0.403231890659391978882337758804
 128  -0.339854606887674323432213760579   0.121605745607314500357940870238
 129  -0.794936835882795611289473266435   0.322951041877905728860143903296
 130   0.129149333438300607721724038753  -0.450241164815926566560509529306
 131  -0.019616351552264631291334874474   0.452572901207042581849721604298
 132  -0.832188781541036785406221770321  -0.144523587184523744108712765208
 133  -0.228112329170881353488361480230   0.418216937896849817867600807739
 134   0.053570713949605178323136014112   0.945656944414128471558981504727
 135  -0.607856858502517141234463931626   0.448375408706309395739912527121
 136   0.062148770534589903271161495991  -0.368548749041177842715016615086
 137  -0.485599832760634221138399787597   0.813221790371224966794485568613
 138  -0.563339162321260263319918321277  -0.471616638971756134661379004763
 139   0.397375603684968813102718337038   0.521284827827428109813963197417
 140  -0.548350584506291045629240366335   0.087249782297121736375820073679
 141  -0.554014625326987813690502697724   0.650173269279499070462683181185
 142  -0.839518672942634989579808836902   0.118681723023080928221000194596
 143   0.412140162868112643214652164742  -0.218144406646043590905282107747
 144  -0.645104284408114797882414691743   0.349505011276464289903359214621
 145  -0.473855732695095732333338846103   0.284990577156811948048926698680
 146  -0.451596884604467293376066040928  -0.175005446682220817151719067262
 147  -0.176100344082139866728476892410  -0.222341899146776777015091184924
 148  -0.287842621798932836672329172759  -0.518953091436312094524751122425
 149  -0.220842058895222132221766629998  -0.600645507211060818370244036646
 150   0.464376166588679517553280879800   0.439592412052679385968470283196
 151   0.714356205758245016598028844234  -0.493158735273974538215029422983
 152  -0.928203669256848545342328450896  -0.188612900645367848330885917322
 153   0.657883566392327022059629530614  -0.084918045906005721086607998687
 154   0.278139037060691234313527079218  -0.054759575096546143214296279305
 155   0.620636140486729365411678770498  -0.183788443335850826923161311188
 156  -0.742110975641000000000000000000  -0.412939914569000000000000000000
 157  -0.901422677398622759127727902823  -0.290816152548710695304542996303
 158  -0.042099218274718457827351806887  -0.385726730696274224706077013365
 159   0.456881877681194908707941902329   0.160159201418240450449870743975
 160   0.166396759343898264369674798869  -0.351370767386081460723956216806
 161  -0.407494322220462579896819660426  -0.855035236273817142154046799182
 162   0.337645311056917329918750644509  -0.415885201505733802578388732747
 163  -0.488844310510064950024016801044  -0.273875844112065922988272379763
 164  -0.310101469889561275629601977934  -0.058957067597279329324105356483
 165  -0.406855169791385027882776303341   0.203298161382063224203433784459
 166  -0.131358629269057601235187154823   0.155961708917507264340061666797
 167   0.664599519111729252183985671058  -0.674866177184925095249956739498
 168   0.203644185249495921017625558986  -0.252500369956236354887402904306
 169   0.548270540467192027087293706551   0.633261482834743319253954920713
 170   0.211138474156980529862964536457   0.026932840678202580631196634915
 171  -0.369607743885787371234825543225   0.302168558811908330039987096959
 172   0.379199216316967556319355666051   0.867954395262985078734690655172
 173   0.803062848110000000000000000000   0.208145015803000000000000000000
 174   0.218632763064465138708303513927   0.306366051312641516149796174137
 175   0.047384211351446073159227668287   0.370880485432293858004228690078
 176  -0.719599136219310111178316211975   0.151764216416774078230252589620
 177  -0.578103721504404093431852148981   0.267812595501715566057866300400
 178   0.017407055721507637777871758404  -0.746852357105461884070169466807
 179  -0.056863777457862287939285634590   0.353702503777197476013168291798
 180   0.665377855299811630904968508085   0.194515164728433214431991540534
 181   0.051412554142408618041888208680  -0.945776732209188148592116346566
 182   0.077137348349559120961839450933   0.190317672227700028322182463357
 183  -0.272854043983963618981651217818   0.039913329832565776512447956018
 184  -0.797033013934836715987632820615  -0.511737484077223788045114634910
 185   0.568624155397987878651794182678   0.456770393707775767959530681476
 186   0.017631074353333025356615885642   0.551443298636887687686274916798
 187   0.307892174058804282116138861864  -0.235322388301139972896342506026
 188  -0.555844873413775654474579343806  -0.192183428337317199142779465542
 189  -0.503608869693208780135950628748   0.465553390361405777730972925401
 190   0.192834176088929445933049210481  -0.829194346621618839088176724297
 191   0.516388151677421004313165467620  -0.200966424990947208914221709467
 192   0.054654481627105294425822518521  -0.647981959675616778233616154307
 193   0.105990535109226066319399594241   0.853924242643593710188030516305
 194  -0.511103158600693388981289606219   0.186120179726966842212373386179
 195   0.088676655653625520677399320579  -0.846912618583008141881942429401
 196  -0.213347769987737523376427652527  -0.321212296576621882851644497424
 197   0.091901907532702951073773278637  -0.549111562245771672397062841807
 198  -0.101605492270944553432575372178  -0.024601104287086565341984559923
 199   0.634268075006822865307180814929  -0.566830246042183051831515938369
 200  -0.573149580680366183092771715145   0.754079860543733725869099110496
 201   0.866627271076451078601389644417  -0.382222514954731399662498395380
 202   0.463428943114000000000000000000  -0.689921716909000000000000000000
 203   0.473506640199228469502325670961   0.820322095032783377167201661111
 204  -0.198359192172768305685749697585   0.237654124692255988185554581018
 205   0.702625281205409287552919268201   0.293385562158278320268544853035
 206   0.010136785445848416511276908171   0.272010088002448752167675377577
 207  -0.852478724332000000000000000000   0.412815658898000000000000000000
 208  -0.436608306789498075685388085986   0.383860974586657053885480011180
 209  -0.448270826783000000000000000000   0.669272330198000000000000000000
 210   0.002642496538363807665937930700  -0.007423122631990183350924161644
 211   0.806194711725905184761035144129   0.314268552513796901244565670456
 212   0.374892736962514986566701404625  -0.317014804075888696741835420247
 213  -0.208114769809752750152427275820  -0.924026579974174830525411675751
 214   0.531376729492390222003843422561   0.357899996277930662122977368975
 215  -0.052823163910000000000000000000   0.945698983862000000000000000000
 216  -0.377102032793271980080164520696   0.022735348177469394521387557738
 217   0.360128177779371156454767576922   0.422414430397583003977409884916
 218  -0.586655787098585995682143611420  -0.743620780623749802637667050388
 219   0.114384774255156777609790211049   0.289188069657545134158735775857
 220   0.419634451775597252059991142213   0.061288803988395344613317431474
 221  -0.385113299779301642309428103529   0.865346534195887465283362178322
 222  -0.099241166465074680900147815572   0.819084197269129294349526565430
 223  -0.630339725224970967770480864039  -0.389924223197007410815886090543
 224   0.560105580523375101678375173214  -0.642080831664629134890659677399
 225  -0.265359755076479010136312240347   0.319346540467004712031047495239
 226   0.553635577583018660961116227736  -0.102096027561102103077668396967
 227   0.724884129296037726510192073376  -0.166610461680754444932100912908
 228   0.382387025869999595412040382096  -0.037581593441449761223235881026
 229  -0.347348895795158932277552738050  -0.157827465027124435160658668983
 230  -0.027110640459749240136673851945   0.173139690572603646331122065077
 231  -0.942423358729495296429793240163   0.094736956003206638527504592293
 232  -0.094111203363459944587236394707   0.254832106347352370176614979298
 233   0.930777463661062820932995393606   0.175471339689464297858505644273
 234  -0.153617477359686040192459959998   0.615957732756540029540707432740
 235   0.598377292396100926454405965323   0.276207580503181938277484454755
 236  -0.801589731065181726713178608615  -0.325400962088634315429151395689
 237  -0.161111766267170649037798937469   0.336524522122101094022107893518
 238  -0.123864340361572992389848177352   0.435394919551946199858661206019
 239  -0.653567850659150441167692223057   0.685555207475309689909519862519
 240  -0.381352318499685783577712246077   0.586839094618537590121294921658
 241   0.248385900062578186510915296573   0.125803238108047686467749947415
 242   0.825805421556180045539311148288  -0.197877361000505470958764150895
 243   0.123060741218058258932751422965  -0.747010361929685854149897983834
 244   0.854742509200047166255513465339   0.408107976984209136206211118760
 245   0.039889922443961464313888690817   0.091447274797854922485629150856
 246  -0.016389940662000000000000000000   0.749420852682000000000000000000
 247   0.121879063162641386455129188520   0.568621280291984069677335315078
 248  -0.414349458698869636728115280812  -0.076135049252375711315165754762
 249  -0.667587151130568624418431624155  -0.488794620626852516652439403043
 250  -0.295112892074592057938924022992   0.499909353671598541713093721960
 251  -0.459091173511951902221405018399  -0.454438657316659752670318606484
 252   0.498723952227156747596375853169  -0.805239900518262422541303491473
 253  -0.727093425126794720023655189446  -0.127668994217664857288346949601
 254  -0.327840576802158233107659535254   0.677939147994074096409279642159
 255   0.636097426283000000000000000000   0.375463421551000000000000000000
 256  -0.802271247037037332931858076785   0.217552120452926034057553507096
 257  -0.086616914455975335741897417236   0.534265316981791305695214518519
 258  -0.849068079985136241933463629750  -0.419785985309289206786987599838
 259  -0.049593507182203066672690784358  -0.665159941330713160224676552586
 260  -0.660092862223084015573092646684  -0.209361409992413581133839863822
 261   0.389881314777484204257379359567   0.241851617192989174295363658195
 262   0.263150459245722016622849124277  -0.613625996365424014251495357748
 263   0.501623592494277174201231639916   0.538462809482524491805023595696
 264   0.000337774438350765638622661171   0.854393696742792350445274589761
 265  -0.801198793649000000000000000000   0.505190416303000000000000000000
 266   0.799900631765052170694444231265  -0.300306205035796556326624331749
 267  -0.695565673078187932894565882940   0.507281181515594463373965129416
 268  -0.034604929367233848982012829416  -0.106293520061835289187477474144
 269   0.092125926164528338652517405874   0.749184093496577899359381541799
 270   0.367398448055030377721362427155  -0.596448014710327632260434959469
 271   0.293127614875660452004205034160   0.504106846172331727822902799137
 272   0.661435464277012694978359059812   0.677967554170838732875236904643
 273   0.841426119554000000000000000000   0.005294693184000000000000000000
 274   0.179246213761946318368243162900   0.930057886781109520288072731012
 275   0.434623029590566469750669097154   0.620155225257273215650516509917
 276  -0.071852355272831505629963589532  -0.205163917491680395024030786644
 277  -0.138852918176542210080526132294  -0.123471501716931671178537872424
 278  -0.615351147410001750079802909097   0.168942198071870460221312987900
 279  -0.286341298664556289059635497102   0.902854107035478829827043105002
 280  -0.399360880883900419037437325870   0.482731372016502159722033323680
 281  -0.943435382854843912394942758774  -0.084062811571292200500912300729
 282   0.285633325968175843158866056689   0.224673635537892792304303259916
 283  -0.444102595696982684530727063457   0.104427763952218118366880471959
 284   0.156476587688000000000000000000  -0.934158326388000000000000000000
 285  -0.190864903265283696840410720114   0.517087335326694923704154120239
 286   0.255880188970062795356254274044   0.405236448742486621986349486637
 287   0.084631637257043729807178428404   0.469750882862138963840782002578
 288   0.181385337158867482060352753811   0.207495653882796410313242861636
 289   0.069643059442074512116500473462  -0.089115538406738907196417075864
 290   0.523882440584905613158504445091   0.078466785643491726604377829754
 291  -0.302607180982076666784263000463   0.220476143037159606194494182739
 292  -0.183594632989624475573815869881  -0.501775109781215712533690724145
 293  -0.593092299319373311122530103922  -0.291053825767162304979332778042
 294  -0.263398965576148777081484491279  -0.703596075456266345432792784119
 295   0.612997681910498993122304276169  -0.463339683177463995943003648640
 296   0.583388714581131708763728010382  -0.282658840765695932759714623688
 297   0.345139599964401938764089621980  -0.136451990871294867059789193526
 298   0.427128740683081860905330119683   0.340722014622834280131916970696
 299   0.672527644573065681154926193716   0.475922186359457203669332206321
 300   0.226127051971949747553642491398   0.585799261947080451668395713358
 301  -0.622845436317486358925141886568  -0.110491012562568475297286551321
 302   0.263374477877547404201593251514   0.684669659376925557504949025858
 303   0.301635073096738592433321386613   0.783152414608497513730546243840
