   1   0.177230921208491689163768175261  -0.289739397629563884911232211948
   2  -0.008912891552391264819524799254  -0.773680022446344936508627746663
   3  -0.896709001928000000000000000000   0.308014293983000000000000000000
   4  -0.520213401738581602763782790673   0.412588251546848334700700873519
   5  -0.046366691146695610620387765100   0.129589193747079628803044022967
   6   0.037566802377297534925247351639  -0.402680530952954479701491143841
   7  -0.260488335082242946452225778528  -0.176928189503023386626173122813
   8  -0.736633202116672679608315798312  -0.160436212758708045549981067581
   9   0.493787921423056588437468417408   0.032930993980573514988764758782
  10  -0.728790718546726619813197226300   0.606507585224131928207180939549
  11  -0.698207591372977582068219732316  -0.064116981376482888341114033678
  12  -0.390901522535924891742633046160  -0.015657956296379734928774558827
  13  -0.102322353496024374317477842926   0.484435676880435701139400800838
  14   0.316895040039685843402288998883  -0.176798264306173290120973280054
  15   0.859424334570730978770383405421   0.016793430894016866171023314917
  16   0.065319596509834161769588019609   0.419953568637148259761481343796
  17   0.011985056238026118022097808780  -0.948073689541711257158688085679
  18  -0.400152453913437100690746602150  -0.289869322826413981416432054706
  19  -0.223259572530066355655567183625  -0.080140064539667176306694015870
  20   0.616892710722806848199981384663  -0.242890704149058686492061380299
  21  -0.027864828391671192724160653120   0.678011926807148121778359014725
  22  -0.168677257280829967801054180348   0.841718620661021136849298754750
  23   0.204983715341028316008108843231   0.532894701960538854551740275689
  24  -0.037115759769183401672274209110   0.403800560277113875290701518846
  25   0.550253467397824412727934065730  -0.161060259737922818854750881448
  26   0.112024327481650716518564541445  -0.209104281026242059062532929955
  27   0.907916097891486132773382691907  -0.273268588688416802756379280653
  28  -0.344196791564108336993656524324  -0.644715805959770053752788832578
  29   0.046817733754809743873360907629  -0.128469164422920233213833647962
  30  -0.847793228593159649844212387827  -0.424539755412668387097069346103
  31   0.793063734007000000000000000000   0.519650572459000000000000000000
  32   0.768250266452571004309572761863  -0.382297549144859397935163974548
  33  -0.372174622738772718842201563237  -0.467292564393092017584610443642
  34   0.400603496521551233943719744679   0.290989352150573377005642429711
  35  -0.176779878600377555910795032732   0.290859426953723280500442586952
  36   0.232961546515692697856653882144   0.355471460393860818383561886753
  37   0.509521489066797682348450854398  -0.688988084554519351640011223596
  38   0.947382149305932751713214299716  -0.038136931585185157943349688393
  39   0.177005884166363934159563804318   0.710317943527216890719918664625
  40  -0.204757709775041937759340071645   0.468282668520401316668620975888
  41   0.437832259073727824740378339582   0.387777477113929587325121536654
  42   0.000338039825120944128588756736  -0.499468655916310690020970250784
  43  -0.195281741355401973807022144712  -0.257563306106345212474872404805
  44  -0.644232960105964041151686266281  -0.695666051699642084936526416651
  45   0.503040210168871182301148093631   0.307133750319151192357047756246
  46  -0.744654366475521819029138296877  -0.435323864841244103516101106431
  47   0.475286058668032170541241305428  -0.515491739079494977986550232976
  48   0.335396902794710261298516110863   0.371624468753895202854341711704
  49  -0.233603110140076060899787379884   0.644996552096851092248920059259
  50   0.577721414947049733983103534147  -0.499338730719460593515770408025
  51   0.211618569584000000000000000000   0.820196829883000000000000000000
  52   0.158504021411339516263336692338   0.161895210467148397744603672867
  53  -0.633000997646136609423016098501  -0.144752097979804714189813315670
  54   0.849593042539573490022824838588  -0.086440611902372266304501784283
  55   0.214459683760668279960426770164  -0.192951272666207674591753105005
  56   0.074795564929474125721905946542  -0.305892405989598269382012036898
  57  -0.437381216465613691487405197053  -0.386657447789770191735911161649
  58  -0.065093590943847783520819248023   0.581223801843791911458879907782
  59   0.662627433845423354879308629592  -0.042369120881397192901054383444
  60   0.767123094721538887029881113503  -0.557233810818323035570045425813
  61   0.549743583772385352134558495234  -0.321915489152782557347592019090
  62   0.541986331955655205001043765803   0.703789748271514110908409104521
  63   0.663423147161948721981670289210  -0.557726529020598380777964281632
  64  -0.516321610005950791300294043770   0.249193118998180047358127646240
  65  -0.530565641367119045981153869782  -0.128599089619770329719033490720
  66   0.605621143765771764256122079317   0.322334867300375865141521428019
  67  -0.093071422118512165369364286936   0.758647043410469947627058296717
  68   0.159319386347970878686441082591  -0.842498612670629942695697944699
  69  -0.558543472541783427829698908694   0.048824151946907706449144898216
  70   0.746364069037170521652922819285   0.425347139725593773947977847533
  71   0.652796141814265866131750062760  -0.145603163677786325376579482644
  72  -0.288466166256907328300770817441   0.000495052063654649542005266123
  73  -0.825481601559000000000000000000  -0.066660523338000000000000000000
  74   0.372850702389014607099379076709  -0.531644747439529362457330057926
  75  -0.316238468223032295793271908333  -0.822131541740474449604077333615
  76  -0.325694928809083919097429412344  -0.096293072899701560777473840820
  77   0.344872871214350225250834037796  -0.354221505872851326289151668990
  78  -0.763414185099818554713423366132   0.016518135226838937507585248315
  79   0.093522464726626298622337429465  -0.757527014086310552037847921713
  80   0.410079464941191197896037671612  -0.434856622476173152137850950983
  81   0.326145971417198052350402554873   0.097413102223860956366684215825
  82  -0.092846385076384410365159915993  -0.241410297746310828004092579855
  83  -0.461128240733845932095586857179   0.712674356255702463628988031370
  84   0.872591525476000000000000000000  -0.370905274913000000000000000000
  85   0.288917208865021461553743959970   0.000624977260504746047205108882
  86  -0.417216081166334179938767838297   0.429198956552655522411053499409
  87   0.945159702446000000000000000000   0.075234990582000000000000000000
  88   0.227792124018776546075556599886  -0.920379329738166205481697022764
  89  -0.362923691361260509894088007247  -0.193081197863057771096952947763
  90   0.391352565144039024995606188689   0.016777985620539130517984933832
  91   0.755231498093283429573612291479  -0.129450155317751940905799657694
  92   0.700651909714125312778328884114  -0.460938404057242170458485174689
  93   0.270190309067869288653312477047   0.452259585357217028703040993696
  94   0.130751227278802889418996024368  -0.660738889122954341718368814769
  95  -0.066402705568061258431479945242   0.858860323232259582307638251370
  96   0.428581327696215615792264783592   0.113566110583895340837464040775
  97  -0.074119485279232237464728433070  -0.693044905843023110659928464670
  98  -0.854734208491339448849372873546  -0.321071186788464120382069428935
  99  -0.334945860186596128045542968334  -0.370504439429735807265131336699
 100   0.009588971202633153076702312726  -0.225257289386276443533312754905
 101   0.205208752383156071012313214174  -0.467162639196241921079410600883
 102  -0.582090168026021623328650401243   0.329370538955729069967254127294
 103   0.597313521981158492272151227466   0.038961908021822523940253324695
 104  -0.454778455335656298413010584149   0.609167824478787334538245577017
 105  -0.474609979017790282284063791956  -0.483445572753126402055390268592
 106   0.931279496712119337174078911625   0.178061397775833093718963351926
 107   0.419330396318703406844151227602  -0.160645255946138905650193455104
 108  -0.306968029011931746196997929421  -0.547927680996413843433309725635
 109  -0.723656383205000000000000000000   0.216977385690000000000000000000
 110  -0.540877942667276266237512870185  -0.704131408475180232049223000005
 111   0.577497735273224363894465283437   0.500710000245863612996005970132
 112   0.111799290439522961514360170502   0.790953060130538716568617946618
 113  -0.942819023700604900610407584834   0.100397464721475734367876752110
 114   0.084046496306986334670019502532  -0.031681039459564022894354541019
 115  -0.839893607349750396338355667877  -0.169986637157088453085167585602
 116  -0.027639791349543437719956282177  -0.322045414349632653852791861848
 117   0.335621939836838016302720481806  -0.628432872402885572776809164869
 118   0.614950177499226324779762129050  -0.402550605756104383196291301082
 119  -0.070416649045419707571274128549  -0.885114330734074564493344542822
 120  -0.415460650542092468763773960914  -0.852279185610796827931572154559
 121  -0.506051822716695180251847645004  -0.801809774883901163998212546838
 122   0.372625665346886852095174705766   0.468412593717251413173820818647
 123   0.419300044380734209313363915292  -0.811102020893336865138044924509
 124  -0.707526713682000000000000000000  -0.338382229272000000000000000000
 125   0.260939377690357079705198921057   0.178048218827182782215383497817
 126   0.475061021625904415537036934485   0.484565602077285797644600643597
 127  -0.139326079006073210109932066886  -0.612409789239701284811229182677
 128   0.121275258859162925466678097435   0.065107085503792187425124565924
 129  -0.158052978803225383010363549809  -0.160775181142989002155393297862
 130   0.316573510186544059879704419645   0.823296136828764022376995806693
 131  -0.511838741569966873080722386859  -0.580233697716482612374869375535
 132   0.727247990754137587034780085049   0.608356574977481081448272511697
 133  -0.018388859972031228771842726187  -0.047834047819598407365134365969
 134  -0.614274097848984436522584615578  -0.596386706076516996845649200485
 135  -0.755334723282029872240402373405   0.425793627288956211266228818140
 136   0.849938753030818116278726726820   0.420227888735004971602301786917
 137  -0.130300184670688756166022881839   0.661858918447113737307579189774
 138  -0.278990197837267364348452890508  -0.725350922563091879601488114571
 139   0.139777121614187343362905209415   0.613529818563860680400439557682
 140  -0.111573284873536583265591398916   0.210224310350401454651743304960
 141  -0.307193066054059501201202300364   0.452129660160366932197841150938
 142   0.354123802591862434198947593786  -0.080010139342817079801494173111
 143   0.484536990045544379489354861418  -0.241280372549460731498892737097
 144  -0.279771023566753159927192555259   0.552139427087967406051082852630
 145   0.195957821005643862064199658184  -0.741374005726276167567068096762
 146   0.689216717858686771978162076346   0.511880960560985387105256911396
 147   0.270415346109997043657516847990  -0.547797755799563746928109882876
 148   0.512546748330000000000000000000   0.581561699083000000000000000000
 149   0.008539632684000000000000000000   0.781024854078000000000000000000
 150   0.160643261957016201585325082091   0.934441600509133594262314283074
 151   0.819681217678455993238964344945   0.219973228667697538795225497675
 152  -0.688566878816545070869242933821   0.505140819050992971165901673620
 153  -0.120824216251048792213704954906  -0.063987056179632791835914190919
 154   0.560084759428981901475492632563  -0.057826216941533686379225782248
 155  -0.167528947222865346962681476742   0.565070793483757526988100082831
 156   0.416253992907793767109448461051   0.851891997710144079848719357153
 157   0.439247059236448391201807014292  -0.612729141425808753344926390134
 158  -0.772667960259464260603656952941  -0.257675186944366336686983072205
 159  -0.917631176270085926118550097232  -0.238621848772152969984872187193
 160   0.531843141795963465359804093418   0.129397164721710001000651437751
 161   0.056068665132321952821474463619   0.145742202107114013273823847917
 162   0.804914610916367634596600197957  -0.285294210335678870519040504924
 163   0.093297427684498543618133058522   0.242530327070470223593302954860
 164  -0.577045335296807845725926020675  -0.499598581113160786526170093542
 165   0.028315870999785325977133795649  -0.676891897482988726189148639720
 166   0.645287269983241661287337453210   0.694688204572264732812451395595
 167  -0.349276842317733642942979764763   0.881472092465107359761262824501
 168   0.906263581398610597541009565720   0.278699988167968269990235110021
 169  -0.186030809977889764858908588722   0.016648060423689034012785091073
 170  -0.064868553901720028516614877080  -0.418833539312988864172270968791
 171  -0.493336878814942455184495274879  -0.031810964656414119399554383777
 172  -0.465359047640278073335950235966  -0.209234206223092155567732772713
 173  -0.502587810192454664132608830869  -0.306022331186448365887211879656
 174   0.186481852586003898111881731251  -0.015528031099529638423574716069
 175   0.680755767566966820502236941474  -0.659968898735820425419931094155
 176  -0.418879353710589273591178085073   0.161765285270298301239403830109
 177   0.642849906317948355052780674220   0.419122992263732075461000534962
 178   0.635357304515185631959946238483   0.135621312183571699487628750322
 179  -0.269739266459755155400339334518  -0.451139556033057633113830618692
 180  -0.269071136293030838397167400973   0.815738032677448147228782781933
 181  -0.036890722727055646668069838167  -0.596256780879666900340449357727
 182  -0.074344522321359992468932804013   0.307012435313757664971222411903
 183   0.447083190451240033688491895572   0.661988843643963833812779032533
 184   0.765062790124440918321170858311  -0.026216112521362808430274558494
 185  -0.947550260675786705563861543991  -0.033702609209235008021555546347
 186   0.812709990478641525482068131917   0.323439763771648761282822679974
 187  -0.857040360347281212213513254127   0.405548003459595544287896134054
 188  -0.651153659677000000000000000000   0.689188022062000000000000000000
 189  -0.595772235093960018626357503598  -0.047963973016448503870334208727
 190  -0.279215234879395119352657261451   0.274706418593688896029662762002
 191   0.069214000226709427848638246929   0.885506827652404557533926024951
 192  -0.456108116262765864387836679976   0.064977160306942090919924723166
 193  -0.788654317262965617615107390087   0.327591149967688016472850990055
 194   0.466636548069122492714600459601   0.210032281325031826849350719744
 195  -0.352467812271884528221231171251   0.626092782705208250711466468361
 196  -0.647296761752862595973854035059   0.410005655559050895815953409286
 197   0.261002434628808426882804140293  -0.822139840914812652974660552273
 198  -0.386505604869910233739638359666   0.784683967501751149441783717558
 199   0.251688446312844870757085365067  -0.096163147702851464272273998061
 200  -0.241761435285090773551794295605  -0.628562797599735669282009007627
 201   0.400842437430460580927542667359  -0.709056743487874272497493237471
 202  -0.013501536097101290452663407818   0.948053305936580984192947770153
 203   0.344647834172222470246629666853   0.645835835283929449341999207583
 204  -0.721943959920000000000000000000  -0.614640878265000000000000000000
 205  -0.232510503907578564603680739615  -0.354351431069701422794351511749
 206   0.223710615138180488908540326154   0.081260093863826571895904390874
 207   0.846000860561097865232748657892  -0.190079495164023241223993855598
 208  -0.620674471789643332660520498151   0.233114768229163427491562259000
 209   0.385728491951000000000000000000   0.745626224897000000000000000000
 210  -0.790667484834166640378064836869   0.523289872633012663473734193324
 211  -0.306299898845207429193825995876   0.718949907714091936909303674990
 212   0.167979989830979480215654619271  -0.563950764159598131398889707826
 213   0.307419071620045879449971071950   0.549047710320573239022520100639
 214   0.521231514392349082983181915756  -0.792025928097382516945493427727
 215  -0.826438812095016086459685677450   0.231018618441506333345519721057
 216  -0.521314709989606837033040313792   0.145612276910263916768624005159
 217  -0.240496551622000000000000000000   0.917141280398000000000000000000
 218   0.056293702174449707825678834562  -0.854315139049666762357327028655
 219  -0.214008641152554146707453627635   0.194071301990367070180963480009
 220  -0.344421828606236091997860895267   0.355341535197010721878362043995
 221  -0.132385131315255138021627565204   0.938861831890563332299974618167
 222   0.709135306484993930856264224382   0.328559014762237563628498740590
 223   0.682572234200000000000000000000  -0.323873303413000000000000000000
 224  -0.446632147843125900435518753043  -0.660868814319804438223568657528
 225  -0.381650591158412682794519490170   0.258553410233654511558882937052
 226  -0.102097316453896619313273471983  -0.515621664276345074491750075734
 227  -0.176554841558249800906590661789  -0.709197914203057495130708289620
 228  -0.571935638875809570732649351170   0.756225487112131981718019450877
 229  -0.055617622524207819568501321090  -0.144622172782954617684613472912
 230   0.298168140242533670501857515960   0.274836343790538992534862604761
 231   0.242437514935332661808971809077  -0.370374514232885710759931493940
 232  -0.139551116048200965114136437829   0.387647551917079490819921693895
 233   0.195732783963516107059995287241   0.258683335430504608064082779810
 234  -0.682839572039888482327643706509  -0.518587620965796865313307077795
 235  -0.211874329339000000000000000000  -0.818005191845000000000000000000
 236  -0.866160311432941653756703445797   0.030559339542228403023292646327
 237   0.624682021376014685546721550534   0.593054816234952203497660091596
 238   0.000113002782993189124384385793   0.500588685240470085610180625789
 239  -0.009137928594519019823729170197   0.226377318710435839122523129910
 240   0.242212477893204906804767438134   0.629682826923895064871219382632
 241  -0.083595453698872201417046360003   0.032801068783723418483564916024
 242   0.577438483860253579324490780006   0.222536773251749358282601447966
 243   0.122856338399000000000000000000  -0.939913797333000000000000000000
 244   0.571570257867000000000000000000  -0.605877013481000000000000000000
 245   0.065544633551961916773792390552  -0.580103772519632515869669532777
 246   0.279666277487509252605630403980  -0.273586389269529500440452386997
 247  -0.828931548880765062960044850894   0.127347464505584613342771753270
 248  -0.111348247831408828261387027973  -0.789833030806379320979407571613
 249   0.447308227493367788692696266515  -0.338068497512816941818371844040
 250   0.037341765335169779921042980696   0.597376810203826295929659732732
 251   0.506798135803946728102673277627   0.801338263107351014144150615973
 252  -0.726185422547641963916764771229   0.113306260190195147827064355258
 253  -0.547592634011180869740195592828   0.655422014903833189038245387930
 254  -0.642251929023648818371129654491  -0.418963464509838960677470811549
 255   0.823389477075206284897006256067  -0.470124591375605551581218062426
 256   0.540268972721047773097806688533   0.403921875282507402676526863189
 257  -0.204532672732914182755135700702  -0.531774672636379458962529900684
 258   0.233186583557820452860858253087  -0.644585880762919957247588989819
 259   0.382101633766526816047492632699  -0.257433380909495115969672562047
 260   0.745451538461890059640653911083   0.147558612611998374700374733713
 261   0.456559158870879997640809822505  -0.063857130982782695330714348161
 262   0.074570527887346370717701575599   0.694164935167182506249138839675
 263  -0.485928596813025204505195955854   0.814162613470789471018275783486
 264   0.149253090033827307315223136348  -0.112316156062885848743053823012
 265   0.512514821220208761337899900331  -0.418703614116138767667071126033
 266   0.140002158656315098367109580358  -0.386527522592920095230711318891
 267   0.363374733969374643147061149776   0.194201227187217166686163322768
 268  -0.685881065516484305305724131967   0.313749884832485253340261540993
 269  -0.482984639186405011967124195771   0.509376376510204545020179980462
 270   0.307644108662173634454175442893  -0.451009630836207536608630775933
 271  -0.148802047425713174062249993819   0.113436185387045244332264198017
 272   0.028090833957657570972929424706   0.323165443673792049442002236853
 273   0.102773396104138507570450985455  -0.483315647556276305550190425834
 274  -0.393631976075000000000000000000  -0.750021214909000000000000000000
 275   0.279441240445381497601426033037   0.726470951887251275190698489575
 276   0.018839902580145362024815868716   0.048954077143757802954344740974
 277  -0.262797451353903471724685397709  -0.911002119611230371306692064252
 278  -0.539816572744631254929267425772  -0.402810456149804576206690986599
 279  -0.585419995465422575408986424490   0.493223368150170160549400155512
 280  -0.428130285088101482539291641063  -0.112446081259735945248253665770
 281   0.937550857274775262965655732884  -0.141370974381574290418874787593
 282  -0.251237403704730737504112222538   0.097283177027010859861484373066
 283   0.102548359062010752566246614512   0.516741693600504470080960450739
 284  -0.670229760198313200219674693404  -0.241540222943160924509292422614
 285   0.167754952788851725211450248328   0.436106576997182644232261168746
 286  -0.353672759983748300945974451257   0.081130168666976475390704548116
 287   0.604609891788859269727568041951  -0.730365826915064279940900434864
 288   0.719328067001824411641843613382  -0.226737695789024302021281555349
 289   0.409854427899063442891833300669   0.565200718680607623493299925590
 290  -0.926215647429400069388695636223   0.202760787212910116445361256826
 291  -0.938202228662684802867182855008  -0.136981533451166506095338836828
 292  -0.241986472327218528555998666548   0.371494543557045106349141868945
 293  -0.316443997431571710149315856354   0.177918293630332685710183655059
 294  -0.623750066268624400474902542510   0.129459268550229532297844180209
 295  -0.297717097634419537248884373431  -0.273716314466379596945652229756
 296  -0.626690112529105050304375323251   0.588358531642112235899348419846
 297  -0.409403385290949309638860158140  -0.564080689356448227904089550585
 298   0.298423693314000000000000000000  -0.725371283372000000000000000000
 299   0.699856196397599945675967224495   0.054419004081959017418424723499
 300   0.845645017933502102848470696116   0.119575006714295041054778652778
 301  -0.167303910180737591958477105799  -0.434986547673023248643050793741
 302  -0.130075147628561001161818510896  -0.338198422709667038323571686798
 303   0.261731360980127918330242111552   0.911308980013777611910850265446
 304  -0.380285175080000000000000000000   0.526101287554000000000000000000
 305  -0.660978828820800991271561137413   0.032671143586873321978365073265
 306   0.344796082837096740576512370201  -0.883234410354610036261251167560
 307  -0.605023166471472227574471059588  -0.322175339546482750357991704606
 308   0.130526190236675134414791653425   0.339318452033826433912782061803
 309  -0.196374347587899470103128784981   0.741784677060207302568399166203
 310   0.680952646579475745924632925071   0.228760920713611056769578760537
 311  -0.785855497276079982587388142973  -0.530488925214491916088916575039
 312  -0.567794403919295636777812464685  -0.225387214583126540038512597663
 313  -0.454444843718510770735426433200   0.332410831589299312091574392465
 314  -0.161736487656628307203500150723  -0.934253001565828028770511092314
