   1  -0.118842280041158143158500196361   0.846950910454651840047241812274
   2  -0.709285774439669928207536884899   0.225464970844911683457684151780
   3  -0.099642555387302281145599092050   0.633266161613937349253723269411
   4  -0.615736001493164740837693687206   0.415409687694546711808876560430
   5  -0.603217303435674893458148223700  -0.593827994521109574474135682078
   6  -0.946836635861196722567110888911   0.020884399730146531545808102345
   7   0.627227785189580402978022784855  -0.599632021283223557632001188637
   8  -0.094822176960134584316620069319  -0.942308085456968742230446469674
   9  -0.638338597279749073101175982706  -0.045496225894663054522277311028
  10   0.570431390381736019469936959165   0.126233464471982384660868219208
  11   0.125285121435794414884203266201  -0.362584206186982990763939952581
  12   0.786062678291000000000000000000  -0.505470045439000000000000000000
  13   0.194662603695631340832607160548   0.193294065827044289742810123201
  14   0.663981163328241206839780156857   0.316178181321617413012060627857
  15  -0.824969121383000000000000000000   0.465146816519000000000000000000
  16  -0.731727850758501190266603946647  -0.237550308505277764394730394641
  17   0.222554142533164966948557313737  -0.920546265432848668936396692645
  18   0.312384667328804789623889661586   0.017305227512287065938444864717
  19   0.137371266779128545594922917874  -0.545550983769179116841718786148
  20  -0.239412614734644003187793645811  -0.916306375109852602586802632106
  21  -0.749300388481043634551428708554  -0.056280223302111080962003617227
  22  -0.376402823828140642803131727628   0.710290591054089526129956966843
  23   0.147887717222378747147685561701   0.098321707402226775567213918877
  24  -0.040781523570715556749957841531   0.545271742456558737351540640169
  25  -0.672771807544988553452175578489  -0.326587221027137039543320769196
  26   0.184146153252381139279844516720  -0.450578625344361602666122581823
  27  -0.583932574521747939802762944944   0.722088484423175808049359832414
  28  -0.264139505493728323621803191935   0.714282641503877058882492323569
  29   0.454296377968792187563946024189  -0.524885080380042392124574360263
  30   0.030165653589205298356403060662   0.274310545716983999371579177360
  31  -0.217862245782071371100025700569   0.809498470560486795443827665134
  32   0.172060007909047008569124865047  -0.267611847762165476588343748256
  33  -0.840683535116001126698970170700  -0.436104307414981037206361664934
  34   0.722859551464973618962755965594   0.227915847751058819006781699252
  35   0.680125121450595941984954022046  -0.507928637017174110378627897643
  36  -0.073900569800550090566202780858  -0.559506862304056921388545936314
  37  -0.274655955936978525174565835762   0.070409950332471166473559618545
  38   0.547846150915297374933789221882  -0.334940363530407363773381951613
  39   0.676084664991721025277834366748   0.132943489326241304831185494927
  40   0.441455767511000000000000000000   0.680165209342000000000000000000
  41   0.076940540062457892041324659508   0.369282904141801513547175381685
  42   0.862296488841761433864804405015   0.208588468085063769381226333508
  43   0.078510234962541821199281667354  -0.457556564611800504939536156906
  44  -0.193192328333807468515442289743   0.443321444764302320902530860761
  45  -0.778470534626661051810638033210  -0.332538520269469549117029289284
  46   0.364447202708237134283704691105  -0.874136150493261601964956583841
  47  -0.075388145196000000000000000000   0.944019076846000000000000000000
  48   0.720378842855943610132872866795  -0.410013996730961907614553968287
  49  -0.662208759661955723908342018287   0.560507046249726685228224818937
  50   0.476881617435230832100093761472  -0.063711252377652643690324189442
  51   0.010939771032719870732013814044  -0.947003745806102209005238876867
  52   0.270162997017665388176594276566  -0.825989214696103823829243188760
  53   0.501071264442044781248867623035  -0.429912721955224877948978155938
  54  -0.158503587203889005541240342570   0.721260580771315961155905898652
  55   0.734945696808307749673475617267   0.044949070168862692929002865685
  56  -0.309344697066896988148767782936  -0.207529185674542473779815419346
  57  -0.708983646135208317593263617134   0.465534687824909171052628614612
  58  -0.439152906043404567650769935648   0.151426430222410876102328672704
  59   0.044352656529000000000000000000  -0.743181698145000000000000000000
  60  -0.230348285848971178946941243453  -0.664027384477232223190935305798
  61   0.560065049494630913550848883178   0.763716513829322410759683037777
  62   0.276126231298802397491730706567   0.566205560258875444171781365417
  63   0.241437490168883934517528759394   0.288266424251861803918406327526
  64   0.610793274921000000000000000000   0.407717358525000000000000000000
  65   0.322901117772054991176652305413   0.661177918683692958347377569742
  66   0.617206276854988613154858558011   0.221205822896799898836464423532
  67   0.487398067878481033652856405298   0.580161438793753248718608515582
  68   0.459731193608134029228334420675  -0.827999397816615183742391933925
  69  -0.098072860487218351987642084204  -0.193573307139664669232988269180
  70  -0.061814424457215959855483129185  -0.742473639886253047466324769880
  71  -0.498013937859991292046411186167   0.239420849379789488004511301946
  72   0.361158654051376671552397003323   0.759889619039800998397523390453
  73   0.582534892045215837907991169055  -0.057001227523393723520006913722
  74   0.348660459678952869483383174823  -0.531863019647481294397987935345
  75   0.789302534573936697259184405402   0.310335316718892637453964640394
  76   0.371245699145391514019530912106  -0.070689191645091545963737764525
  77   0.255468638760751821766598690894   0.753785559962010206483582447537
  78  -0.451239051386738698361489587321   0.334393207804607002180107506271
  79  -0.556874969676578016442052436687   0.327415268537168099906693931188
  80   0.558345245038401888759217307492   0.309200242054178510738647052774
  81  -0.085986715143884221276922432531  -0.376540084721860795310767102747
  82  -0.544788824333243885731332785014   0.144448490954971973828915097621
  83   0.923622230856600697940165882700  -0.209422414818741858481411367647
  84  -0.555305274776494087284095428841  -0.499424200216433918580017607403
  85  -0.333516987753565249570207086282   0.158404369489849778375742247787
  86  -0.013367578927531712158747447990   0.856046310080223332234545869805
  87   0.324470812672138920334609313260  -0.165661550069909060139333968849
  88  -0.938590173906855547182627786856   0.126428867773683887972264333569
  89  -0.344033438196815451122969730109  -0.485468321681556114033190457237
  90  -0.179536488090389408646765630224  -0.566484801571495823661959511396
  91   0.416568425804751820247863586692  -0.623800400198893286282978203240
  92   0.019649203145955096803640416835  -0.369562145454421893037353527664
  93   0.182576458352297210121887508874   0.376260843409240415820588956768
  94  -0.846249396745656125507929463023   0.074652234601727003776631181315
  95  -0.132761601617136814961844031377  -0.471512443146678309486363307072
  96  -0.404464164913486104676567988474   0.429365566229424516355703710595
  97  -0.735049988734075240298726410934  -0.429090553203776655486952374709
  98   0.005993362902537036934963757316   0.640244100881376251527136844494
  99   0.663675923550172124696281437019   0.675625666816220851426326446322
 100   0.629309778518468431592912767901   0.037971130901423790655589290603
 101  -0.532702678989909755020613133341  -0.038518286627224152248863735945
 102   0.090243163231017740815985098915   0.834310326580223665414078177616
 103  -0.811589139939000000000000000000  -0.141882823227000000000000000000
 104  -0.510100083203325422757130837840   0.422387626961985614082290135512
 105   0.405934440275309976993732859279   0.207249944361922094289637273367
 106   0.300298521985470658913170009913   0.200272005094483192016223698284
 107   0.802937549169000000000000000000   0.501934410169000000000000000000
 108   0.641395923861802562303632419574  -0.144995646680772335422189542964
 109  -0.186267336280403381662192288673   0.928568927218674545985854789295
 110   0.523656503908483425785015360318   0.031261106047164870485272014883
 111   0.418020585618644107704452510952   0.024283166779725968211858439800
 112  -0.676032247181127889453932171235  -0.516979944209444605448110340943
 113   0.147584566837625746643895463871   0.935496963539907681895599684987
 114   0.135801571879044616436965910028   0.281288484984422901644992752443
 115  -0.335984204138810497027504092819  -0.671005323744671125464348880881
 116   0.066424089619207690488562015681  -0.274589787029604378861757323339
 117  -0.685113483753001666786097581553  -0.140468584319480568697873515353
 118   0.159973862565712877858405213374  -0.084645070179969350510564914690
 119   0.031735348489289227514360068508  -0.552528923036618019115132361231
 120  -0.510097910234855185336972022852   0.797957326637878929098336440914
 121   0.334987263115389121887371957087   0.478211141101496832269598736176
 122   0.243007185068967863675485767240  -0.538573044501740214568305211065
 123  -0.323460202443320380375821653620   0.801967838560006974252729758362
 124  -0.848370750005136193567276463589   0.181819249792582668344511189637
 125  -0.673570388231613611705274147597   0.665761748119062709596848464391
 126  -0.461755501829988899914252231148  -0.309479483366798890228825198754
 127   0.383331844488725644730250563779  -0.253655969227287672041516598091
 128   0.937524738130725863627058046026   0.134101225027778466926127509461
 129   0.594621037388549968618710820728  -0.239968005105589849597785747289
 130   0.734934968911769583879791936131   0.597332708489743812105920817816
 131  -0.626252451936414942390456331033  -0.228463003476859180600056144595
 132   0.265609780855552195938968062740  -0.077667130912530448237151339607
 133  -0.120675456273802684251124379705  -0.654479220728874435564142140638
 134   0.380012998778511640687858258326   0.867482503524076786483689146875
 135  -0.414980615356736306229330632302  -0.214507124941981376053228994429
 136  -0.416550310256820235387287640148   0.612332343811620642433482544162
 137   0.113198976092460284173483614528  -0.179617428604786864686161119015
 138   0.206748749038965471543326812221   0.010327288244848163665031289635
 139   0.336556958015473051045328964933  -0.348628327652105186217112802416
 140  -0.203708778777057670068204933570  -0.200551246407103571506401844263
 141   0.090596380305875951910001319027  -0.640523342193996631017314990472
 142  -0.473841647173323030624971882821  -0.126512705784602764151046365187
 143  -0.252053360150394192911083540262   0.531315863921680932804713490003
 144  -0.392378019570151973965848336801   0.246398788647228390277924877029
 145   0.747031842151641880384195268940  -0.138017707413333433148775967881
 146   0.393848294931975846283013207606   0.390216721944118220367416106933
 147  -0.286742101280312655885285487436   0.253376727914667292551338452112
 148  -0.262569810593644394463846184089  -0.112556827249724959604219215021
 149  -0.250483665250310263753126532416  -0.295523604831921085681998048588
 150  -0.449669356486654769203532579475  -0.492446260948995016306604032320
 151   0.280820418896999227323580543338   0.904475353722560459724425381699
 152   0.149894293943951378108950985371   0.745930842534820605750899498548
 153   0.218834894382299602254046463894  -0.172639489337347962412747543932
 154   0.852655999343028391154122036660  -0.130863947075794303311511641803
 155  -0.702525502007791040866507109708   0.038692135122706433213592587098
 156   0.347073408458723252598091608760   0.295244363519300706191819902609
 157  -0.527769424277742279548806790914  -0.786381083164248961910935830030
 158  -0.285172406380228726727328479590  -0.573462740838934725935373086480
 159   0.018079508245871167645683408989   0.457277323299180125449358010927
 160   0.288212376642136528202450358240   0.383238782676679318094002531851
 161  -0.356119583540149581833689381782  -0.302501544099359987955411623671
 162  -0.340184341410935004484249320615  -0.883861067713611535245693262981
 163  -0.650424742623083203811895634380   0.137470551687533071555501522538
 164  -0.004523087540713164617798886511  -0.003628590290029640881795860531
 165   0.806039258932229562793196005719  -0.225914030625625390281203487746
 166  -0.110159005830552482698361735877  -0.010606529557468543155209435614
 167  -0.191622633433723539357485281897  -0.383518023989299697584180677830
 168   0.797140807432140706922516397413  -0.040721269411687911652562102147
 169  -0.047879328389198542832751946783  -0.847418634845197136443131358343
 170  -0.238397519906976133042406880743  -0.478490382414117211759776882155
 171  -0.591563710806496479416254383860   0.049476132530154459653318893296
 172  -0.063384119357299889013440137031   0.084365828867348971020386768711
 173  -0.380291874226817843255128685128   0.063432011065032264200146043462
 174   0.195879081520857058896547948281   0.841288265847662567687491752699
 175  -0.087556410043968150434879440377   0.450299384031741223175944435844
 176   0.459914814131974927843301868184   0.798032242382892203894871060881
 177   0.162121466281500277190970755356  -0.833623710762503427482945868526
 178   0.277695926198886326649687714413  -0.260633908494726574314930173174
 179   0.042251798932539429067122712335   0.091343768134787873293800343794
 180  -0.181106182990473337804722638070   0.260354667182106194824752027195
 181   0.117370028954000000000000000000  -0.939765025787000000000000000000
 182   0.111629281192376355015526606682   0.647222040148815153800550419576
 183  -0.402894470013402175518610980628  -0.397473902524177502131007827996
 184  -0.205278473677141599226161941416   0.626288222346498446980309694328
 185   0.618173297452840869459146145246   0.569858634564972790646061359902
 186  -0.786626822567000000000000000000  -0.527402973549000000000000000000
 187  -0.227881069463725931489644236916   0.165382308757288680649155822870
 188   0.089026685405792022752044311182   0.186316126559605387469396548118
 189   0.064854394719123761330605007835   0.552249681723997639624954215251
 190   0.843915693905393300607437996260   0.054251089013129602523034102177
 191  -0.215794924120391800778924585243  -0.017584468824907445428623010697
 192  -0.169020037647139207094002986397   0.077387889599910068746973193628
 193   0.559932296258631505644508873555  -0.517907141112603489851160785180
 194  -0.144847746960470945672563683050  -0.288545665564482183408584473505
 195  -0.670043308739000000000000000000   0.324182833216000000000000000000
 196   0.253523635512218065228248411067   0.105299646669665677840627493959
 197   0.355992797428000000000000000000  -0.763759185389000000000000000000
 198   0.149457412122462676305642569547  -0.728517761351375242919497619714
 199  -0.028695378227381426039238189857   0.362304964874362611273761806602
 200   0.611442413856000000000000000000  -0.425131500231000000000000000000
 201   0.535760005571963244223069570209  -0.151973585948211237695603118047
 202   0.895162834462457244989428575540   0.309223661704883689722548145172
 203  -0.884104081008586938210881792977  -0.339552274480673930836438579509
 204  -0.436705303025077563170853267941  -0.840371496108008273843156387015
 205  -0.368205728883483712544409033455  -0.119534766517163861877632790104
 206  -0.357689278440233510991646389628   0.524337924654242030531299914920
 207  -0.253456964181511938190533783862  -0.811375945214745744447026263622
 208   0.700296955312000000000000000000  -0.233009763196000000000000000000
 209   0.123715426535710485726246258355   0.464255262566619027722771586010
 210  -0.722807133654380483138853770081  -0.611952302634262119623706545268
 211   0.042253151881561343800175603189   0.946123905372393966692831724736
 212   0.848754654217000000000000000000  -0.420162019622000000000000000000
 213   0.631946658220411816863686655872  -0.705392936117941996114867231519
 214  -0.485927792516657161335691534494   0.056454071797593361926732468380
 215  -0.015039537983963366170561530338  -0.647501281461435533290728565555
 216  -0.649992189908927487143069822546  -0.688800352945927088649731886403
 217  -0.496444242959907362888454178321  -0.587418619373812530482200236645
 218  -0.134331296517220744119801039223   0.355327025606923709000348231519
 219  -0.571903624904000000000000000000   0.616881366628000000000000000000
 220   0.853861578461000000000000000000   0.409103736894000000000000000000
 221  -0.579477565463162348705534732187  -0.133490645052041666424459940270
 222  -0.027125683327297496881281182011  -0.464534503879239407212949731989
 223   0.499484213221815164363576056972   0.397194661211557122640829682016
 224   0.289782071542220457360407366086  -0.443600686076922700392709006740
 225   0.359159553802057383308811260433   0.112277585937104580114041069042
 226   0.488985119098710650538147971362  -0.246945944373028751871199322371
 227   0.696535762655322971541865815482   0.498676031938014450357111739167
 228  -0.481310897664655427719637583479   0.696080210578182599132367551865
 229  -0.520616533646575624309893481667  -0.221485064209420278326642569512
 230   0.217262471463000000000000000000   0.654241266619000000000000000000
 231   0.310932507514912502167300737326  -0.630778339466332188556391778323
 232   0.440623181405228439967934806452   0.485189080368935734543012311258
 233  -0.427066760700070436940050283975  -0.031540347359785249975450160862
 234  -0.440246671257000000000000000000  -0.712481696136000000000000000000
 235  -0.146417441860554874830520690896   0.538293803189119835078127065086
 236  -0.153624204482149663435975026149  -0.854274225899081267442617855858
 237   0.730613565894653269231608421462   0.398444588788974816300940477896
 238   0.430106730961978238415172162625  -0.158683610802470157865920393766
 239  -0.872236050526691898525808596363   0.368971605035719735730437073239
 240  -0.907966889214255655933326183900   0.269317472978684730966233947787
 241   0.044258375654112060028388136006   0.738952903267381703477485923466
 242   0.455585197340312170447745219231  -0.722214476470022114860242324438
 243  -0.016609232884047295328518538184   0.179338187292166485195982973035
 244  -0.417852189632786419604953297272   0.849903124350136085199538858447
 245  -0.297258551723562857438048131263  -0.390495963256738599857594252913
 246   0.546259099695067758048497655819   0.492167019636374636816425886341
 247  -0.122245151173886613409081387550   0.172360248024727582922569397953
 248   0.524297643380000000000000000000  -0.639029937296000000000000000000
 249  -0.628120218521947083279879376376  -0.422576149904768949553992266268
 250  -0.943251923944959596631229512295  -0.084921028816007291386152631151
 251  -0.463325196730072829072209238994   0.517359985386803128257886339837
 252  -0.567391420119828217994815080513  -0.316457422634237792502238773837
 253   0.943914930833746372790801055228  -0.077203474728543048148203523794
 254  -0.852116415735793344317160614073  -0.031051204119664856026241386704
 255  -0.756029972843936771892578139755   0.130042616620625784148878037384
 256   0.790409039373625485884947356950  -0.330619976521297930636840579279
 257  -0.310914391966980917306724790782   0.619310283079059544706896119245
 258   0.452709326748562570678654458126   0.302222302786739608465233477691
 259  -0.167668553929017598438715164201  -0.749343796003974409302841487374
 260  -0.239967214807060062200363888589   0.348349086339484806726934656436
 261   0.653482069205136693014352071248  -0.327962424262968461499968376530
 262   0.007563057802620966092920765162  -0.186595367872225766959574694098
 263  -0.353053990840622801447010889368  -0.775486237079654499040011196633
 264   0.255728258178070272534147233630  -0.721111775825818862153749808886
 265   0.381762149588641715572293555933   0.573183499526314346445194940500
 266  -0.298828246623646786596005139109   0.436343505496863418629117285678
 267  -0.051297974013965758302720485357  -0.098600948714847155057392064856
 268   0.549270624697711445542838554231  -0.771516399051389448416830651737
 269   0.196232298595715269990564168393  -0.633545402926557728743901415389
 270   0.170490313008963079411167857201   0.559227620991436541898367790334
 271   0.229351344825549803806809107721   0.471233201834057929996185161093
 272   0.946634156378832029840503364737   0.028627733720536981882292716654
 273   0.230921039725633732964766115567  -0.355606266919544088490526377498
 274   0.781720583281560343358397216114   0.139921428593680207104599070010
 275  -0.927880830837631439159344450625  -0.189665328737499551710866288311
 276   0.442210232625458056853226372516  -0.341918302797846266046795526696
 277   0.894478374974163719288767142355  -0.311198023555125342911767264151
 278  -0.801817120175997835011037185863   0.276900259563668050779531550936
 279  -0.345603133096899380280926737955   0.341371147072045904453521081354
 280   0.511570358565149295074295708645   0.214227883629360996563050848450
 281  -0.544356271619088169062506973180  -0.681822413678488186376318311320
 282   0.688170810335055155988554018421  -0.050023288255954821246593338639
 283  -0.837361397140427076666847706413  -0.244564062716482146114139684866
 284   0.464795472091896701389374109799   0.119255525204543482387454644125
 285   0.559312265636254145063504894726   0.657853053722351402548243989144
 286  -0.508530388303241493599173829994  -0.404451841791616404404421403079
 287  -0.767895956255000000000000000000   0.554320510530000000000000000000
 288   0.395435346152205463168304773669  -0.436890661222663780222391731021
 289   0.733093913707493182914331782466  -0.599590766144766044237051040999
 290  -0.390808324670068044807891328956  -0.580440680106373628208786661562
 291  -0.288739704877350770718206537549   0.901978467585771896372049519633
 292  -0.039211828670631627592000833684  -0.281567726297043281135170898422
 293  -0.321430842410231118859487434609  -0.024562408092346347702036585780
 294   0.057882619603655912215881936580  -0.852114295194330603217923765537
 295  -0.766656573301997009640947058862   0.376757031056035384932322812299
 296  -0.075470264700634019724159788704   0.267332606449545097098165602278
 297  -0.603649856149830610126974035533   0.232442910112350585731097726863
 298   0.054337944275873559777842364008  -0.091623009447408252783978489773
 299  -0.059658830725814731142564242027   0.759173019180733370848400343187
 300  -0.568961115019912147152772088360   0.510382046119364225984472764754
 301   0.101112830749126153462763962855   0.003349348977409261391617714552
 302  -0.156933892303805076383283334723  -0.105578887982286057330805639938
