   1   0.344815060160151552996851172433   0.173161118873212157879896399421
   2  -0.292794590762639564012564102227   0.292009958080668284711392198185
   3  -0.609247151705595954642643775599  -0.726399845948823703253792570518
   4   0.455779181019599742059585186103  -0.184484891019490093362020508559
   5   0.054269409131955831243782163909   0.520329035060439893212888084246
   6   0.631914465065512256234662227565   0.647993038590813162163721894335
   7   0.227801409079253528871955296978   0.634488573550325697463636027276
   8  -0.522844939576336935144014492909  -0.397636573576216863373843315729
   9  -0.157632349017392034701182641421  -0.480361830949679119897815589290
  10   0.034048241594255168113476077000  -0.677246626813027180672535805882
  11   0.048219878910505996181620302125   0.624010479844851181554710804119
  12  -0.490524711595736601889384682431   0.592576198728427633827935134651
  13   0.287252611142549138277280754816  -0.849318772087814693764523664115
  14  -0.830475983827484632518392459313   0.005459183208782590860207452008
  15   0.727656687474424781665879024748   0.607745483923659905508993768148
  16  -0.331164348964689732329355774489  -0.594521369439564924148563532320
  17  -0.816365760362000000000000000000  -0.482040792645000000000000000000
  18   0.306445301958101384680059500170  -0.713370208647021050980059331084
  19  -0.645908120878684794331072230148   0.167372325885307964551719031999
  20  -0.472376120931387096702899097079   0.281531864375193768802466975029
  21  -0.423979879159788416205604202807  -0.547919693900096537932114783961
  22  -0.032496590841693017570304402624   0.463249265815496991087514112730
  23  -0.507980744650396080360966757228  -0.703344399507391978890574425989
  24  -0.286745060541189728950402240443   0.188328513296256996369569478311
  25   0.623261650745447604625596457387   0.033356092254806999230550154345
  26  -0.627759530214335289144586644796  -0.143672008467925900473749127622
  27   0.567015671298000000000000000000  -0.542488520414000000000000000000
  28   0.008596341036622459412022704601  -0.948032136046367544387749440477
  29   0.713167036396906958170716936395  -0.570020551711155072661140375162
  30   0.369013181045950893245498619569  -0.241564660264432995487394480074
  31   0.207580241541552865741649210068  -0.563087088323141376421787862852
  32   0.288296711293751879493573914818  -0.402325874293787185954591171463
  33  -0.686266711321462428905212425596   0.654122946385372427184852853831
  34  -0.685046578579439211711656003879  -0.655400650924654237161113283082
  35  -0.002248939734443842259495093704  -0.055157958106559450621599486639
  36   0.159183999769954185244354315796   0.266364469952148930312793896139
  37  -0.219859232408105871213915729602  -0.760283007285010805757337146468
  38  -0.315152566373829859740392511334  -0.801582151467186741665536999271
  39  -0.206028590788990715198477535693   0.349089727325611186836766169700
  40   0.126065758062975968048426675037   0.784564256710156081110297792311
  41  -0.417930348938338581143442341023  -0.651601138684507826273937503835
  42  -0.738723651073783478207320658466   0.213974001424776350768167780358
  43  -0.131361651258241536508714692727   0.613532386139376665645785580963
  44  -0.228098123379406770996926481601   0.763917803290407578744240655772
  45  -0.186929337363890746166896083535  -0.894668037093581231488578580409
  46  -0.128157213580712610772619245251  -0.809039325352145178197949268884
  47   0.189431650877203360555163624716  -0.252042753969907511396319703230
  48  -0.337213879186139567391517636273  -0.490839924655153635806740812446
  49   0.926358974132789314583413555569  -0.201737153493109536209493700306
  50  -0.407980223651337778579570063907  -0.754981184221623686225559609595
  51  -0.762912865269142048352198587945  -0.392883842901397482968112333633
  52  -0.244398348991040883515269207955  -0.537441600194622022023189560805
  53  -0.107163530372442196260067245590   0.198806607001731512278494701467
  54   0.201530711320103030679487348284  -0.459405643538730088079965142978
  55   0.798597532067338314203820320333  -0.510960673468920514463313688915
  56   0.890597086036899713369178427564  -0.325077926655193414707454938808
  57  -0.250447879212490718577431069739  -0.433760155410210733681366840931
  58   0.270148120629402374307088329466  -0.091281539940553320929123011841
  59  -0.454227530267037591516413511727  -0.029512469978040096223001184592
  60   0.061557990047419895051025914992   0.946070526925544812864521974878
  61   0.027998711372805333051314215216  -0.573565182028615892330713086008
  62  -0.726624590630883808082996934898   0.006611111855953774084522340610
  63   0.294346241515201714555735776602  -0.506007319078198474296413891337
  64  -0.401918566347478708554479077869  -0.858661920712129643790910970786
  65  -0.373511060514838577764488806977   0.131248744051314094244195506796
  66   0.326666469495802047810365587080   0.484205453226446022905364559042
  67  -0.125312121036791701446552830943   0.509850941354965377303962861089
  68  -0.070866349043743185887096074886  -0.423282061704736217772441617775
  69   0.145316908720169386231575573874  -0.842952896981413432273857343056
  70  -0.298844120984089399074725964011   0.395691402865079573053214918059
  71  -0.321214223677688929765483497373  -0.697901414976680784100185638081
  72  -0.559142120905035945516985663613   0.224452095130250866677093003514
  73  -0.355362469850489072578003221625  -0.179795590301919770781272652825
  74   0.461828711241049577121747047887  -0.288166335803901381703843228433
  75  -0.658007181321584464455395953715   0.374735215454130541235364471746
  76   0.589274507209071391863976608119   0.742694003752125581825860524869
  77  -0.794435917151000000000000000000   0.304802274943000000000000000000
  78   0.126863771789353851989724505318  -0.723848302352495566888984554240
  79   0.947816563170000000000000000000   0.006082908486000000000000000000
  80   0.393612155170000000000000000000  -0.656896545235000000000000000000
  81  -0.609237319048008102661884724554  -0.455280268614841268670824933556
  82   0.921566384095607089394012695429   0.222607789083859876225675417146
  83   0.512297529885999415562862443717   0.391002102147509250472467062325
  84  -0.633809060435785124206748506580  -0.039990563683514612131926407749
  85   0.413432469469450896624452153614   0.541285222471388925030738530558
  86   0.112242370814702626654259660319  -0.941403461991590007351489933244
  87   0.650105666934971745021381708151  -0.381181374157608952641361222604
  88   0.147084939327054515120030592228   0.473727359520971506996439335886
  89   0.404481308168514631678264522653   0.758135054031279525982845043265
  90  -0.343263409407589402453679498057  -0.387158479870742347464918092572
  91   0.830076919199954758214229837132  -0.240675626837525473995487003294
  92  -0.933995687523998788275359989162   0.162760203189935450009025836114
  93  -0.008298469955893677321656955488   0.048523486677851837720223233235
  94   0.490487696494000000000000000000  -0.811109818850000000000000000000
  95  -0.910632118966395755747453849435  -0.263795322101488954544379462050
  96  -0.738832244432000000000000000000   0.109939840569000000000000000000
  97   0.524396590328899085687186167285   0.183639212578686673788821622577
  98  -0.583924687522070419707065256878   0.534895377983217668832865040643
  99   0.789766986340067780884820906900   0.524506373024373699830849129832
 100   0.164671674303213887858699309584   0.933660574158528183975590773511
 101  -0.709596050742152740043340949031  -0.482011594455993448194649570667
 102  -0.040314151670027981520921282762  -0.749749545902476659840959846339
 103   0.320616939274352212748203725295   0.587886898010857311247187278916
 104  -0.151582818795942199639020779637  -0.584043275734090408239638309164
 105   0.419481999690900731686614015398   0.437603777686977636688915810684
 106  -0.460277060488487426578575373511   0.074168974806371192118821535281
 107   0.264098590407952539244926467682   0.012399904843857967412699708032
 108   0.003800590487005992802666768080  -0.158839402890970738963422206513
 109  -0.089014939708092691073581660239  -0.112237727351502352746973458154
 110   0.605113060081098099439110872035   0.344400426608040864256018313966
 111  -0.861721247966308381381223377539   0.395316732328957109224360310438
 112   0.298943253509651148284861720784   0.899706485047718607367413034847
 113   0.390050624691359289197136491809  -0.864117664576842589845728266536
 114  -0.430029409381238251267766064591  -0.444238249115685249590292064087
 115  -0.391659651179188082950974392329   0.442293078404547959269663666418
 116  -0.642017466994090301270340092268  -0.560875869175851696954466756541
 117  -0.367461530293388742702326945193   0.027567299266902805902372786922
 118  -0.133129681865126665397169711080  -0.703147870363008273624511097980
 119   0.695378828264000000000000000000   0.401729272672000000000000000000
 120   0.635360711188347274749920180955  -0.174006797314015577453095285403
 121   0.761747915159866302755805023222  -0.318890625497454741859500785333
 122  -0.842563046426238454765902119543   0.212019831186615547460433930830
 123  -0.934022585745682195265109596926  -0.162605772876629477985872990880
 124  -0.280695530319739893888240378659   0.084647068511845708027746758438
 125   0.844496239565524622740744974151  -0.137823684664913955611398608639
 126   0.060318939353405666305944025694   0.416647590276028604871065364371
 127   0.820285501361470464872096315187   0.245599561548748863487422719956
 128  -0.034264621448578146458759420978  -0.853430990686887948182782566212
 129   0.741604587512000000000000000000  -0.117106253057000000000000000000
 130   0.300395771736651549617897638386  -0.609688763862609762638236611210
 131  -0.589602133580548491416772514849   0.742433937891528038248758332479
 132  -0.054362537555972113317477624430   0.800700621105421299069778805391
 133  -0.845619277749022501537395938785   0.108207027262509946257026931404
 134  -0.528894469797786770206176354693  -0.293955128791805575032020595855
 135   0.641410241409797109812082042739  -0.277688242098426865794918005277
 136  -0.058767288600843515762772351318  -0.630644951273558794456087057523
 137   0.332715999717251882872527448864   0.380524008442034734563541839169
 138  -0.256497409433940553639592931523  -0.330078710625799445339544121057
 139   0.219679301984452535865972933636  -0.770449977891963953105433302599
 140  -0.268596469876840223763916655091  -0.122715821056976868655898681310
 141  -0.484475181374286766827222820647   0.488894753944016345486112414777
 142  -0.026447060620243182508142540840   0.359567821031085702745691392856
 143   0.066368469574855501368105887478   0.312966145491617316529242644497
 144   0.108715181125004346803238919966  -0.412803967999261701863516394619
 145  -0.812017854635223659952334182119  -0.296378533712760188438968138574
 146   0.245949999743603034058440882330   0.323444239197091832438167867654
 147   0.171283060212853855368678039364   0.059001580383326353629148456391
 148  -0.899791259253108034348257744974   0.298687994113527075247600277066
 149   0.891687519199524780583247397708   0.322074830062290625749806412140
 150  -0.181830469903191374949830088557  -0.065636051812033966530524709795
 151   0.090566590460654841616753334614  -0.101759633646027836838048234998
 152   0.579827231754493940338950329160  -0.750092800506561743629797771620
 153  -0.466326590709937261640737235295   0.177850419590782480460644255155
 154  -0.442128469824137921392089788159  -0.236875359546862672906646624340
 155  -0.639858590657234959268910368364   0.063690881100896676209896312125
 156  -0.732625106650070527982601477951   0.561185666507813882332471107958
 157  -0.187880000124641210011991950341   0.038045392972377321811298010079
 158   0.817023252490952920941853391585  -0.037665440921907070544976421552
 159   0.362963650824501058183336757785  -0.137883215480021707145571760200
 160   0.213629771763002700803811071852  -0.666768533107552664763610582725
 161   0.500280337541000000000000000000   0.598525143321000000000000000000
 162   0.479977301905399082308232633238  -0.599210670157135246729311388054
 163   0.177332590434303690430839901148  -0.044679864401084934712674263483
 164   0.536495650771798755811509890853  -0.023723676990135902894823817170
 165   0.084517060239205006554591472830   0.001921811138383451503774484876
 166   0.114764711346454181865400781750  -0.516485412783672990205339114493
 167   0.593074536422511004267455965340   0.551671188777337649976014248340
 168   0.096616120682104676678915196398  -0.205441078430439125179870954871
 169   0.141035409105604680057868730444   0.577408804305382795338262055761
 170   0.518347060107449250625024305501   0.287320657363097962130644342451
 171   0.707009501264000000000000000000   0.194337018890000000000000000000
 172  -0.113213060593892031322229107375   0.302488051786142800620317421341
 173   0.165233529991404020306516177580   0.162683025167737641970971176265
 174  -0.534944000019236605268338216477  -0.190273684007394286690197875981
 175  -0.854733604918586597378691061608  -0.095525997028139731305306099462
 176   0.602237322972773581198843438738   0.448218387214898129636102952054
 177  -0.615962033583624262196462720736  -0.351640425779676594845734259596
 178  -0.076915879265193020949257936670  -0.319600616920324929430618897901
 179   0.031801118714018784474950477828   0.740968195226414288379169815091
 180   0.183382120655753525493001762932  -0.148361309185496223054496983356
 181   0.857398904635033567261133560005   0.058022831726434521011607771297
 182   0.437630590355250236873099600751   0.126559443333743771663447651062
 183  -0.193929530346091045074153812125   0.141726837756788610153120729952
 184   0.653543864794130326924037812029  -0.484982229664509467687041025397
 185   0.728176241383445958626168609273  -0.220608472853483963669544033762
 186   0.239900469522153198996279020546   0.427125683981503120779990587527
 187  -0.316584633015000000000000000000   0.707540474456000000000000000000
 188   0.078467530017755171492429611046   0.105603255922794739845597204750
 189   0.799044873785811931905539595009   0.143937009206820442137189805480
 190   0.554644241436148260997995476205  -0.334768011343369767920291976792
 191  -0.502582020911000000000000000000   0.803702472226000000000000000000
 192   0.687248683943385383660204122814   0.507879993918099661630954759385
 193  -0.621709999992885454082424783011  -0.247353453252337188815571847496
 194  -0.082965409486642856011419798455  -0.215919172135913641088796178028
 195  -0.670690687495719268521151823412   0.477815608738274766707491069128
 196  -0.020397530398793347445980679056   0.255886376246674414403868672982
 197   0.134985878884154844995706868659   0.681090249089794083680084775635
 198  -0.549552747128107897835484062846  -0.608169784097208764717856192774
 199  -0.749829513877000000000000000000  -0.100232665913000000000000000000
 200   0.398922602945065213815448038958  -0.760639518041697639906269848521
 201  -0.095064469929542526135743522023  -0.008556282567091064405150738280
 202  -0.169731409460291704825506364989  -0.272998941380856543214170149543
 203  -0.866457505718103558387623210854  -0.384824919724046455905271228588
 204   0.745810288775120555479153068125  -0.421518257613290961408493568328
 205  -0.547043060462136275392661940046   0.017089205561428289993447563766
 206  -0.044595651284592687694628126193   0.670612155384319567771159552478
 207   0.674385222816967139518348739702  -0.666365814925980310395813445445
 208  -0.152388600942981944807177489352   0.835012859524520281541155589404
 209   0.356914120603051223121174896001  -0.034201770695610418803749040327
 210  -0.014348000177343512383818817272   0.152204931462263126062045953109
 211  -0.304893651205539234136887825795   0.499372847649490861395037637933
 212  -0.818070514321944908548932050142  -0.192697271571523206519532397363
 213  -0.409808241843537588137459977680   0.753337412757781824295131826039
 214   0.492981428406524962745407115340   0.703782799925852804885114828032
 215   0.350864590381601388059013034217   0.069479674088800869538073679547
 216   0.221751878857803693809793435193   0.738170018334736985805458747150
 217   0.617212120523997769563434595603   0.137037537039218287572372874218
 218   0.495400876139000000000000000000   0.808336087365000000000000000000
 219   0.443680120576700071935261462535   0.022877998549332483321624931188
 220  -0.758106746926716644289434195899   0.402421236731067397843477481359
 221   0.473927771683949247246070771455  -0.495529225372723958387488668180
 222   0.307863374330830025232141914406   0.796232477427356609937200018171
 223  -0.310943181426989069199049687579   0.603054292433902149736860357807
 224   0.021949181151355497989152353432  -0.469883737244204603988890366134
 225  -0.810281414008319667095934886331   0.492222366587027737799432124055
 226  -0.038546121063142852632466264409   0.566930710599908279429336832604
 227   0.716077180940546288501844885705  -0.013245583284661386985898594014
 228  -0.583552603359098656354610653066   0.638752493107116749906935612606
 229  -0.262546939655390388701754793307  -0.226397265841388156997721401184
 230  -0.290493649467492092557590379990  -0.902470092399140998085808620017
 231   0.282247181072302044431412053034  -0.298644429509375897612768451589
 232   0.611162590302547934501272733819   0.240718981823629575914195594092
 233  -0.163681879238841869763344503205  -0.376680386165267831555992869416
 234   0.425531529912350566748775877183   0.333922332902566348347093090810
 235  -0.553092590683586110454823801829   0.120770650345839578335270283640
 236   0.943008251524000000000000000000  -0.097755422428000000000000000000
 237  -0.274646000098290058826078516875  -0.019034376272565580314075961436
 238  -0.478425651152836931765060958863   0.385213309159605057144289694903
 239   0.039799654212332681889274312160   0.844517517958942935704763469438
 240   0.548594711214698425935833614421  -0.231086566558958479578469256918
 241   0.697928590276196783315359300353   0.297798751068572478039569565607
 242  -0.385610120957738247888812530545   0.338611633620136670927840946544
 243  -0.520097281426389311868029647352  -0.508576539603528162234658694509
 244   0.338765529938701717934689310648   0.276842563657623446221719119295
 245  -0.130072059992396939507226616679   0.729605564871308596272863871758
 246  -0.064816818822293350824934213102  -0.526963506489147506114264337649
 247  -0.175780939681741539887668226773  -0.169317496596445254872347429669
 248  -0.496574241817186436951546544215   0.696257643512838922169757854524
 249  -0.403758711622087753075298115897   0.649655967973370535953309106165
 250   0.572445554895222905824569853009  -0.646497676802651509089446329968
 251   0.395561187347335754730984329031   0.861609061651641523413058059942
 252   0.629311180966897439687758319171  -0.070325352529604289111272565529
 253   0.849695659250319273778845221543  -0.420542643149326270491210448045
 254  -0.565191651126485780579147525397   0.328133539914662155018915723387
 255   0.102665650903554511741077058182  -0.309122523214850413521693674745
 256   0.449729650798149906997423324319  -0.080803446235078805020197788685
 257   0.381112241488850563369822343137  -0.448927549833255572171039919822
 258   0.790406636465388156061331017466   0.345066602527179613011553714950
 259   0.542545180993248590873671752637  -0.127405121774547191236646537044
 260  -0.199979060567540880136315673909   0.245408282541199898494943449826
 261  -0.945078795268000000000000000000   0.057603330008000000000000000000
 262   0.560693771657598096060157337989  -0.438449456127781056262114696665
 263   0.195481181098653195617325486500  -0.355724198754318799738142423104
 264  -0.119262590815341866384390969159   0.406169496570554088962140141215
 265  -0.714525530187984137958673211330  -0.200751777712868802599123099137
 266  -0.218127651231890385322801259260   0.556452616894433763520411609448
 267   0.506247999664549580500700581933   0.494683546931920538814289782199
 268   0.467878241462499412183908909671  -0.391847780588312670045665948307
 269  -0.498030619363395277797094480112  -0.806724445044507838842196531749
 270   0.212831758036624816862513241571   0.841644025955098983235671763826
 271  -0.138366802068773297566489557723   0.937919749307539196513046547884
 272   0.258049060186502704182764605898   0.116081349628269255754522427906
 273   0.052501378525070702355327145556  -0.796351221441945046057408594698
 274  -0.708473214186262149916909559210  -0.304437456890111215501809243619
 275   0.940386070082492752501784865256   0.120469362290423405943590503274
 276   0.153134469548504350182192454012   0.370045914736560218654616616012
 277  -0.540993530240686440330500078261  -0.086592239222982998348375156108
 278   0.233850939300703363934117158761   0.530807128765914409121813307401
 279   0.276197650850852209369250191250  -0.194962984724964609270945731715
 280  -0.651957651100134629393234091932   0.271053770669719252893541751873
 281  -0.379560590736288412826650668761   0.234930188835725382586018226670
 282   0.842399753744878161679379093744   0.434972968064022216674459466776
 283   0.407382939248001061562290291829   0.644966667255800213372561250431
 284  -0.095152848399979512091856367796  -0.943284031189559985758896015553
 285   0.009850120708455827864828629864  -0.262520847675382027305244926386
 286  -0.571241181347935615641309387181   0.431814984699073443360738443262
 287  -0.752625162327501650484656860642  -0.576536376204795988401296097208
 288   0.530446120550348920749348029069   0.079957767794275385446998902703
 289   0.375062711267400728307660481352  -0.345246105048844283829217199948
 290  -0.240128069520228381234124059255   0.917157204782443294456126096911
 291   0.072417999796305336430267749262   0.209284700707206028187419924624
 292  -0.224177181453340220384963121045   0.660134061678845051862234329322
 293  -0.361412000071938907640165083409  -0.076114145517508482439449932951
 294  -0.037268663465949820666231663229   0.914137294019502699121501996205
 295  -0.349312939629039237515841359841  -0.283477035086331059123095372699
 296  -0.436078939602688086329927926375  -0.340556804331273961248469344214
 297   0.314679103022000000000000000000   0.691791464878000000000000000000
 298   0.387161771710300398431984204920  -0.552608994617666860512862639695
 299  -0.101114000150992361197905383807   0.095125162217320223936671981594
 300   0.710027650719096453439683023921   0.090435861499749901355924125860
 301  -0.225945212060225349273418139399  -0.656546194823539887408062349621
 302  -0.303753540820019749382733773435   0.835070432337897842308035271523
 303  -0.212078121010440550260639397477   0.452771172110022475178588889574
 304  -0.448178000045587756454251649943  -0.133193914762451384564823904466
 305   0.431581060133800401810937738967   0.230240888118155060005270370936
 306   0.120814241567904016927562643534  -0.620166857568084278547161834366
 307   0.015899650929905662926990491648  -0.366202292459793315647067646260
 308  -0.946869666066000000000000000000  -0.046559277805000000000000000000
 309   0.486420384489080690888511868429  -0.704687958337263070917498972466
 310  -0.405249125725918897523064385551   0.857095078829784576884673281648
 311   0.251999529965052869120602744114   0.219762794412680544096345147780
 312   0.214541445580691760455040855076  -0.923477555863705512440840545158
 313  -0.397709181400637918013136254113   0.545974523188959247611486386292
