   1  -0.822115807334141662967874253255   0.440582079252087556048664088011
   2   0.547874263805713188438587114322  -0.179430850757160663972613697508
   3   0.563076174659554632053084950415  -0.582110844995518352461743724523
   4   0.320302338735582122112098792815  -0.323011868299908242190093409810
   5  -0.425333686211132671620323126836   0.398434599417871218160874192804
   6   0.759550346186580275512603011392   0.368794068536192878241963306675
   7  -0.390466155076762458546969167218  -0.549251644219700006776259400795
   8  -0.286135109131856790348600153008  -0.201984922323885944322751057985
   9   0.765607422849975813185864309447   0.234392326401471227783193317781
  10  -0.151195994683290591322517230329  -0.667853962832781312383965052530
  11   0.443666809277542453574020644462  -0.520127622058827044940981345071
  12   0.185405444937006264146473779411   0.142938281510888337942418784103
  13   0.538094812359305693080672669680   0.089466572547517599439482370402
  14   0.190683480449444780749740820138   0.008503692183275551364839678927
  15  -0.640637272660228117255090679537  -0.498159267551415743809419138950
  16  -0.311548934462310880067766276340   0.470222806917525784338678419593
  17   0.288634125660951022492496548452   0.483595667665768477275381221243
  18  -0.181887625925714105368290416661   0.138787991816793701709513782503
  19   0.293912161173389539095763589180   0.349161078338155690697802116068
  20   0.386167312786810148129852543078   0.722536823331444541171274657480
  21  -0.192443696950591138574824498115   0.407657170472019274864671992854
  22  -0.674868030026918970825349873515   0.643847894517288834340766316958
  23   0.086478447493761529106548970793  -0.332188476574952383741656709914
  24  -0.709226979690808420176630702149   0.513771074735481534242516643515
  25  -0.646308486168977393733966324298  -0.133303556530163870321312572794
  26   0.689484276281648321784348489415  -0.628170679025320267698494100462
  27  -0.405197896393117098504424044230  -0.139338540495927723922976179598
  28   0.785014010903808430754070038019  -0.161476064848075313362716478333
  29   0.790292046416246947357337078746  -0.295910654175688099940295583509
  30   0.463706355169000000000000000000  -0.809297993770000000000000000000
  31  -0.161751836107698532252391334055  -0.398985148097005240374336589899
  32   0.227337804184639001024089051175  -0.797771809703792890434737034856
  33  -0.027306304255060262446007879703  -0.403976684074606949919460936703
  34   0.532037735695910155407411371626   0.223868314682239249898252359296
  35   0.201239551474321813956274901591  -0.260365486471950021790318531424
  36   0.066342657675745955990649888188   0.205584663338846558342193662489
  37  -0.068554236122829901974975125216   0.671534813149643138474705856404
  38   0.506111839925247496314436700755   0.783477998870575145784588467111
  39   0.195961515961883297353007860864  -0.125930897144337235212739426249
  40   0.261662901109477563016676468903   0.773518858789395347387049144494
  41  -0.167029871620137048855658374782  -0.264550558769392453796757484724
  42   0.717179502272013304327735672845  -0.496513962812674754886502518525
  43   0.498916182509402759624129492379   0.649132403554211079670935286210
  44   0.205541234755021837262372862016  -0.394834858402910604141431588300
  45  -0.280857073619418273745333112280  -0.336419511651498730900330163160
  46  -0.278049324989431629266546757997  -0.475339718391247573834118443329
  47   0.567435042793846175786263551568  -0.447643314583368960567332106588
  48  -0.652903189708776254725436827828   0.254858184418562085805265739225
  49   0.670870673323630558145980868421  -0.233950569320770558285737325168
  50   0.068996444135658373067991594786   0.930175499528661670903938559648
  51  -0.000510033362319008184854996959   0.787597308975129096841238909653
  52   0.676148708836069074749247909148  -0.368385158648383344863316430344
  53  -0.528562366935077429966345895878   0.057777213262991078827911755663
  54  -0.399919860880678581901157003504  -0.273773129823540510500555284774
  55  -0.176609590413275588765023375934   0.004353402489180915131934677327
  56  -0.507236388633123245998380867202  -0.616657687471207565410222747778
  57  -0.768214648659000000000000000000   0.180836008818000000000000000000
  58   0.787084616752636119999606264317   0.500484540518602048345749452603
  59  -0.539118437959954463172879977332   0.326646391918216651983069966015
  60   0.402418877409772814045053398948   0.555383875165423043453185448033
  61  -0.449244019114569835107616928390   0.817414693112711491634365091021
  62   0.050508551138430406180848766007   0.608888431321684918074930978018
  63  -0.187165661438152621971557457388   0.273222581144406488287092887678
  64  -0.022252119989043320297575115577  -0.538419875378442082569410004155
  65   0.216097305779898870468906943470  -0.663704037058136177296589798651
  66   0.646183561516723725995004320173   0.296347615205661632129512391126
  67  -0.444376163231324084114006295295   0.682964626375448718415639823985
  68  -0.394641825368240065297889962776  -0.408207719151153297078134389950
  69   0.651461597029162242598271360900   0.161913025878048845551933285950
  70   0.076898728700622989197183969641  -0.063284515316379014812964547863
  71  -0.036886023048198802355372880854  -0.135072722816033580990768774652
  72   0.180127409424567747543206738684   0.277372870838501124519997889278
  73   0.689535251030156588384480107096   0.032874607809757915746124723532
  74  -0.057998165097952868768441043762   0.402665634494417565319547646051
  75   0.428809054971965397061388602584  -0.116789071472640889434710077845
  76  -0.895759933758746789272938749534   0.260002135182167031425227748611
  77   0.289035231702000000000000000000   0.628444446286000000000000000000
  78  -0.197898868790033007191997991010   0.911494929749137767968967783776
  79  -0.691751440144804901556395267364  -0.006672381851472340973800999796
  80   0.434087090484403913664655643311  -0.251223660800253676012289183021
  81  -0.371476787181314641953231583761  -0.855565290210050868657101251587
  82  -0.300992863437433846861232194886   0.201353628262300211183520209242
  83   0.166472422217344022446889212798  -0.917754815769359305274985349227
  84   0.102951857263000000000000000000  -0.740613108525000000000000000000
  85  -0.932712779183885980870926836945  -0.005817282340736569498273766138
  86   0.082176764213061505800451010368  -0.197719104643991801390543653038
  87   0.465531544323637422585616494772  -0.674769150393273841103390752984
  88   0.315024303223143605508831752088  -0.188577278972295455612514304635
  89  -0.042164058560637318958639921581  -0.000638133488420794413189669476
  90  -0.171331554900837072161756335207  -0.130081186838431871445644427848
  91  -0.599711469714453451519358275188  -0.714376037055898506188451527581
  92  -0.548477749021817341435757750957   0.597739182390339223484929533151
  93   0.905024913548126080682891975364  -0.225647679101663283167431546922
  94  -0.544651691333000000000000000000   0.461486921419000000000000000000
  95   0.210819270267460353865639902743  -0.529269447730523390719010693476
  96  -0.696246895118169995367871603058  -0.620666762655346548823148015558
  97   0.324604022016282145418196753239  -0.457481240230868824541206466686
  98  -0.507058655455570894578312371996  -0.482119644979605730020275347415
  99  -0.278146716709000000000000000000  -0.623311497083000000000000000000
 100  -0.063451526904260102485371622886   0.906552387245065746193542792135
 101  -0.533840402447515946569612936605   0.192211802590603865405490860839
 102  -0.420055650698694155017056086109   0.264000010090258431583295087628
 103   0.830662160694547607254017789776  -0.424249153230770589405101279033
 104  -0.641030450656538877130699283570  -0.267738145857776656898891677970
 105  -0.923846906244211992022254425570   0.128428435518612748201354515072
 106   0.309746267710705088905564711361  -0.054142689644682669034935199459
 107   0.929468361607000000000000000000   0.042382675867000000000000000000
 108   0.915362154601599312923506265864   0.179162203463448430659065829483
 109   0.304468232198266572302297670634   0.080291899682930117542643905716
 110   0.626887781455788913982994084733   0.690650909424000781905501940320
 111  -0.767389814781253076722957728396  -0.221544774422554980158504672347
 112  -0.812019640698574167016582453552   0.053627505396455395099074367304
 113  -0.156697651841681590103958569929  -0.533428339400840373024285657351
 114  -0.306270898949872363464499235613   0.335788217589912997761099314418
 115  -0.316826969974749396671033317066   0.604657396245138570916257524769
 116   0.174849373912129230939939697957   0.411807460166113911097576994454
 117  -0.490698745550278476712169056786  -0.793222358700347877366418031873
 118  -0.773106070598252569911431743009   0.315288176081848235110512760523
 119   0.803006794558945009802058391347   0.105156868951401363742535461962
 120  -0.414777615186255638413789045382   0.129565420762645645005715982453
 121  -0.101738147914474941165766059895  -0.927165744883671116546338030358
 122  -0.290436792412556813654698113432  -0.067515550392925361971638001109
 123   0.542596228293274671835320073595  -0.044996261429547877395034592333
 124  -0.197721732463029655178091538841   0.542091759799632061442251098029
 125  -0.063276200610391385371708084488   0.537100223822030351897126751228
 126   0.665592637811192041542713827694  -0.099515979993157771708158219993
 127  -0.524260683654377406660247935453  -0.076692158667969503523201301212
 128  -0.571959712814000000000000000000   0.736442341735000000000000000000
 129   0.131930102379156687806494619359   0.811264309446966582078981828505
 130  -0.326972861370433664267910990888   0.873542052310014130712561896980
 131   0.526054051898000000000000000000   0.502288581803000000000000000000
 132  -0.892447133047680390158628677368  -0.271155092044638083083397275529
 133  -0.134955565214957277991238451311   0.792588844952730806386363256455
 134  -0.647625154196337738122169787101   0.120423595090949299227686634050
 135   0.055786586650868922784115806734   0.474453841994072131497351872840
 136   0.928073083316100767099231136342  -0.093098449240071550337851165759
 137  -0.518982648141938890056980894726  -0.211126747995582290100780406388
 138   0.423531019459526880458121561857   0.017645517854971897142869027330
 139  -0.279001706099984436432254175775  -0.757846940625359927878872471784
 140  -0.244526067415735500373965669783  -0.900107755538721859444987584624
 141   0.526759700183471638804144330899   0.358302904009852036475831464471
 142   0.809668772538574590827882448977  -0.029216247838949950996381801408
 143   0.071620693188184472593916928915   0.071150074011233771764614557313
 144  -0.016750462830652321516133775977  -0.672845498810383021929089399335
 145  -0.409499579673817121810522004655  -0.004869168564967141571863122723
 146   0.553152299318151705041854155049  -0.313865440084773450550192802684
 147   0.591939645945731112316880033772  -0.720828984423075756340141128924
 148  -0.032584339767498779049274920430  -0.269542094746994163341881831527
 149  -0.658181225221214771328703868555   0.389292773746174872382844844401
 150  -0.922173093632047327776593946959  -0.139941968715105502812054878759
 151   0.667660755419384032808746275043   0.562439829322792452692068525948
 152  -0.430611721723571188223590167563   0.532869188745484004738453297980
 153   0.061064622163307439387382847461   0.340019252666459344919772767664
 154  -0.322105005487187913274300357794   0.739091985572751357493836629944
 155  -0.295714827924995330257965154159   0.066919038934687424605941104067
 156   0.439370305799000000000000000000  -0.385658051174000000000000000000
 157  -0.398223664468948271191191648800  -0.695504009115656936588189252070
 158   0.329882057528720662021463793967  -0.591915829558481611118785571862
 159   0.412974948434649847251587480403   0.286514696510197470298027237682
 160   0.880064607345657697635579127245   0.308987469202706720828990628558
 161   0.341122555933460792576645901671  -0.725983602204138324256932808067
 162   0.342403474448000000000000000000  -0.867488440631000000000000000000
 163   0.169571338399690714336672657229   0.546242049493726697675156099629
 164  -0.152050986334405294852988261796  -0.802389405954030918666758804821
 165  -0.710310407588268284490183471316  -0.383067257681687718750375731193
 166  -0.844153360991819539932492808626  -0.396726697303036438556763625770
 167  -0.778296553682097174521602503188  -0.514044204084950972518436440541
 168  -0.797115775365620014340922997987  -0.090331651093022399887162275577
 169  -0.202999767975468171781358579568   0.676526349127244848019830203205
 170   0.032707383938163328640617394457  -0.932157280861272826091462377164
 171  -0.047442094073075835561906962308   0.133796455839191992164389435699
 172  -0.017605454481767025046604807444  -0.807380941931632628211883151626
 173   0.418252983947088363854854521130   0.152080107182584683720448132506
 174   0.299190196685828055699030629907   0.214726489010542904120223010892
 175   0.640126484853328188321743022118   0.430749357340383282588282380020
 176   0.097034518518638562313083052247  -0.601057655230177956896814920265
 177   0.407696912922211330648320439676   0.420949285837810256875606342857
 178  -0.519470890666000000000000000000  -0.347074367885000000000000000000
 179  -0.052720129585514352165174003035   0.268231045166804778741968540875
 180   0.091756483006200045709816011520  -0.466623065902565170319235815090
 181   0.164293302887252197733405616505   0.680676638821339484252735204805
 182   0.370148879720000000000000000000   0.856118747620000000000000000000
 183   0.229299700601382053089765471756   0.904106529415022445213295768194
