   1  -0.508775880078147811371385278631   0.595356829434548044224022239195
   2   0.348564712535533972286363399284  -0.664170878778008957566624442759
   3   0.455403306650799297738740259812   0.172557363426764615087695354003
   4  -0.389802047045894016106357806013  -0.052599953343956815822228496437
   5   0.909427062250624624842531015508   0.210455728720296327154923655668
   6  -0.045624289327939315729092513898  -0.128131173021832125250148904433
   7  -0.546662028975665284281171151304   0.162419603912203539756396754528
   8  -0.204249922739548467357993361711   0.085587234377786809661115903956
   9  -0.391555683778325982599703533267  -0.634348383272291062291273128883
  10  -0.336473158560519733943885301417   0.070526047809898365297356704150
  11   0.339399340445914964739961856588   0.869573046391084011967605094916
  12  -0.018401717376313242839071103185   0.227774105365704234311760451459
  13  -0.021903514366100426449970988213  -0.358932971866066708955641987514
  14   0.006335522685801691963595301547  -0.003164136295066152264816492167
  15   0.587444571946711179231868011050   0.189138307032468694040834869767
  16   0.032533528674877382769594696794  -0.235839942009503246878060033268
  17   0.086163206979706750131782252653  -0.109641196040691858037477197867
  18   0.107380416959356317829511493175   0.827129627755803367054149992166
  19   0.058038601656972520999478195736  -0.466202524519997758101801004787
  20  -0.600818531483891345216800049841   0.039538998819343802217773921064
  21  -0.919760372608186224006808725030  -0.159342562690082517767604777773
  22  -0.760613871036110965436853251180  -0.327821663213705812477153546524
  23   0.163560247393582451224709219790  -0.802209777624544159324557234127
  24  -0.158008875581655798864830357571   0.798957638798764834909427211856
  25   0.270208300655230040208004996244   0.031509585272468753497639121403
  26   0.374224225676883638513118689314  -0.309412870056898210780708811368
  27  -0.128445972442116728131646133441   0.564204602520134491361421216014
  28  -0.289155185144975836225578299306   0.776364079545677823704270220330
  29   0.242101483809227305140971748755  -0.325331554461508241778660504027
  30   0.268654121439349273217554435864   0.615408237757398676105547780988
  31  -0.617406031801955817820876454916   0.518484769697193700343615837907
  32  -0.603020475736884179118159003539  -0.541982439058076209216349297175
  33   0.931893490530288458296792157759  -0.054071412153444007935986868150
  34   0.108298826904000000000000000000  -0.927157161245000000000000000000
  35  -0.706935142747517702662954589452   0.410521101651452420881625660402
  36   0.509382539134644004517768562467   0.296916516634635820480856018045
  37   0.533351923852574606639090569942  -0.523611849040963852510725516235
  38   0.769967216891929004376830603727  -0.256851402393670703564752760546
  39   0.005009425602376827051672662853  -0.588267377636613664922272258894
  40  -0.457290962401458660231978865511   0.718072462846210241339470757363
  41   0.256396542128983349376007385326  -0.897557802310966991762694112268
  42   0.402075574961565562128194036189   0.049421743121778419749786456009
  43  -0.178481922310508376421187170330  -0.143710034778928217703765707501
  44  -0.025449977392508651662808237200   0.810703358984442832343599219667
  45  -0.099039541567280425071811630623   0.334571054372756400429257276967
  46   0.454163598039488634856828132408  -0.416658436347766145654564039049
  47  -0.180122224879682691084443550996  -0.726179702363469601923746033303
  48  -0.496307013398686081698314155360  -0.296517461056889086894006640469
  49  -0.154035313288400094352879186362  -0.374776303124293013930266253636
  50  -0.035775640394797847969837016090  -0.932775052657035068791491156243
  51  -0.887754706629741426347878798321  -0.288514776331705705695112494373
  52   0.560061077258287318795068197987  -0.164764085611518407650785378527
  53   0.519362281960240827013733304073   0.693565929613376314324288273391
  54  -0.495842064981227435869753989604   0.285412102429003185585451599974
  55   0.137226927470058492781740633270  -0.573155937213195464957962481973
  56   0.481858616829984103972948541100   0.525769231009807921558742756936
  57   0.683367470408154966243603907639  -0.635891575422219195325985884983
  58   0.749917235891000000000000000000   0.555853531877000000000000000000
  59  -0.099683973192804282960473273623  -0.250951382432921446842369810189
  60   0.641508219941581833589028682796   0.312810789285628786680160813351
  61  -0.708600886037612687383246158597  -0.205328917210740741082973182688
  62  -0.127122373319922840851235535297  -0.604110708894839969896896525016
  63  -0.468599996163598109567071702720   0.054641394310036413316375606251
  64   0.505974261778655653385381443452  -0.290657832893973336016204890457
  65  -0.312340760199975926734171898117  -0.741282097854162213022347718490
  66  -0.522020582366187251756086153134  -0.067702348834649426920830181624
  67   0.084867326365712384437991023566   0.476872403209453397541404145849
  68  -0.338529234453302048283226319951  -0.512259691692334874139336733017
  69  -0.260463287256459208268318507638   0.547434032434066697775973033089
  70  -0.762100760248762654596422623483   0.289415453238559395085800381018
  71  -0.927832340215843091190356303526   0.102354011912501192764449295694
  72   0.429554854840738946349581611360   0.403393576380261526253516723745
  73  -0.364034307435397186513109818894  -0.281897109181840362915595761498
  74   0.191410351537525946747291099537   0.138750932926461982636243224091
  75  -0.150524459243969576211218043743   0.211855420961094203313808758799
  76  -0.257675209442815640483171404710  -0.036715299844094863841247398538
  77  -0.654293288329476146941290489601  -0.082322700709698150899241060596
  78   0.026848019821702988832245532097   0.933074691081397770584150327410
  79  -0.231815772115103950863381471772  -0.266794713691147751816994076311
  80   0.188826472009967388550564318328   0.721885323641548550577533455680
  81   0.164695010659617442606177974672   0.370395343463827691768743440148
  82  -0.550745089892275460837540217071  -0.419601445980726960105880502981
  83   0.059660315435753931875028345399   0.119995895763537107871739303181
  84   0.614028940062408449367641107626  -0.041161043972854319823569454385
  85   0.693812842356237279848357008865   0.435179289749846478533364335145
  86   0.428193802951951796874879158042  -0.182676243460828073902932713132
  87  -0.106087732044000000000000000000   0.924935897946000000000000000000
  88   0.480352208843180038147238165835  -0.645680901796868690353952736193
  89   0.032827736353281920685988934727   0.352483185614518025516596105543
  90  -0.286253848608693330002607533484  -0.389878698614985625028867938823
  91  -0.405638765811750673020391225909   0.840717780813342932727302750969
  92  -0.575109220641278754777588820816   0.392307104488810062923353161846
  93  -0.442832256553101279973823715601  -0.174655761527847133776991658810
  94  -0.628525548718979317348042502481  -0.311619856547581697992608325656
  95   0.476718382694128511359648433555  -0.802551418232182099677043859364
  96   0.719570252753649008303128131380   0.205032579683461660240139665073
  97   0.585998014026816985023091063363  -0.726605479515272332312290616133
  98  -0.843541497013000000000000000000   0.399731968488000000000000000000
  99   0.585801946072560711553568394558  -0.397134892639599041788865596158
 100  -0.510703377430361279742865406117  -0.781364995111896723041376665633
 101   0.666242521064415272692581907757   0.081896959378475464902230767079
 102  -0.759483119200000000000000000000   0.032870123878000000000000000000
 103   0.269349669337714826153887573828  -0.557237252808585433960010789314
 104   0.350035984949135098376191947350  -0.074967474473156952275021584297
 105   0.110313987501581239280096982204  -0.343821531442648508991332210593
 106  -0.310613721232808044324095368480  -0.159553366037154522678389973623
 107   0.534201255768503391199454156519   0.065316015772771385949091251314
 108   0.796857546191982205256019872037  -0.486176147483487082392879738738
 109   0.216441970667877638914216458725  -0.680089563182618988564576135418
 110   0.650281069167939552515872206911   0.669689275998051093447439059208
 111   0.055082419745144677334457723878   0.704758295658848428813598884423
 112  -0.310884540675527963376670955927   0.424277544032314312616469799743
 113   0.930112356969877455337143104977   0.078994928425384941899159782742
 114   0.798368201871353101763842028086   0.097791232029468431101535562385
 115  -0.072462426431902401497118595160   0.104077211358927076873787610521
 116   0.190161343524628854371625136295  -0.450283840115387727103849312128
 117   0.717669220378896233473757434503  -0.379222734790289375536718261552
 118  -0.656050549063503988583211726287  -0.664038306408950614475527117442
 119  -0.786510098988426701301973848824  -0.097440187636305412475884900089
 120  -0.206310699133008812633497972830  -0.497157296201642263040735047830
 121  -0.687105614317920015486004240928   0.631850512445614928678109892451
 122  -0.046999947940623137482198016379   0.458960245360143731289256811243
 123   0.902008482187840885869958354964  -0.240270458787966624611613244782
 124   0.113348318725458772033191650953   0.246529142528629109076264372369
 125  -0.743549093110000000000000000000  -0.563690213692000000000000000000
 126  -0.178867225861185483239998581729   0.441048114118382106201917982668
 127  -0.810706486402197467816265267061   0.165531205584153286616067567898
 128  -0.575495339211772053480576592893  -0.189564048363691380037845163283
 129  -0.470801940416590943468430656417  -0.526880043567383598117747611988
 130  -0.630274838142523706711056854847   0.271201456075917037127527882461
 131   0.136528440632411444146294315534   0.599513965106405709906242985682
 132  -0.442901855489870443513343330124   0.407506973946246519031021616819
 133  -0.523832013743210752933483379166  -0.648935910918258003376925432255
 134  -0.125451973621844373897279465004  -0.021654113276206419477488198732
 135  -0.270084591238678805568271657007  -0.893534279633651335968292050942
 136  -0.392480602070801688404990881836   0.530663462347998904190524850165
 137  -0.819345272830123062005281394662  -0.447238772017726164529472333681
 138  -0.769973266325486878479453183165   0.527721862773424700791147349315
 139  -0.259340908640216076500963882418  -0.619213104385532580995498210203
 140   0.377341273838732123024640811229   0.280335573028931741527716502280
 141   0.746070205358320330860768858863  -0.024580100367150240870429938621
 142   0.216993007172650213509251143896   0.492766675860446363740708941155
 143   0.296443766850179782002616403904  -0.201431280623752948667436634042
 144   0.826875748778462945504492824901   0.433157813489551024573548320177
 145   0.212295485841737609968025970203   0.908999352032889527766820345531
 146   0.481903259255470620296380987295  -0.057055316623847286022874249692
 147  -0.414535191372586908657984750000   0.178304257412065491737377852428
 148  -0.243148626638398136464283498805   0.901236894866634552282072605459
 149   0.401137165645360892014762340380  -0.538747275827445166747339082748
 150  -0.893690528922918507604870292144   0.269567123029620574852646439885
 151   0.245215593031794293953380690899   0.264441300377938775328411706974
 152   0.692186758065225147866328318317  -0.148869812960525441451480583221
 153  -0.418526554571982225187811869950  -0.404499050490034349007278817795
 154   0.218285948847363083503929193212  -0.093722511636081827039525505207
 155  -0.686561322062345045084094050891  -0.438393103569201418766692192479
 156  -0.231056856381622905208484004821   0.317800484286688606843809094043
 157  -0.047907449741572784985703900146  -0.711044423476711120627971114623
 158   0.664990271885646683335830832091  -0.504088305332796748645027073344
 159   0.824228023361137029359456069555  -0.132288869354821362498341067457
 160   0.321948839832274920232499902846  -0.431793863134247459891177605562
 161   0.003421305478445617626154431909   0.582116733761896116448760044589
 162   0.320952158021269578398367441268   0.737779553029716673343883479431
 163   0.138458264553458025335742242106   0.012754548109543878733135200493
 164   0.297513589544827064856453860122   0.386812632774557447300377207980
 165  -0.590272815875220216834893214666   0.723137053499356239998400721314
 166   0.401472740393446429745570157494   0.631825509943827756903551746257
 167  -0.394402015844381892299851899989  -0.846047424913568525216574482293
 168  -0.282311955551615642072092810295   0.193365443979953936101137052233
 169   0.349174703811526124564757152091   0.509454194671509759665216047814
 170   0.459605039380065037218081784228   0.812473016832830764758776165919
 171   0.858354872480000000000000000000  -0.366842512632000000000000000000
 172  -0.340995684394112537265584468716   0.653379095759661101305973368333
 173   0.164321024982523448630469463345  -0.217349965028362979665388326702
 174   0.343749298028068284923902937710  -0.797161988311399238939755155269
 175   0.811836799705332220442015068249   0.300932046550664627741350651923
 176  -0.143020090648606636117425006127  -0.853981326247128204001051403378
 177   0.637841536084991175305570483397  -0.272745675044663669764057555852
 178   0.613985158062332221680170057758   0.541656349495472184306025040845
 179   0.323277625843861468667480139482   0.156663090775771648888390558697
 180  -0.678880564295958519930899498425   0.147317208421510928657795069341
 181   0.561680535647676775420841731690   0.419287849031254492452821519051
 182  -0.208978369579770057128912094518   0.670149665845728894891421551258
 183  -0.899885772004436170775290856497  -0.027756759190455931295603173441
 184   0.031410395738543196373937338605  -0.817901818261505341619166576835
 185  -0.077111091659207711371111529168   0.688061797087490519978760379833
 186  -0.074178900210709144730589774681  -0.481313964943415958066110781708
 187  -0.363074171195965385345156379018   0.301029914200620813258360911119
 188   0.084227212460663924289888229163  -0.695224989969100302801189701931
