   1  -0.562812524195688000700576952514   0.420935232801866331723691983964
   2  -0.298238411145128841854200855022   0.571099699783451346329543675244
   3  -0.611893661484578095644062349579  -0.377584644595863751760734571190
   4   0.000930841807685322113994523542   0.308130324081958903838670383583
   5  -0.192212178064886414189378898806  -0.364091691689468303532338616392
   6   0.676041978884000000000000000000  -0.131430236670000000000000000000
   7   0.072361934985672744656997198686  -0.213927224707883288926486925112
   8   0.127481261436000000000000000000   0.933846164318000000000000000000
   9   0.191833048306779646118003832893   0.676142203277073389781386726371
  10  -0.229048131340618831610562292877  -0.255167985582703567863906290638
  11  -0.604130104218375242720488572582  -0.078561334243994375464461004655
  12  -0.482659916858241407337246526729   0.809543684266637823539822380295
  13   0.719005685543952326903952233413   0.365799410880028631649802469628
  14  -0.064085023926755340495712833863  -0.804488606701136667246495271174
  15   0.792006712848688904765656473078  -0.145230498137301258931296195049
  16   0.604120232392846304731256736685   0.390286532647012930890485886245
  17  -0.829692817180497142639531990708  -0.033768536594257431526242578287
  18  -0.231733812599000000000000000000  -0.561572375772000000000000000000
  19  -0.153135411415676584468831391737  -0.168805261219920317772478284959
  20   0.040007608456895151834542030611   0.503416754551506889598530715015
  21   0.752640978849135444485235090874  -0.037195317791077002208455403475
  22  -0.226807317967141419311198179879   0.049042150993609153564386366549
  23   0.265504954858244480960370621035   0.458294791063543918444522074862
  24   0.228669001582512063539187226963   0.567218497170308654112954400616
  25   0.449684721236906568066287591391  -0.086323739470279759897639553909
  26  -0.670336953032000000000000000000   0.656148552955000000000000000000
  27   0.070121121612195332357633085688  -0.518137361284196010354779582298
  28  -0.491381431017700578157574277370  -0.101122315987975861041465324731
  29   0.226428188209034651239823113965   0.263008360593995932684661743430
  30   0.106957074887927749778816479759  -0.627061067390960746023211908052
  31   0.323009955162099219927029990405  -0.776190967334733276223271126048
  32   0.502018296403996511998258314138  -0.491741075993967715547789597302
  33  -0.001309971565792090185369589456   0.003920187505646182410377726397
  34   0.336936048036231903503373296179  -0.063762757726298274320635233832
  35   0.723900953159354368530358765160  -0.237874260490216385547690707720
  36  -0.377565867587728705746344436965  -0.863577204255839542619258477822
  37  -0.655258097204313588434565123822  -0.568904702628793452266472886741
  38   0.350192856554112017714796511857  -0.664466524719534215730645608658
  39   0.412848767961174150645104197319   0.022599966636484975770792771846
  40  -0.905605537105439389781262891849  -0.120131260957040681617670583965
  41  -0.800020460021120956940158577444  -0.257452619558396267999997069001
  42  -0.458380521148000000000000000000  -0.515578432376000000000000000000
  43  -0.038145924841524507606552983527   0.112843893612410918078810052151
  44  -0.417709524466235743315207489229  -0.318969728201505332378329976240
  45  -0.413227897719280918716479263232   0.289450544951120110478255338133
  46   0.220623425451000000000000000000  -0.660547732802000000000000000000
  47   0.638571899249066812636110603014  -0.022720985856303450134028567497
  48  -0.866528770456229560060715384779   0.075155169512507304142189747468
  49  -0.263643271242873836732381573950   0.157965857100373889232818692303
  50   0.258782514737812244062278282040  -0.454335618665394245840355896696
  51   0.214046985464236341628129548547  -0.812910613852468374749757195173
  52   0.410607954587696738345740084321  -0.281610169939827745657499885340
  53   0.755929570638534914789462588873   0.562931662204078327624164525807
  54   0.567284279117113887310073342615   0.499210238753777666558918211999
  55  -0.199212598515887349918496719822   0.866821802565784463688857032298
  56  -0.640966057494107660141671966653   0.030362371862770360203971321099
  57  -0.269481454872000000000000000000  -0.903161567736000000000000000000
  58  -0.699529915312015153220154177058   0.459714344643965054669772744729
  59   0.488761487886116397786835098460   0.108962690999268225862220777523
  60   0.646307889638041591920906046570  -0.322730478289163326799253478359
  61  -0.141904980106700295179864262870   0.759662123234275422237021672627
  62  -0.150894598042199172169467278739   0.135404875356392403655814372227
  63   0.376012814685441733223920803248   0.131523672743249711439225097599
  64  -0.489140617644223165858210164373   0.203087820588336860386827332455
  65  -0.528217384293432995578757671441   0.007801390118788874626967001023
  66   0.124576369198861571208932362489  -0.740686864082334902732071585572
  67   0.115920328381837398976272931752   0.589779478914290139689958720693
  68  -0.041643707245787817599288629163  -0.917261158819944938833367660770
  69   0.373772001311964320924556690250  -0.172686463833063009989067559586
  70  -0.454545477741968160736390883300  -0.210046022094740596709897650485
  71  -0.337315177794338671574748362092   0.375813269313903360569683343812
  72  -0.768006157417434526365509652319  -0.546340657691255002499276137987
  73   0.682169732268219909482768839341   0.474723116986793367318234795382
  74   0.687997122531183863314378688877  -0.644190601814724919826986933694
  75   0.758592061681651274658328077224  -0.347499933556606350372632564393
  76   0.277184925497664799174246022192   0.789761170659431307466096247251
  77  -0.003550784939269502484733702454  -0.300289949070666539017914930790
  78   0.007193609407201066726755639980   0.942480675696484996209876371799
  79   0.513763088494565101760929919615  -0.790170273408290122217425684747
  80  -0.450063850995013336137662657303   0.398374251057884846146687663888
  81  -0.790616050531287312918984483639   0.161517893875290554233617753146
  82  -0.692131887389648803475490601227  -0.459944151086442234173379777219
  83  -0.035905111468047095307188870529   0.417054030188723639507102709337
  84   0.150515468284092404098092212825   0.176645636231212682593233737753
  85  -0.680108190704090060655434301426  -0.165253224445003652771679224117
  86  -0.638725244120630247842307853654   0.334572508439083081632263978286
  87  -0.118540271513421579347012110664  -0.581939103902997774869203267900
  88   0.037766795083417739535177917613   0.199206617975194168170238057829
  89  -0.492344108938000000000000000000   0.511914067198000000000000000000
  90  -0.261402457869396424433017460951   0.462175993676686610661111349490
  91   0.942061597891969353584815184893   0.029008927157613717175046495128
  92   0.491228086146137138279173942391   0.412973838570755496668288656402
  93  -0.378632757817025913594659982159  -0.123683297731957346618469644807
  94  -0.942441490381171807202446285919  -0.011207554850275945949238258211
  95   0.263264141484767068661006508036   0.154084654487231197016229417676
  96   0.146033841537137579499363986828  -0.431774636921412760263351576620
  97  -0.828819018769077760813747564714  -0.448754505497459515278540815030
  98   0.413720435039322222676751852782  -0.846851211080482695163931757297
  99   0.113679515008359986676908818754   0.285569342337977418261666063507
 100  -0.077222691490734337327100490596  -0.082442536857137067681050279281
 101  -0.369389638361533925828834711276   0.789767304035586290026437529183
 102   0.589675808419507348902660820757  -0.703807549045506872125997679071
 103   0.148274654910614991798728099826  -0.127564500345100038835058919434
 104  -0.222325691220186594712469953882   0.657462424146234596420971680922
 105  -0.606502556817870637155712483443   0.527295198274018569550621918861
 106   0.076843561732627569255725424682   0.394493048444742153930098389261
 107   0.187351421559824821519275606896   0.067721930124447946924801411999
 108   0.525597441161848815208018492531   0.000038984892503490193788451769
 109  -0.753780097255554895497801089568   0.052594187768525818565185427392
 110   0.236529881149000000000000000000   0.897381419809000000000000000000
 111  -0.877260059112000000000000000000  -0.344413024844000000000000000000
 112   0.035525981709940327235813804615  -0.105003518601118553258054599357
 113  -0.565053337569165412999941065513   0.116725096225553610295399326777
 114   0.631205210731896457930878166380   0.699929677912366050923378274355
 115   0.761321025323000000000000000000  -0.555614762765000000000000000000
 116   0.640956185668578722152440130757   0.281362826540248195222053560490
 117  -0.040386738215001919905917096525  -0.191366242963901803349482605036
 118   0.793945270214657076922594409274   0.278590925884891416350426782169
 119   0.378253628058919145523284916246   0.435733809319562432867517754786
 120   0.462941529754786682277710807068  -0.687027506463515701307649928733
 121   0.371531187938486908625192577251  -0.476896600409375731417360216772
 122   0.562433394437581232629201886602  -0.108884721214261245474643873985
 123  -0.290011883110388247759422663759  -0.789041568430373980867897643981
 124  -0.107626205388612378315350130465   0.936342977755082285499359383566
 125   0.538854249679728929419441708210  -0.600664782100732451216221923056
 126   0.856208591438050185842107589854  -0.240621168495369886483222522149
 127   0.643196999042056134451804243755   0.585572963116560916650346217677
 128  -0.304960851265561078752293194018  -0.341530709945486817955334296316
 129  -0.575057708208845678222878955508  -0.486508350702628487429166896944
 130   0.295618468013544661483461676111  -0.563259324772158981508788222450
 131  -0.431272331708598934401693590646  -0.628439288739357265517745186173
 132  -0.415468711092758331015843376230  -0.014759591625192610950037319053
 133  -0.462863635579684488095433477349   0.696276882187188895496684167105
 134  -0.479914304279679646039221114188  -0.811174354023447510555615446663
 135   0.224187374835557238940459000966  -0.041201775982316788743630913756
 136   0.302340908133976898381554015106   0.349371084956779182776089749108
 137   0.599269347713313650050385280673  -0.217808427321025981143076199739
 138   0.931518619972736932199554110726   0.143508301926034949744264148676
 139  -0.376391944443548501295295869161   0.180526838844355374809823012379
 140   0.003171655181162734413358636541   0.612340460658271625266963040769
 141  -0.374151131070071088995931756163   0.484736975420668096238115669566
 142  -0.577646588977488594204831511809   0.744745587647405030545656439341
 143   0.601735945973334390542724124605   0.086202720250461289662991679140
 144   0.564899992697601973121540730534   0.195126426357226025331424004894
 145  -0.178414191859402408906063726968  -0.816740241922338139197374623127
 146  -0.072741064743779512728372264600   0.525977736295488375175535035091
 147   0.865885056531175714515321313398  -0.057121182281955063478880031644
 148   0.357447734478960246778028444122   0.872096720090991415417083207974
 149   0.829049103255443257794693832682   0.051802523824809658899217821658
 150   0.033285168336462914936449691617  -0.409213655177431274686347256544
 151   0.152756281657569816397456325823   0.480855772807525404021526394939
 152  -0.005791598312746914784097815453  -0.604500085646979260446207587976
 153  -0.042627551588479332205281209524  -0.495576379540214524777775262221
 154  -0.100920977202487757916896227933  -0.695564900594371931578062945420
 155  -0.926439082948295573772277651585   0.173298002479911491097756522157
 156  -0.341796804541293496173476588088  -0.232607003838722082286901970562
 157   0.708947397389021739575246876841  -0.451214293763073965674182200104
 158  -0.792856863904764725218348596638  -0.142692242701022167194674904041
 159   0.823728910968964772813050121340  -0.458030843187977465120877033203
 160   0.080546080536000000000000000000   0.705868519551000000000000000000
 161   0.109197888261405162078180592757  -0.322850930814648024594919250866
 162   0.415089581334651562944468310317   0.326810103212797697199085429032
 163   0.297859281387022073782825789109  -0.259049188195846260080495565264
 164  -0.567294150942642825299305178511  -0.187485040350759111132893330409
 165   0.048663649273919324067201461348  -0.827049588445118152823499591249
 166   0.518456537531221793367963871169   0.722490659656347536500382594431
 167   0.339176861409709315802737409177   0.240447378850014447107657423354
 168   0.300100094760499486082189902107   0.045160948380466461347797091922
 169   0.304581721507454310680918128104   0.653581221533091904204382406294
 170  -0.530458197666910407878121784440  -0.296408746457523846801325656164
 171   0.715805025573403021634995878167   0.071728388315687731623972129433
 172   0.334695234662754491204009183180  -0.367972894302610995748927891017
 173  -0.493622244391177990456938390369  -0.405332452564288582469757981918
 174   0.221946561462079826641094887969  -0.345411912558629510171923570942
 175  -0.677802010769840077562855360724   0.139286077969535095872403646853
 176   0.795440492442414534294141212087   0.454949495787708863966802220568
 177  -0.109572008760950188567068981929   0.634926490316396345833336519600
 178   0.185110608186347409219911493898  -0.236488206451864774503491245188
 179  -0.850526363023353326630546750444   0.259660726842694741189184527835
 180   0.182869794812869996920547380899  -0.540698343028177495931783902374
 181  -0.148653784668721759870103165740   0.439615011932705125084107029413
 182   0.060322354606087978866672212697   0.840507161295163365258665779201
 183  -0.265884084616351249031745686948  -0.146244279475938832195473964883
 184  -0.452304664368490748437026770301   0.094164114481572124718395006701
 185   0.074602748359150156956361311684   0.090282911868429432501805732075
 186  -0.392360319802339188052299340981  -0.736638718197981948804254612823
 187  -0.912769133221795621503072872655  -0.234891637814414782422992748926
 188   0.873373575261594307896131321724  -0.354316482981509849819327397493
 189  -0.714955713303920518809988727911   0.248101810259373883601956800647
 190   0.071104965954886846963625666048  -0.939822140563926424410371980845
 191  -0.215764434477366793740042626995  -0.701243062877878158207130717320
 192   0.818822549947231414548394484175   0.166330593804178038141412262303
 193  -0.751474138854523964772377626773   0.357132383040909946610341533063
 194  -0.752944748741292037923728513623  -0.362357998892646746952644454263
 195  -0.054497460189725466175433557748   0.834369463353760654548148790968
 196   0.454392132870404720857990548320   0.521897544677520232336720982157
 197   0.162228616906313409747636252290   0.787249533580793170490427011305
 198   0.185018374560731712454965859006  -0.924169775069770976432145912915
 199  -0.311961271716562014481411015034   0.889382784309765949265861352374
 200   0.011827695998186906646018067278  -0.718125882338353417155067265495
 201  -0.079463504864211749626464603595  -0.386652673433449789109342936468
 202  -0.748920659849000000000000000000   0.572108621961000000000000000000
 203   0.261023328111289656361642395038  -0.150125482089081524412063239510
 204   0.451925534610383980365651704388   0.217886397106032961530653103278
 205   0.380720500631992596565614332103   0.739744714493797554299046595315
 206  -0.541749006020866664961963444285  -0.596561935670667221818346197790
 207  -0.318112871169317734032919304217  -0.648840212645486126143487686162
 208  -0.339555991167816083874112475090   0.071603132737590639141390686625
 209  -0.601889290844897830421124459584   0.225648802332318345963831652531
 210  -0.189971364691409001890014785808  -0.059881555113155582104045959205
 211  -0.865258502452263537825419584550   0.373696796897795939855452033187
 212  -0.256640965160859261265920416064   0.767206322291604804449433209107
 213   0.460983309613288044169396754032   0.822080263925357662250033556038
 214  -0.813314278909754726273196134836   0.476278758500851047914883244854
 215  -0.111817831392989342448919771669   0.330691305825940389415674703659
 216   0.906848279265000000000000000000   0.256802513871000000000000000000
 217  -0.187730551317931589590650672809   0.244328581463157139324246697981
 218  -0.716944143979822478076617695496  -0.056329518338238917103246898362
 219  -0.155376224789153996768195504735  -0.473015397796233039200770942146
 220  -0.335074364420861259275384249094   0.680023405890216081997976000998
 221  -0.302720037892083666452929081019  -0.037320573369174096527041639129
 222  -0.410987084345803506417115150234   0.593660681527432831906547995320
 223  -0.648745409575217976907769374194  -0.683703858137928728158486591973
 224   0.705578472265191178388696529660   0.186256458295056110866166570078
 225   0.868481258548616291534474758909   0.366144610266787619028150708893
 226  -0.268124897989828661331109799947  -0.450454416052251553623766622070
 227  -0.300479224518606254153564968021   0.266889563207138624901251018057
 228   0.111438701634882574377544705755  -0.018640794238335303166626593680
 229   0.596663225345412056837824846186  -0.426444838495630942100803114070
 230   0.930086935120536995591772430174  -0.152511852640023691030806358744
 231  -0.155972875178434886009639522268  -0.929512794041146410784247012723
 232   0.341575067539000000000000000000   0.544710788016000000000000000000
 233  -0.672706522836221330092300261974  -0.279998492402068264539999248234
 234   0.486520674512638985487470985462  -0.195247445577044495566071879663
 235  -0.033502765755574289426210225737   0.721318660564123548922522126070
 236   0.637175563791405443831159576329  -0.541047834869950498917211177679
 237  -0.380873571190503325894024095158  -0.427893434308270068046762301994
 238   0.528064039421869555700357336462   0.304050132463990760999856330648
 239   0.530448325841381469888889948544   0.608133944860542402227350537753
 240   0.189592234933302233818639719894   0.371932066700760668353094069184
 241  -0.116299458139944167047647997666  -0.277728967326685053440910610713
 242  -0.344037617914770908472840701087  -0.536817140415034803715194627748
 243  -0.185489737944454177291286559811   0.548538718039469860752539355168
 244   0.299909030402000000000000000000  -0.892478407079000000000000000000
 245  -0.224566504593664007011834066881   0.353252287569921874992679023735
 246  -0.557850307698931674963018462429   0.631478785567956102502518226151
 247   0.426105576479054264856527412997  -0.578103800356750965639217602979
 248  -0.074981878117256925027736377598   0.221767599719175653747242377905
 249   0.528757833156000000000000000000  -0.308724259700000000000000000000
 250  -0.525976570919955583279393558443   0.312011526695101596055259658210
 251   0.447443907863429155766923478392  -0.390533876046592481325932211094
 252  -0.537160527757498043079322571257  -0.711454089767417417874136345975
 253  -0.114058644766466754748283884667   0.026481169249627667987382046473
 254   0.417737315793031441614190620885   0.630882339905061506982238767555
