   1   0.930337065451718419234077322679   0.171042718088928508080719977561
   2   0.560780460570955747578619112187  -0.420424491212020289622110952410
   3  -0.009115559118883384007392954901   0.692330083816439743011288476679
   4  -0.570913061740619430899366440915   0.435225765883114361829044761354
   5  -0.675299728111388044258695728026   0.406978839730482337776480400996
   6   0.524928237042469287624945389888   0.540084410027807469606280873784
   7  -0.725016186214587005431254016540   0.607564150103854443059412773523
   8   0.743921626933749062820645942122  -0.515553278852264455637465758054
   9   0.733509043877085273922437338215   0.597283139988973624642278216845
  10  -0.240045648974052082593187402294  -0.152021986736846590402147742000
  11  -0.583985949466137708280159177921  -0.344480125569800655174694443745
  12  -0.285483840186695528833809993486   0.415441576371238050848129351702
  13   0.309618460438172922215890447164   0.093737611996085912999282550518
  14  -0.411908140388160688865009462426   0.780660289305452100621394560767
  15  -0.466526395369850817540037153805   0.463472692035746385881609121713
  16   0.115503017529499356128870549841  -0.637937163792320768970976884570
  17  -0.306678173882318328155845038887   0.700769554127923176211390463525
  18   0.324276350271036582847529124062  -0.581443311487056720865848163854
  19   0.392810793113318736253184688874   0.407312515905403062415108022699
  20  -0.521987950486614693564899981611   0.254422756096201619604392140258
  21   0.814545584867048252301641907285  -0.260972555511212197322110311593
  22   0.497197459484087349612513975985   0.435559442058035086467672383057
  23  -0.107928205044901531221426701280  -0.019250092614442183210974890915
  24   0.018615218439498554005038459002   0.796855051786212126149896967406
  25   0.775562128606670773420845086451   0.027806177608473346903666630589
  26  -0.197656981582806483949117311492  -0.722677942250216841128669965645
  27  -0.156853316298906268555893160584   0.161552917172470559013677730180
  28   0.294420282215053198128841087776  -0.688046187432378611761480144692
  29   0.184037460371781509534526114652   0.350818663600139014309979301982
  30   0.371616459417695936931149643473   0.692640493662088187778369134521
  31  -0.601491162266318720111878393976  -0.730062359309173476627299727384
  32   0.945913390921857228084956539885   0.005524820293673008457201602069
  33  -0.762281934174493088999996538183  -0.560097241196345707058053573096
  34  -0.654798072026027555056422806699  -0.548194118466403786318822837506
  35   0.100845127696635695497231872942   0.037243759690821864894153829802
  36   0.024189238884249020150333999734   0.113521801507962223980197960170
  37  -0.323237981649197896630481644004  -0.465596890646163739817973214181
  38  -0.233509205111292943902791033791   0.237830958989610918099721860549
  39  -0.703075794043000000000000000000   0.302465890840000000000000000000
  40  -0.169926204024424545936685897589  -0.618152974280444457990061474919
  41  -0.362139728999082204180707866694   0.491719618188378409934173482071
  42   0.852218017419057448767742959658  -0.048471864208667012182377499779
  43  -0.875928340551659136202560394079   0.357116520176510918915139166269
  44   0.826382774105490229977757123810  -0.153481412136477758772850444629
  45   0.414005126808941535575219734275   0.121984538148717937051846910877
  46   0.468275122066910316301231116240   0.741133461069123313519354824503
  47   0.469466681925705411600082562081   0.331034474088262703329063892330
  48  -0.455355425578348448002242345018  -0.598368784768568147009146065267
  49   0.490661015621328210922117607482   0.045706496331577577965802780508
  50  -0.340945395303459404858672821293   0.206391640431693284570912370248
  51   0.199657773622653842711265619321   0.748823936121703791116417197396
  52   0.864471295684000000000000000000   0.383986418702000000000000000000
  53   0.673244169135008353212073130551   0.316667673742068409873404017630
  54   0.456393794200187134219289825076  -0.448671417364652313674675312768
  55   0.722471247653134979349415833927   0.220380812262193607568424127252
  56   0.643972793246101561615913353897  -0.106849587302703140206285480229
  57   0.714696658777166240846049830727  -0.619670358091556997378889190425
  58   0.622778459550478762293878308496   0.178478390453981985156975631593
  59   0.149770238950640432831698332246  -0.143559250096090877330498791294
  60   0.879947670028096747842005579990  -0.347094748990369253306882583048
  61   0.156306682813399571522094700749   0.246293695630366631171370811255
  62  -0.500793616790991894242864936210  -0.030905221660483505758868971564
  63  -0.024735872369755717184132459570   0.294324811294874966204850581266
  64   0.518391793179710148934549021385   0.150231464301349961104411271235
  65  -0.150316872436147129865496792081   0.551405862898928067515547332730
  66  -0.334408951440700266168276452791   0.596244586158150793072781972798
  67   0.135112349117776772200059655348   0.531621673387051756534631923078
  68  -0.257753062628313590821378579583   0.519966544341010433986737842429
  69   0.407468682946182396884823365772  -0.267868407577739571450022691673
  70   0.520907986245340909137787251019  -0.738028064373606863503046051280
  71   0.168879123577993810183507328764  -0.839183948423088811766387332605
  72  -0.200372421793942023355868781823   0.728488389960015745759424690917
  73   0.219889683900267969488199836951  -0.609690237639688744918412524212
  74   0.748359459616870174975242641008  -0.078602661150071116153721119871
  75  -0.617418083549115306149404465991   0.618386037918141465706170774022
  76  -0.543182284182237492886935027012   0.539750733852886744967653252081
  77   0.904735446483473951999781325626   0.276109468582503910420151090703
  78   0.379737905387800458872391951869  -0.372393375547511954588631182400
  79   0.938653992418000000000000000000  -0.117041713105000000000000000000
  80  -0.218851315278429283271152356893  -0.437349964493531715765408853823
  81  -0.003541538674132917862097414169   0.008996833538189840841589469443
  82   0.533049683012573809566187698284  -0.524949459181792672760719443137
  83  -0.417601284115846080205570694501   0.282669682248833643656956500617
  84   0.616242015687719623603481939994  -0.211374555272475523344893970956
  85  -0.810390420421056188284890464996   0.271097650281416907465956179252
  86   0.211768237930163447546957528555   0.455343631569911397448587792709
  87  -0.479599283095369094920829890810  -0.316233199417168631122130083386
  88   0.352007127829418520859960537965  -0.476918343517284337727239673127
  89   0.459327148832806387353234172378  -0.826922751597565250599800685482
  90   0.330812794133795721537925492565  -0.191590365760599212363978561304
  91   0.143233795087881294141301963744  -0.533412195822548385832368393843
  92   0.124331171145423700605492112133  -0.937723001022248059045109740129
  93   0.552623653630881563940177686188   0.644739731739673283021032072148
  94  -0.101391761182142392531030332777   0.370602853112015325290894711634
  95  -0.828478463301000000000000000000  -0.456285693570000000000000000000
  96  -0.914495194285582595222258859787   0.241828878327502928650441718757
  97   0.567316904433714886269015480689  -0.030571545485562781120241349861
  98  -0.399893870461584571977379517212  -0.389318848829023380731929083813
  99  -0.427624648019966509989810931115  -0.493843816798795763870537574540
 100   0.122039461392258494819266918343  -0.248084218065863260469107282021
 101  -0.138733242005520685811776030984   0.935700675604758396021087159432
 102   0.123131255332000000000000000000   0.827364571649000000000000000000
 103  -0.261239982669674881915222447695   0.133305991019838534961113369822
 104   0.288424126742550122893855401763   0.379065589752771038362543662341
 105   0.254156905321409046191027619357  -0.115312323943458853277934430936
 106  -0.660589103375000000000000000000   0.515946384291000000000000000000
 107  -0.205778427552911005890359619888   0.342355926959383301238330351276
 108   0.061039164165086399219762311262  -0.847246708924113522307671100147
 109   0.247620461458649907500631250855  -0.505165269669916361779804033485
 110  -0.350968759207579834642913057907  -0.570121858615936122956581704908
 111   0.386274349250559597562788320371   0.017459570178945553913238420150
 112  -0.606427654809667078286925143082   0.725967055896210033465651279959
 113  -0.783279052275341749208061857074   0.412889043294675830745137028157
 114  -0.519606157354804153763062596139   0.790437921663389185480403607856
 115  -0.184584093857288206568324574487   0.057027949202698175875069239453
 116   0.822513301473482170360838032702   0.179319243606318343333199638232
 117   0.511855349316951010244152652883  -0.239621481425107547397458331315
 118  -0.556255171907755770267727764018  -0.239955157600028272036085953018
 119  -0.438795617811468879527605739901   0.567997660005518769020217612439
 120  -0.577449505603378569589762809418   0.045372820156656853327175158804
 121  -0.121001092770419808602219438285  -0.798955984067357200214714096014
 122   0.260693349184168184881423987860   0.274540621782998655223935171614
 123   0.869257502109470552738058666678   0.081802862110813367543245732437
 124  -0.945856880954562891199148831269  -0.011722948241356199339391536033
 125   0.435199460504564334897254779675  -0.163343439607967188311414200946
 126   0.308335868452154148972333334948   0.780333319823218340936435594867
 127   0.095271107251885229351936332210   0.720577009969071767063852837038
 128   0.428663016641805196206858411173  -0.553196385334424696813283803495
 129  -0.368676172861841342871104235196   0.101866672461920901432303879521
 130  -0.498337284159788240016076724616  -0.697600960931139087879277392113
 131  -0.042738265443105958817519925030   0.885906806224523953408384091291
 132  -0.114464648907660669911823069782  -0.409103038340899691712844493465
 133   0.358543571692177659550356906468  -0.087065397790826829225370070577
 134  -0.473062839232609956230433522307   0.073619746309288877379739519163
 135   0.503452597252442021245906612916  -0.631305178598432163636601168802
 136  -0.274312870395193159296015184700  -0.646399900433076482042625835277
 137   0.371324193991171917073165613341  -0.764074164563204278452351609478
 138  -0.578142183213640879709524933492  -0.624472160283544145404866967874
 139  -0.037808760095273994564925196574  -0.485381080158040050798888623833
 140  -0.390480765174000000000000000000  -0.687821173196000000000000000000
 141  -0.247089246270000000000000000000   0.912419389584000000000000000000
 142  -0.507330060653751032933261304713  -0.420758167386941014260738574113
 143  -0.598643839299001368911797854819   0.330700797913341978690436270627
 144   0.659301328594000000000000000000   0.678255715300000000000000000000
 145  -0.388042151685417272292630277311  -0.816930367266949914646784362068
 146   0.361724757739000000000000000000  -0.873725735213000000000000000000
 147  -0.528524394349373832255296350114  -0.135430189630255888897477462291
 148   0.420541570671700674265616102777   0.511837483875175445553716513426
 149  -0.743413612468807725312707318926  -0.083956172181973202959731506217
 150  -0.065539537653655932577356610478  -0.589906048127812433937497114560
 151  -0.451868505536987156908398476906  -0.211708231447396247983521592660
 152   0.692897904500106298950379813201  -0.287652597089615882430938101325
 153   0.267229793046927323571820356362   0.664393567509456163725804774163
 154   0.331346923731302768654436906121   0.885997676576166817828139278088
 155  -0.225813536683211931991401200436  -0.827089020962929286219286205120
 156  -0.875243270846000000000000000000  -0.358778853360000000000000000000
 157   0.017652795021489881459937631232  -0.276331144218495284521671642379
 158  -0.288970760228056819927653861598   0.028781023050066151822504879095
 159  -0.804286050022230898936466761725  -0.276818267557311260542713198812
 160   0.441735904367323473587651148178   0.226509506118490320190455401603
 161  -0.858590961925400697321265223487   0.052145074501406940404719454582
 162  -0.052466649928137655196563873473   0.189799843325102583066242090539
 163   0.239499015488545385559388942459   0.559868599539683780587196283436
 164  -0.730761283228151920283558555833   0.197928903790937571499263419541
 165   0.303082016575413783525494078661  -0.296115333730371595502587052031
 166   0.798656875506817358503803805443   0.297128548786566869321059555003
 167  -0.684908057719000000000000000000  -0.652176463554000000000000000000
 168   0.248076018665047891280593251948  -0.912820330474657254522892428930
 169  -0.938337883816867623271473536772  -0.119602184589773740027292107499
 170  -0.142195426466042607924254483685  -0.513628006310672074851452984192
 171   0.170964572646263232153733377647  -0.428887227852776002693759903117
 172   0.448272348230082612278047516680   0.616362451844947828692325004153
 173  -0.411064840253086941515174325998   0.672522627975291152158826103166
 174  -0.185712746074152289571993241807  -0.927520049761815718531091668597
 175  -0.518754974645393407502448011160   0.662658556420330999005945643053
 176   0.706354401091619100498276856839   0.492607018890281149982677958177
 177  -0.424137727978605218895967063003  -0.107183263477623864844913101933
 178   0.607839263623210634605235900027  -0.603058252445800139584036808444
 179  -0.605180283161760507602194223322  -0.059152147813115529811433331923
 180  -0.549718728044996631577331395515   0.149897788126429236465783649531
 181  -0.727630161209844223589568888517  -0.353096309374451619628757329181
 182   0.066577906275494618794404090536  -0.457134154005408026746324263475
 183  -0.660641838278524383627057051129  -0.268202083752660296088650313376
 184   0.226426127763027108178596205454  -0.219837291913231236416542921663
 185  -0.848671223167120065973746682090  -0.059150923883338386845369866127
 186  -0.045930206065378516506167504971   0.579652789051560091568111693088
 187   0.588511238129337685591050526090  -0.315899523242247906483502461683
 188   0.539586126875332948256584066786  -0.135096513455335164258849840588
 189   0.629279542443268239287075559395   0.568461689922532923934987941780
 190   0.343885681859313998918718229570   0.588115525692315804639760643795
 191  -0.313214617745077466846241407390   0.310916608401465667709520860975
 192  -0.359189131892747776737090239348   0.875080473039307348553773486882
 193  -0.316701537786438757940085275501  -0.075743944919706231316103611632
 194  -0.495599142919964451544724900332  -0.805707239821984175539223042693
 195  -0.135658982603283469233858115183  -0.123775060584214566349583381642
 196  -0.129122538740524330543461746681   0.266077885142242942152286220907
 197  -0.163389760161665407246289529086  -0.228300028553986949488191872369
 198   0.002994905188626220828298954334   0.398849779264647349343459071993
 199  -0.246582092836811221283583770796  -0.541874932463304098904017344550
 200   0.107381571559394834187628241444   0.427096705417279373396023432351
 201   0.665855857828000000000000000000  -0.392358468215000000000000000000
 202  -0.843507914602986316823849192230  -0.171580467477617636020924302141
 203   0.637436349383342422925516985395  -0.496702533029160648708155082779
 204   0.205231794067404308856561160053   0.065490685843453888946718190160
 205   0.316154904300932060906286815666   0.483590557722543421501152153068
 206  -0.632911060720142445614625637225  -0.163677115782887912950041822650
 207  -0.837095307303656384958570993826   0.166305885482545761154189979071
 208  -0.937486156438400366345911727876   0.126104612330076130025031432961
 209   0.337349237996554860228321861067   0.198262579965858296137891041245
 210   0.772662620064983961653204270494  -0.360673519460731991746642261377
 211   0.058456460305390096853161782140   0.607899715204192115620676053446
 212   0.016491211732516289641747094631  -0.945785761523272769586393507671
 213  -0.080197427486519593208995287376   0.085274875355330199927633599812
 214   0.916844244465000000000000000000  -0.222979755462000000000000000000
 215  -0.073660983623760454518598918874   0.475127821081787708429503202361
 216   0.546122570738092086946980435289   0.254756432271122344243019761962
 217  -0.535060838212132970945692718617  -0.525283135356713397399347064840
 218   0.721715074382000000000000000000  -0.183410511723000000000000000000
 219   0.128575905255017633509663286845   0.141768727660594248032762320528
 220  -0.372163092903202633964948103308  -0.284793880859250997593320593086
 221   0.051920016442630958162765413638   0.218046769477734607118806450897
 222   0.399065930881673407886577325806  -0.659552104751064187689165529161
 223   0.275351239017031845513062664758  -0.400640301700143978641195542758
 224  -0.311386262873030596945732404104  -0.893208409084090273732828492436
 225  -0.654105394415765244936660682625   0.121650861973797212413219289173
 226  -0.611716727024519646292590591824  -0.449005093539573038313302934472
 227   0.198695350204645170166164791550  -0.324362259883003619555151412390
 228  -0.344432315344820695952516689404  -0.180268912889478614454712102359
 229  -0.230022285069931652808947165680   0.624491512310782817125346333156
 230   0.749429796988690732366461102066   0.393415410266441671626039445381
 231   0.038847128717112680781972676633  -0.561659121975180409884932754202
 232   0.011116351158730742769541262730  -0.666184089944952793023541244929
 233   0.272248548620955602041443909868  -0.807415616402633197269764102682
 234   0.625294652616109522497116538130  -0.709781138220974839450481690922
 235  -0.016374444011000000000000000000  -0.771584364548000000000000000000
 236   0.576025315984224772757541131064   0.750318267210546912391086709575
 237  -0.212314871415670144580755988390  -0.047497018767074207263539251273
 238  -0.093270315212037870589788024381  -0.694431016097584817076105605287
 239  -0.389870506557464142193139280597   0.387194650218606026795564991344
 240  -0.172641644235560085343437367920   0.833013357929788128898033181644
 241   0.831149684330584836824843476244  -0.451633556106865084156740113284
 242  -0.910496237534306156786361029619  -0.256474693099408959561031317945
 243   0.365080015554936798240753274970   0.302787547935630679276499531972
 244   0.671703570804483499628344767800  -0.002324619332930757067676989502
 245  -0.191120537720047345258720942989  -0.332824996523759332626800363096
 246   0.573853348296474024959411849192   0.359281400240894727381628252689
 247  -0.277028310606328698702766655030   0.804766431777156104845468821286
 248  -0.086733871349278731899391655879  -0.304578070371127308574236002738
 249  -0.737297727090911058973954924336  -0.191924041935519937002606183008
 250   0.595047681992096824281446894593   0.073953422484209602018367140866
 251   0.462930238062946272909686193579  -0.058818471638194805172805710219
 252   0.162843126676158710212491069251   0.636146641356824139673240413805
 253   0.155528885210505023329612137042   0.933055964361056547021621735201
 254   0.195344636844836883097119384303  -0.731387639271807530578892637896
 255   0.079650794001012896175196827541   0.322571737447506990257414941624
 256  -0.396406950420223280883535649100  -0.002658295507851481706304611206
 257   0.177501016509022370844129746150  -0.039034282126318494191890300567
 258   0.281887682879790984203459033260  -0.010787355973686470139325940209
 259   0.073114350138253757484800459039  -0.067281208278950518244454660925
 260  -0.719200589172985180236164323308  -0.460908216269514959052533670062
 261   0.602055511695000000000000000000   0.463749706776000000000000000000
 262   0.708933273548000000000000000000   0.113067622412000000000000000000
 263  -0.688821913639701417491630333424   0.009393768214507795167090010593
 264  -0.031272316232514855874528828072  -0.095528134431582542297019021284
 265  -0.085771447931270059354290828109   0.768608125633580102097332607048
 266  -0.178047649994529067877928205985   0.446880894929155684376938842003
 267   0.087772239971117418116439135937  -0.742462131762093152109585375297
 268  -0.059003093790896793886960241975  -0.200053102401354925435627512011
 269  -0.626374616857383306924229268722   0.226175829943569595551827779900
 270  -0.302469425495598607338299073644  -0.750810979145788927133242074751
 271  -0.267776426532434020605618816197  -0.256546954706618973540756232728
 272   0.484124571758569072231721238980  -0.344146449394879930536066822041
 273   0.430305418991379664998439925412   0.842389407074434231999335372281
 274  -0.295507204090815958618050230101  -0.361071922676391356679364723455
 275   0.094308683833876556806835504440  -0.352609186035635643607715772748
 276   0.045383572579871819472369045135  -0.171806176248722901383063151652
 277  -0.010077982536892056552493782671  -0.380856112188267667660280133106
 278  -0.494257172928232755552468567708   0.358947724065974002743000630985
 279  -0.081257230956886672631650911212  -0.899528795508726306143548067435
 280   0.048017729282669649055637334332   0.944709989594213999436271816939
 281  -0.758200112790656715933924489437   0.092346347653876571533878000692
 282   0.030725682747008158840730368237   0.503374747234419732482067562720
 283   0.814069674144000000000000000000   0.481574298927000000000000000000
 284  -0.113502225489651997366722242012   0.664083157663807718958724116321
 285  -0.789622980185357202256971533139   0.520843753853071238431086173993
 286   0.228333378869133277652569073621   0.853093656639323301303155484947
 287   0.232962571625786246868992573956   0.170015653813226272085326680887
 288  -0.445332061674228018218002108404   0.178144714279061260518348009890
