   1  -0.077702865346000000000000000000   0.761916185111000000000000000000
   2  -0.166512102601980822051622039070   0.200095693411185772382876381787
   3  -0.324282620896889944199729703603   0.454915226509739722763983938173
   4  -0.849949758173082111667388480630  -0.409302904181898891963836983994
   5   0.521340645832398506390691490478   0.662737650125523943992996602285
   6   0.608241478630605684923313859196   0.075464509978028442824896403775
   7  -0.010896723335801527898171967236  -0.685336354151736497792328115485
   8  -0.439943662551955160874634323829   0.527418101685285316992069140182
   9   0.940380623046660957565932332366   0.075018281695805440859670321447
  10  -0.640421750361108458259852639647   0.424858179195711646601064873701
  11   0.660113271719332116307797216473  -0.219679505876278980566838428649
  12  -0.745173243230375484892861844410   0.381779271190473143715222180375
  13   0.432542045148597810974533336632   0.218448353006382878093186332347
  14   0.151003933099447247256409100783   0.321098070378849428116826291136
  15  -0.116735401902944217667515680520  -0.725670479807624383036978085268
  16  -0.757657398829146025890572196186   0.562048685426511625411132588895
  17   0.360586197844042799794719528623  -0.228855835673877533421993403929
  18   0.450531006974736563769486788634   0.330274400176447980971981266416
  19  -0.555983985607963902539466986931  -0.368210872236738294866253263838
  20  -0.344306628473678523000779560363  -0.287542620924962524376953324272
  21   0.729974026634197300487234025753  -0.402997474560521301079778327004
  22   0.554274593152189426538453503189  -0.260013631532166865811488398432
  23   0.063154216358443310282018839501   0.392589991893026645750971255422
  24   0.115026009447169741666502196779   0.097445976038719222359236422998
  25   0.277426799246294756559080848071  -0.798529309682233687546711881969
  26   0.134956741633216439770040303467   0.839918788370799028374271802444
  27   0.590252516804466932128360407193  -0.036361537192036660053898530294
  28   0.536285631326050673743500051187  -0.371839678702231968690283332501
  29  -0.024755547021600627686652015753   0.464091556307338275619138913453
  30   0.576530393505497308194438268181   0.476194665747747713825086728005
  31  -0.513861802405479648930662919247  -0.671238210615441941145589237408
  32   0.342597236017904046999766076621  -0.340681882843942636300788337998
  33   0.414553083322459058179579884629   0.106622305836317775214391398278
  34  -0.466039176477270138564699726920   0.190919363613587219527721406507
  35  -0.301332665154890698282807477199  -0.847403333412482653018789369265
  36  -0.287628033865683790932029678187   0.792513991393876674320849182925
  37  -0.713694457263833023693294057493  -0.113400982038318756719168401197
  38   0.256842611666589937025752814068   0.361432196034737313361476260919
  39   0.432820828240332879806321893559   0.733398172814868179488559215202
  40  -0.044779554598389206487701872512  -0.278366291127363971521798348992
  41   0.308714404755316368410236171345   0.066288180180429889969741428495
  42   0.448435914585046736769109789905  -0.300347757188054751056138368215
  43   0.719266639930086606068883239670  -0.549458895017617186465636338318
  44  -0.026790592772250453692748420510  -0.166540243957298868643003414923
  45  -0.763102158417474236693534702441   0.269943581120273628602404552562
  46   0.502402800063462995153970145911   0.035130384322140557580246433992
  47   0.220864688014312431435845910063   0.137780101694607107603886392781
  48  -0.487107547952000000000000000000  -0.552723519006000000000000000000
  49   0.362681290233732626795096527352   0.401766321690625198606126230702
  50   0.077850883863000000000000000000  -0.759265446046000000000000000000
  51   0.466424876411185489564063241907  -0.188521710017989648177343434146
  52   0.204910771938823504646988862818   0.656585854789179148987233787088
  53  -0.306386934461493072102288001672   0.566756238577182384516876989243
  54   0.741431026475003174570828720468   0.203395709684652195016452601833
  55  -0.733953326480746912720444081524   0.105035435142200776422066733886
  56  -0.238467949906535833231435847078  -0.247208495269074639132303354489
  57   0.290725442929177615615282719343  -0.045537866989635212909053505574
  58   0.827275098944034753715651671925   0.129263685254419841818242450338
  59   0.929045770707000000000000000000  -0.163757548630000000000000000000
  60   0.720273041830177077489718975652   0.092125735032757869214716682841
  61  -0.378189459736266201590309465638   0.119427442099410001893576442221
  62  -0.673418983283011362504513306252   0.200765581213763157678014745907
  63   0.488164102927000000000000000000   0.553894523224000000000000000000
  64  -0.819556132727668743612207148935   0.467195038606667227342502740213
  65  -0.008801630946111700897794968508  -0.054714196787233765764208480854
  66   0.467163672758384546330364067282  -0.819574012304632841245834575665
  67  -0.132629271339393143462092133794  -0.206874369613186753887653384706
  68   0.728995771529552925034831443358  -0.129769168355175029671937037987
  69  -0.913780660585780937213942127892  -0.090917342286192650396542675929
  70  -0.362295590299817275795733012365  -0.399368668095027627255748258341
  71   0.148908840709757420256032102054  -0.309524086985653303911293343495
  72  -0.181535466082748845126837481774   0.832175492052415260357834266994
  73   0.289363114307000000000000000000  -0.678054818466000000000000000000
  74  -0.256456911732674586026389299081  -0.359034542439139742011098288558
  75   0.810630392171112619439816151984  -0.482516140744250775960135774024
  76   0.344692328407593874000143075350   0.289940274520560095727331296633
  77  -0.098746440076805464872562228518  -0.613844432637559280158183151199
  78   0.168290201825278512102229824473  -0.828825690268484136798462010704
  79   0.319779970730000000000000000000   0.707352824950000000000000000000
  80   0.043070162142614730486688388770  -0.349858212641541189155943313278
  81  -0.794770133585218251761432399614  -0.508216384575656712887747493630
  82  -0.062768516424527959282655324514  -0.390192338297429074400593283061
  83   0.538380723715740500743877049916   0.258782478662270763337836302130
  84   0.711848336070389668948654729078   0.396994946243337178195261819033
  85  -0.537995023781825149744513534929  -0.256384825066673191987458329769
  86  -0.291322112945000000000000000000   0.679028012237000000000000000000
  87   0.572263554978328179333406955191  -0.148187584362101762932693464363
  88   0.816845488270556862009221704640  -0.201261089869352247306082002272
  89   0.202875726188173678640892458061   0.025954054524542004725091458712
  90  -0.432156345214682459975169821645  -0.216050699410785306742808359986
  91  -0.024230620089378699713089069351   0.899497552668325295932054639558
  92   0.324608274191765294204812624619  -0.452507930014007739179583272067
  93  -0.130594225588743317455995729037   0.423757430651450390374488943670
  94  -0.114640309513254390667138681792  -0.095048322443121651008858450637
  95   0.130919878883618667461078650052  -0.421350134155718406790088277564
  96  -0.290339742995262264615919204356   0.047935520585232784259431477935
  97  -0.625844740522829086718903796211  -0.184892903552495974353313365483
  98   0.112930917057479914666125198050  -0.533176181325783509668883211633
  99   0.412457990932769231179202885901  -0.523999851528184956813728236353
 100   0.272736481103038862820329267341  -0.157363914159700315787848439643
 101  -0.933773838922000000000000000000   0.134198367114000000000000000000
 102  -0.204585118643948154641905941803  -0.654178558293447165402833120982
 103  -0.602049478243000000000000000000   0.726277993621000000000000000000
 104  -0.484499431867528939850065428893   0.809446575945725494132379714865
 105   0.604582395475917561664593543886   0.585929586163791397729405867198
 106  -0.398408829975319040438993288456   0.632791368010737664091895819753
 107  -0.520006061955686396949560082927  -0.144558777896608089108663395700
 108   0.686098864004830272269002758112   0.507292871253778235872199882950
 109   0.094941955231341161871171746048  -0.645002228495848612547678145703
 110   0.081608058477763990056254643933   0.939831678324213181176704609341
 111   0.853509156568263781442287413481   0.401827797003079977383662856714
 112   0.782905118006161713763022168162   0.308792898000702572632048857358
 113   0.626230440456744437718267311198   0.187290557148093545703691337844
 114   0.009187330880027051897158483495   0.057111850382831337114586453215
 115  -0.828389418455379944709751832954   0.177389590120388685418728925830
 116  -0.731683419089971776488247509495  -0.225227029208383859597963335266
 117   0.029118063066073750000696590183   0.799584662714911143129621832661
 118  -0.571877855044412828334043440204   0.150585237957699334283071436724
 119   0.595289493667117379654144240854  -0.731829131368630668346895504827
 120  -0.484028138303408891359653178922   0.079093316443522116648926472438
 121  -0.080757478250666712077608776516  -0.502018385467494177279388217130
 122  -0.112605263762604564661042277035   0.535583477821515493253283877739
 123  -0.573972947434102655334420438934  -0.480036919406803397745048197907
 124   0.274831573492728689820706266070   0.473258243204802416240271194989
 125   0.606146386240915857922936860467  -0.555157647386474289203223230856
 126   0.747962988460336053282187477756  -0.291171427390456198200983392935
 127   0.799199743292802287273140199363   0.501221736470931987435333395095
 128  -0.655490068095912610703840448222   0.312601271283962672790832373721
 129   0.027176292706165804692111935497   0.168937897552896439993381387284
 130  -0.078662385860976885077231777787   0.128603771897008554748731417501
 131   0.624135348067054610717890312469  -0.443331600216409186324428296787
 132  -0.218443942329747254430385990319   0.495249352165627608008633907956
 133   0.222806458374220376744430564750   0.768426866856621810740126838158
 134  -0.468134268866959965565076725649  -0.439702793750915512500398228124
 135   0.500307707673773168153593147183  -0.595491773042362174447873200639
 136   0.902166108653149267672625681906  -0.275753098237991765632471391138
 137   0.061059123968753483281641840772  -0.238032165471476086277148379209
 138   0.020371631023185920690962712239  -0.899154481286387120730093225578
 139  -0.521322723119000000000000000000  -0.786235227069000000000000000000
 140  -0.380284552125956028590686464367  -0.511194715265092730134543192410
 141  -0.390809709544775338411123794980   0.745799867434214640001560520484
 142   0.218769595624622604435468911334  -0.492842055669895624424233241850
 143   0.166897802535896173050985554056  -0.197698039815588201032498409426
 144  -0.134724363729082970462469132522  -0.837496526977689485915773019337
 145  -0.094709577327207692563600575103   0.647424489888958155006176928810
 146   0.631068164095000000000000000000   0.700762766183000000000000000000
 147   0.380670252059871379590049979354   0.513592368860690301484921164771
 148  -0.182559294068211629537990836385   0.718916411403135372640321893095
 149  -0.749672380916110529283200961497  -0.337053076378448962476758269335
 150  -0.545782341119097850643978037113   0.487083976029397431747419170398
 151  -0.376444692788000000000000000000   0.865002221003000000000000000000
 152   0.007092238490337224896781484766  -0.573510306981671394913533181416
 153  -0.594268777586191751743079692152  -0.591467376875582793318274098591
 154  -0.661822664175106592308810700216  -0.408544997892626180110903233621
 155  -0.186596156817809401846952489801  -0.542352511123382062524038186913
 156   0.011129101239934997205743138181   0.687758615544846040250826898592
 157   0.518296669499911920948546599185  -0.483665725872297071569078266570
 158  -0.430121299464032633969073416888   0.414581100853851837519333968390
 159   0.326703366581455121205189623347   0.178114227350494992848536362564
 160  -0.839792005047889602489787794809   0.064701309486312891177416764104
 161  -0.684749172890000000000000000000   0.648886581341000000000000000000
 162  -0.700626407165228687368539883495  -0.631716784938441108688662557462
 163  -0.607855778696690333923950344209  -0.073066856382430871474518431414
 164   0.182791671972345098845562007331  -0.716494150010025830181823109988
 165  -0.308328704821401017410872656358  -0.063890526584832318619363456134
 166   0.538274544730024523247324757736   0.774728322243289551529645678643
 167   0.186921810112684751852035410816   0.544759807619114046108438853019
 168  -0.096651347687115637872185229790   0.016777724726943451869936483432
 169  -0.414596370908158114214394264396  -0.847380261759738212656122926156
 170  -0.819533135830975713462637770777  -0.153735107694206641963818370980
 171   0.642124309893193363512843764471  -0.331505553046344083445633362718
 172  -0.492774237144383794613846235332   0.696485542084955444316579487368
 173  -0.553948939857314076533370582174   0.262420928027898849395889064538
 174   0.365573423103770511805053954579  -0.869654834466185817638362736399
 175   0.924612076034945137198334461023   0.187178972217945196307154539354
 176  -0.419732554182554244445447124490  -0.734233069153665497327513628977
 177   0.168992894925586000051362552785   0.432924117548914530995621225205
 178   0.097037047621030988871548744777  -0.014380071131345880519558511071
 179   0.862615616741066313397906636215  -0.381887099212119578427700653908
 180  -0.168607194991670649051999037799  -0.430526463953316959645243252844
 181   0.236758557450761357230422363337  -0.381016008499830521545438307781
 182   0.254747519276900110025375815339  -0.269189961329765418666643373712
 183  -0.150618233165531896257045585796  -0.318700416783251856766448318775
 184  -0.943187469220539504285760251247   0.018462304719923581978944000670
 185  -0.589866816870551581128996892207   0.038759190787634231404276502655
 186  -0.085467047543956769078381001045  -0.939488606942275005974743195361
 187   0.378575159670181552589672980625  -0.117029788503812430543198469860
 188  -0.202490026254258327641528943074  -0.023556400928944433374713486351
 189   0.378794617302080906922789875148  -0.747999783305342541994582623065
 190  -0.682118494327195688717469953434  -0.519975455361405575684129134305
 191   0.670374244539231129756461281384   0.291597757927286800579665563508
 192  -0.360200497910127448795356013636   0.231253489269475104772371376290
 193  -0.450145307040821212770123273647  -0.327876746580850409621603294055
 194  -0.855298507648946710665466411948  -0.296165560867198679434127277280
 195   0.520391761889601747948923597914   0.146956431492205660459041368061
 196   0.116967779807077686975086851466   0.728092741200733925495476868375
 197   0.430446952758907983974156337903  -0.412173804358119853934933302284
 198  -0.006766585195461874891698563751   0.575917603477403378497933847522
 199   0.713442022522599852429444609739   0.617206561281617932415586652773
 200  -0.502017100129547644154606630924  -0.032732730726542986229868461631
 201   0.251449270598000000000000000000  -0.909238789687000000000000000000
 202  -0.060673424034838132282278325785   0.240429819067073657627526351570
 203  -0.220478988080397080436482395076  -0.135382448099009536253508420420
 204  -0.311864800061000000000000000000  -0.696260921291000000000000000000
 205   0.025081200316475977691734936768  -0.461684259811606292034738247347
 206  -0.921058678860689784704362000824  -0.203946975671663717045398961255
 207  -0.907189550627036096972032299530   0.258748097622637174936551763771
 208   0.127928425370172832290358701467  -0.934653827239008093381248991212
 209   0.081083131545542062082691697532   0.504425681963226160863788883236
 210   0.216919684769629873933924867073   0.918090033248189593182151385713
 211  -0.646991166568804330370669079509   0.537931210215287510281375690967
 212  -0.272350781169123511820965752354   0.159761567755297887138226412004
 213   0.200780633798483851640515459332  -0.604668102839960727303028175919
 214  -0.643833702348967839513857248213  -0.296718950722561077232108299552
 215  -0.292434835384952091616296203085  -0.582686636779269947768688156696
 216   0.238853649840451184230799362065   0.249606148864672210482681326850
 217   0.702284080004038324694765523650  -0.019700312137307233664078251228
 218   0.396564121496320305384626432627  -0.005203741333747327664403535791
 219  -0.132087267289886445694628096831   0.934075164325712902399062184345
 220   0.045165254532304557487065387499   0.280763944722961542872176321353
 221   0.306619312365626541409859172617  -0.564333977184072842058378206137
 222  -0.222574080470086907436859393805  -0.766004605463512268281628055051
 223  -0.028885685161940280693125419238  -0.797162401321801600671123049555
 224   0.895515108166243402853091611686   0.296641449963114301112525958907
 225   0.133014971273308494461455648781   0.209272023208784325238031357067
 226  -0.184501064428119574846575491072   0.088269646241120669504081447718
 227  -0.148523140775842069256668587067   0.311921740581250875261671315856
 228  -0.398273513952094781385639916369  -0.623020762435157833013338126479
 229   0.184886764362034925845939006059  -0.085871992645523098153703475357
 230  -0.396178421562404954385262917640   0.007601394929344899014781508152
 231  -0.274445873558813338821342751083  -0.470860589609204844889893222627
 232   0.842324579393275757905901282693  -0.090900392658687209532500009159
 233   0.582524527798227192782071020102   0.363089679441464018213810527794
 234   0.304769401510633810908315128355   0.846598111734012375548006421428
 235  -0.414167383388543707180216369643  -0.104224652240720203864013425917
 236  -0.695705495437694270898340605491  -0.001574934868253653840373467128
 237  -0.552351757326793722754794476975   0.600157007048973295427729987665
 238  -0.869640842846876974622002314491   0.365606705686302876468668755887
 239  -0.213482948413886761308417215917  -0.918895254926659870652934333550
 240  -0.200548255894350382332944288387   0.607090364233070269761526959026
 241   0.292760488679827441621379124100   0.585093933275001931353088822802
 242   0.468519968800875316564440240636   0.442100447346513083850776200486
 243  -0.619867501449688706450241417088  -0.711131309560152636619884339400
 244  -0.268929617096723976298366284126   0.904223600575890130606400519404
 245   0.484633295869223596692133588432  -0.707665657649454656749932653282
 246   0.398599167246970131390722837385   0.625428058930889816597738792585
 247  -0.254361819342984759026012300352   0.271587614925362990017021346073
 248   0.942593443246469101924239530200  -0.038223808535818347107589194015
 249  -0.042684462208699379487324873783   0.352255866237138760506321285639
 250  -0.448110261290171386764026868890   0.302755053683786734640539034321
 251   0.079048085794892236076595292774  -0.126206118301410983398353445140
 252   0.678706110115819869830795820666  -0.655211015537490838287887691997
 253  -0.326317666647539770205826108360  -0.175716573754897421498158390203
 254  -0.236432904155886007225339442321   0.383423304995562505129838973887
 255   0.809286137117896000920698219923   0.017437638084354738939447516269
 256   0.099072093371680814877645149534   0.616251729133291263742583817305
 257  -0.801544174004836960667684318775  -0.041909060524141539085023436911
 258  -0.535959978031175323738417130172   0.374246975197963952274683998607
 259   0.484413838237324242359016693909  -0.076695662847924545298548500077
 260   0.394469029106630478384249433899  -0.635825898698250059692523170423
 261  -0.342271582723028696994683155605   0.343089179339674619885189004104
 262   0.418029484391488412895444665701   0.845691911377662292420721990855
