   1  -0.267512524562650609173005087411  -0.127856097757371816858193391993
   2  -0.146792203486125589976900526029  -0.634216361592054225978024396703
   3   0.889528191570447424031229987366  -0.319883276119175417317663439534
   4   0.813674148471942661575297677907   0.481165350007444159405145138006
   5   0.036060599387838604341845176097   0.778030227594871741755189428538
   6  -0.035588090180764290759493008594   0.496160446717533658554409233978
   7  -0.702948473283000000000000000000   0.399517945293000000000000000000
   8  -0.654121014769030468066417635500  -0.051359967637254711827625134650
   9  -0.226630063857928721299566510540  -0.808014107053688610422894315438
  10  -0.316131436351061522722863498255  -0.890868468905450694394640679566
  11   0.812135566865339297760026608086   0.287498584260039883260232628144
  12   0.020367416788192981102031164092  -0.158088371347911041290501272042
  13  -0.465660506400805072909388091768  -0.035029804492756703326093223654
  14  -0.054272152993540501418569518659   0.714174779330300550286093978898
  15  -0.644875664832013722852584737975  -0.160572954170782182343323778369
  16  -0.097390636943660461425236848151   0.106339107897163407207233557048
  17  -0.007658677430971334886583601005   0.168933127571239296307025845339
  18   0.204552991609472423359675268012  -0.273246366097032949359331032982
  19   0.410151854473267898164845734482  -0.478919354206773070488304422932
  20   0.473748870147539802975635009451  -0.085464307074805282059954168110
  21   0.162463210188018812861184638255   0.403128333225774520372452794379
  22  -0.413199991044297007573182507244   0.463798700633996993886924825736
  23   0.733602717279219077262056495858   0.211324918253805831105265069221
  24   0.422635008326000000000000000000   0.700590486802000000000000000000
  25  -0.340643953308281383902142677103   0.881786488337076213948622485781
  26  -0.689426511962803946458241917369   0.513401409987217625010326436733
  27  -0.673053838175976281859603993650   0.167009475305385880721705588405
  28  -0.628871908173852934244656867953  -0.384802188628500769117992349776
  29  -0.529910155364491455379719957103  -0.782803258284549912432535443699
  30  -0.880654038297016061650680133399   0.200358280322137165660409214774
  31   0.771131458940791945348986761517  -0.224359338540208568764126361101
  32  -0.048069229462693206736911506366  -0.681371533704073655846132447950
  33   0.044801837925536730449621983519   0.667761632697992993520043894728
  34   0.431659088726086192477144379694   0.590910392248002187671829659250
  35  -0.583321878663287155320950746504   0.229603494979461769821497876695
  36   0.706543828722000000000000000000  -0.419448785217000000000000000000
  37  -0.456069714400247364445739988650  -0.144392081129013850009581574248
  38  -0.635533633425625617523046482943  -0.269580120477165628209166150829
  39   0.748011701233000000000000000000   0.376150935511000000000000000000
  40   0.530733079645163424345335881872   0.544497245615694630905779575081
  41  -0.422820780835000000000000000000  -0.845455651303000000000000000000
  42   0.312969013934937760557405025223  -0.428666679035723951991223489612
  43   0.492432932960316013634711519515  -0.303478639687572173791638913031
  44   0.459685182945250508465759144791   0.263888893328851850074302541870
  45   0.648491133377016866872603894115   0.280069766370620182408044745991
  46   0.223237054422248634018751778077  -0.491260698709799841091015777902
  47  -0.144004112506229627957222765805   0.651580759656224661186301690608
  48  -0.127110982496623602159999037295   0.912264576115057726372782296541
  49   0.464406838741151697646096754419   0.023542859231578163805888204350
  50  -0.512273981963374239441374009422   0.510211847266304550652974909906
  51  -0.599694552450114819919588670223   0.575995429661293514110118725024
  52  -0.134662081099841522627684510773   0.542573593349841215320459318147
  53  -0.663711806769588176530065738618   0.058002308999002434855863215945
  54  -0.276854555969038714502543342444  -0.018848931450988370992351019533
  55   0.225927812589833266587053771859  -0.851771481643503353527403613674
  56   0.558759173864327740333950646969   0.217475746696544293308252457701
  57   0.194803997277301473258853484332   0.925006549481738725743724811019
  58  -0.205709977799754438507261247855   0.261965241062998434488982284937
  59  -0.022723764756992802111589866273   0.945023462383128393265608224481
  60   0.034431103990482275611907028752  -0.507441571751568173424757982023
  61   0.025089072584094170282368773720  -0.398434405445184727558915609563
  62  -0.338311660668393921918471976407  -0.408819560374088298507316403337
  63  -0.385173896825132691584567742147   0.136777201714846656289397708356
  64  -0.778579549266776803631332447165  -0.536096632523344531311444079397
  65  -0.564637815850510944661874236440   0.011589162366694878089813131775
  66  -0.057060243973436463438247278883  -0.571622341917978336878232108413
  67  -0.286196587375426819832081597476   0.090158234855395074873491352927
  68   0.195210960203084318030137012980  -0.164239199790649503493488660522
  69   0.510928648370636408807473106512  -0.521508949986878673793827875261
  70   0.351269160619785171268029387580   0.419309206267542852706194998500
  71  -0.026246058774376185429954753562   0.387153280411150212688566861518
  72   0.638352357583869043981362189262   0.564193104898729479448111319975
  73   0.374674879228462571107443507273  -0.039051160442497725293904083941
  74   0.152534595612266849878354075507  -0.932908843928885399301749190608
  75   0.303626982528549655227866770190  -0.319659512729340506125381117152
  76   0.683919010023236281028578007449  -0.530097280295259179391743487962
  77   0.766037469521893467615186460427  -0.115071246193669595742203369268
  78   0.696850499937978354273478880758  -0.638737109204966157761749793262
  79  -0.346060536541367875838500385922  -0.543860870224325687055804749867
  80   0.052023808944043972956307836264  -0.725544144216164923575121677408
  81   0.082073282081717791652069646141   0.231527147245315185406818133629
  82   0.181147273000795023520261148320   0.185114000613007628640768049459
  83  -0.602005941476063365980027256568   0.447617827592228661553182621616
  84   0.153217860251002067647351740730   0.512341319759301990888151438099
  85   0.402700973447626887096058272369  -0.366072659361648062891431201321
  86   0.747150524294431000970789111904   0.102760224259745060814301170656
  87  -0.592663910069675260650489001536   0.338610661285845215687340249156
  88   0.289563295326260360717990905530   0.029693687674316626008875592829
  89  -0.187122596456349587963890095297   0.043745088223087518107441268758
  90  -0.573979847256899049991412491472   0.120596328673078323955655504235
  91   0.554138798253840824184750001565   0.086136878905654052905680492640
  92   0.252195169700707939399837885402   0.465722352899850409472245082670
  93   0.945241584064538678868469763195   0.010201063399905491634868389187
  94  -0.762970506019000000000000000000   0.104201078064000000000000000000
  95  -0.743852974281719594605070882646  -0.113953987311330600927417422940
  96   0.591506923879393245502903021694  -0.349891786319879730557688997200
  97   0.133505094909559507480098530931  -0.553854718383875730190808066193
  98  -0.637021526012395389590954215912   0.698419135860527734361448716103
  99  -0.848507289799243967952091905474  -0.068166755359584491162165618802
 100  -0.375928546888115946370734844622   0.027564215181319185773699064637
 101   0.618380972540102124110067992274  -0.714976004310413690553278780786
 102  -0.211079551143454711899192481868  -0.921428856194771512596718882364
 103  -0.446727682993859259116201733618  -0.253399247435397295875423946708
 104  -0.935688433449000000000000000000  -0.134377432477000000000000000000
 105   0.441001120132474297806682634726   0.481903225941618741805987286790
 106   0.242949819763691194186004987876   0.574935339433377879987943726389
 107  -0.626733286222335737089109346156  -0.494188029362546274174943730875
 108  -0.063593806842107229224157068335   0.823183690096682310392019020857
 109  -0.427488943595134955156711908182   0.690224565495930103794282178690
 110  -0.484247887744209923452759244326   0.183190348347154213055447792526
 111   0.114821032096783296821022020866  -0.335840385771108838459123321273
 112  -0.138413547114786050870631897104  -0.743301805049724101505168769450
 113  -0.851669069997350674308958183026   0.410177411797840265924094027874
 114   0.495542278036522864610716652403   0.804999108457705499849402986479
 115   0.501774964366704118964249774547  -0.412485805993955619657481285491
 116  -0.304783968718831670375452750033   0.308378387695305991255032369107
 117  -0.527117611100160280325316725732  -0.425000433415856630841058607458
 118  -0.257921732562092900709356984293  -0.237218374393628963541681742587
 119  -0.356995723481170132577548486472  -0.190805227761321406775631658417
 120   0.681238883392082372041556268840  -0.287297766645803841457896708909
 121  -0.333087862233390870089981271411  -0.782783708285636434128772654953
 122   0.369953223432561381927105897644   0.201294873654775960974510253580
 123  -0.069364542724496145436622083054  -0.220682391021986930390293560332
 124   0.483090901553927908305173264483  -0.194471473381188727925796540570
 125  -0.834403018173314944407342729798  -0.333142810647672086681637113445
 126   0.433228207589000000000000000000  -0.600233018612000000000000000000
 127   0.834445219682177712598031022960   0.168891139656386982346311633531
 128   0.043720908468533384107028120273  -0.944285018467418744473486741007
 129  -0.177780565049961482634351840265  -0.065262078083295927758401103702
 130  -0.713453158026717099480590200315   0.620137327727521552620763028386
 131  -0.625846363312077765889620036873  -0.708450452373610948540244248110
 132  -0.347653692074782027248010231439  -0.299812394067704852641474030877
 133   0.780473490347180050678525016548  -0.333366504846592014629968733561
 134   0.134533797438225856988275230666   0.730355652372068882619836183019
 135   0.091415313488105896981607901174   0.122519980938931739540975761169
 136  -0.734804651735212122450648475287  -0.223589895638367318643583502542
 137  -0.852407060577419772358054980925   0.041170464491768809023313802192
 138  -0.017000708837359440216121856037   0.277940293877622742172868217799
 139  -0.153337465880381470415714311835   0.760606445675347663388261700483
 140   0.912978069268297933096001135188   0.245064805662621034501279192454
 141   0.430033259502498436353331143721  -0.841817741355564489489970625489
 142   0.261537201107096044729376140434   0.356715186593466963606402710210
 143  -0.431503756937042525250958509994  -0.734990952279885623360418802763
 144   0.521391048238775319015797626840   0.653504411922078076771621947541
 145   0.360611192026173276597567642612   0.310302039961159406840352626040
 146  -0.502931950556986134111835754390   0.401204680959921104787132537446
 147   0.280221263919872255388452650498   0.138700853980700071874717965290
 148  -0.246986545622290643970308883743  -0.590274016856633243821854834036
 149  -0.428043620181083048457125223553  -0.471413580048164187607108691628
 150   0.141776832837457608238779983450  -0.662948321352141711537161424217
 151  -0.115978018287065311968608000709   0.324559260737074323588774573227
 152  -0.233736072018918754495876012951   0.588986739982148772086509402317
 153   0.063485900738312941108698493584   0.449747300085226101788359149808
 154   0.213895023015860528689213523044  -0.382253532403416395225173405442
 155   0.329886020221858790431791036051  -0.885867330699981624891847347294
 156   0.300378271498598831775633042366   0.896302743469438055143034209346
 157   0.332726325109276385269830140779  -0.556218275671766151554981428557
 158   0.270879232513484150058914395466   0.247708020287083517740560337750
 159  -0.493589919150598028782297499358   0.292197514653537658921290164986
 160   0.384016910634850676436981762304  -0.148058326748881171159746456401
 161   0.284942919715773444568790260126  -0.101645180116573614393696372231
 162   0.653212789172918056052941503744   0.039723732273346496139630408471
 163  -0.449270424350000000000000000000   0.831708799818000000000000000000
 164  -0.215052009206142543836799502887   0.370972407369381880354824657397
 165   0.563480829660228929514288256598  -0.022870287400729392960161879820
 166  -0.156134234892513695306438781062  -0.525209195285670780112182024243
 167   0.011025385381804875772492909060  -0.049081205041527595424658899582
 168   0.937871126980665966474695141979  -0.118251693921663414375577665462
 169  -0.604096711404036694378304271756  -0.601227374172952460455781776254
 170  -0.196464627862737693293428350330   0.152752254529470963973283641218
 171   0.240850823756534840106971485628  -0.709361467984449268303211508386
 172   0.232579085828636739348290033109  -0.600267865016183286956858150362
 173   0.704349278804046663227658604379   0.476933479375792761047770302459
 174   0.846609840639411680284954271440  -0.420520500893639182382933390810
 175   0.143875828844613962317813485698   0.621348486065685436753993810559
 176   0.393358942041238781766520017337  -0.257065493055264617025588828861
 177   0.072731250675329686322531391109   0.340534313551698631272660506089
 178  -0.798571335928295629810277006344   0.505835482516820331125923373911
 179   0.572822861066617034843826511630  -0.131877453707112838826004252280
 180  -0.833582985818276187944293903032  -0.176550799423409445741470059355
 181  -0.295441937312443565045914495001   0.199371221388922545389189996646
 182   0.190489304407183128849799403352   0.076106834306624182774925676999
 183   0.171805241594406918190722893288   0.294121166919391074506610421919
 184   0.936927177914000000000000000000   0.125095647063000000000000000000
 185   0.379295254838949487256644152677   0.092287707348392515108667881120
 186   0.233607788357303088856466732844   0.683942505739761325853786098849
 187   0.639149101970628761543065639083   0.389076932677003628273887118451
 188  -0.065331981901334564196928731403  -0.462528738949712355531878750388
 189   0.671896851985694266712018013808  -0.178290600339420395592054336449
 190  -0.555143705319324596313931490829  -0.097978934496706293243531490078
 191  -0.522113627764321521759679434125  -0.673674664349113959904477834494
 192  -0.403857959637908902243644252212   0.354791534327613548021082453276
 193   0.427388176377075783910776552688  -0.732442975562877717519777417583
 194  -0.044930121587152396089031263627   0.605167613023917104420251606438
 195  -0.126479308013553484038973553534  -0.852055700584643179624945987961
 196  -0.168438533643573377304813585233  -0.174269244389679373624243476163
 197   0.585236169063734082122865671930   0.742350550857835419954721741756
 198   0.748761076380000000000000000000   0.577009339415000000000000000000
 199  -0.158847741643015668841165482115  -0.283631521025936520307731826756
 200  -0.356586822918865994205061941537   0.773547582367340092370116025660
 201  -0.711422126127149547980198742159  -0.622466282135870676731421501294
 202  -0.684736719621412185177716615369   0.279513845820076995864307802892
 203  -0.722859223665059098645458739791  -0.441942072507464033442243032640
 204  -0.065678432731348539124528611606  -0.943012225484527299271384723617
 205  -0.753195005688107699934609137678  -0.004946821004947155061575050480
 206  -0.164405972820411796065120233582  -0.416115592317404798765828666219
 207   0.332681779276380320724658235022   0.637529359107453769087736014679
 208   0.294284951122161549898328515158  -0.210652346422957060259538744692
 209  -0.910407942396359095325889742394  -0.254446639515940419864949166679
 210  -0.078706574130884250766160338087  -0.111675224715603484524451187872
 211   0.126584591670611670810117530278   0.839473231087001929187842089588
 212  -0.125320049693453417298146255741   0.433566427043457769454616945687
 213   0.540075111051551529674874136905   0.435490079309311185039937202621
 214   0.001683353975416770442954654027   0.059925961264855850441183472878
 215  -0.366586515481727841041196589590  -0.081442951125064260092143307823
 216   0.100757344894494002311146156206   0.013512814632548293675133388709
 217   0.105479000690395191491483765833  -0.226833219464725392593280948813
 218   0.853207450967301914399473103733  -0.048955966630223543441268332903
 219   0.340998063037174486028511593298  -0.665311878640032132901334786581
 220   0.110099376300882107640684411238  -0.095494351673835152190708983751
 221   0.389881179187522243668565639881   0.833381639123014394353603233872
 222  -0.314126000125219775704991005065   0.417385554001689437120874741567
 223  -0.248579701155704795379818729261  -0.346225540700012409407524115047
 224  -0.394515928231520796914105997179   0.245784368021230102155240080816
 225   0.124163063503171402150560275898  -0.444847552077492284324965693733
 226  -0.945145985158768052824686505805  -0.016875445996744296596870195989
 227  -0.545801673912936490984393235796  -0.206986100803089739109373862538
 228  -0.243078103425306859825414267984   0.697993906288532217952351774777
 229   0.233339366870000000000000000000   0.809840686310000000000000000000
 230   0.792350909091152021234040381760  -0.515524733452966520910714278877
 231  -0.893358453626956018442815713707   0.309024897496271498423522924570
 232   0.549417142457939635004412391937   0.326482913002927739174094830161
 233   0.863820242304820251290084248749   0.383927470915756252183502098062
 234   0.518087844862555562817015781322  -0.671259595519196358883296084411
 235  -0.036277313114271196212206514121  -0.790140952962325181267781043426
 236   0.667090654455912811027376280463   0.669757995605061191806973726869
 237  -0.517775579693772174995778470699  -0.534007599722240076706900979919
 238  -0.224394040612530649166337757919   0.479979573675765326220667029857
 239   0.600848955285781350832441276726  -0.458898952626263176423531369660
 240  -0.772050136128304916016382443470   0.213588106121235905847421595894
 241   0.847993026697389636306763639006   0.060326445662326212055347734967
 242  -0.939120232884238935967577815225   0.107883743570475247565267543728
 243   0.151097799863121204824499338442  -0.771957290848472480341171761577
 244  -0.435792496054057002377153633067  -0.606454889898401576155597038158
 245   0.199831335813571234179337658384  -0.032900331999759263090916695461
 246   0.062796677804806035655984988057  -0.836554099594632738033831127596
 247  -0.423995575212000000000000000000   0.574867679053000000000000000000
 248   0.879709388659815862262599848357  -0.210918020343090289678171140971
 249   0.528552810609000000000000000000  -0.783657176001000000000000000000
 250   0.323339747869992215395119979990   0.746536525413837214953578387140
 251  -0.784913114770326049533520797292   0.323497089355702547610509492350
 252  -0.332810062937995986364067515130   0.635399886614456328852559486487
 253   0.341927129213397065938491132548   0.528316372573926298572037370960
 254  -0.236477260823013785765435247036   0.915239978941573302818689434162
 255   0.086620267874131684183470158111   0.941319628570838261344577689686
 256  -0.536459642506548385654854980764  -0.315993267109473184975216234998
 257  -0.106732668350048566754775103183   0.215346274203546853073075929508
 258   0.469027214351638613795297399823   0.154881727022468404208460169410
 259   0.643870757766529950723403248712   0.148730898579729942005472780931
 260  -0.252420130433598396068354511470   0.807001072971837181240182974042
 261   0.582164892473005140173364766661  -0.240884620013496284691846624740
 262  -0.542362623436000000000000000000   0.774227566767000000000000000000
 263  -0.256328577028678749299847138775  -0.481266850550249797956012461576
 264  -0.345182625226778005868432708937  -0.667771177829173239611538006427
 265   0.662653030046000000000000000000  -0.069275033940000000000000000000
 266   0.752364948564343279063498576631  -0.006522188032804694682314897213
 267  -0.323468031531607881034529260098   0.526392720308072882986717114027
 268  -0.474905856337821818123220989294   0.074183182040770767189605420066
 269   0.327240937096436137989236445018  -0.776492564907294852921654139388
 270  -0.533476770350119087150896664359   0.663087571618550282595158281982
 271  -0.437385651587471153786663478586  -0.362406413741780741741266319168
 272   0.054143869331924835779160238552   0.558754466391609547654201522268
 273   0.015747041177706064952830518687  -0.289427239138801281693073237103
 274  -0.724997845616576295801006261588  -0.332556231773418528385291651541
 275  -0.240473699959374520218783223540  -0.699486739093177255067914844465
 276   0.042702841918380376370588481272  -0.616535174719834154771111340047
 277  -0.074674013307722669526466986435  -0.353521572643328909666036377928
 278   0.594108664937842926619062978090  -0.592578779737798503374486021910
 279  -0.835307676972378477745843180996  -0.442545815402581615752176657388
 280   0.450343151538862403136220889758   0.372896059635235295940144914330
 281  -0.088048605537272356095698593119  -0.002668058409220038658608815412
