   1  -0.010761557281292900161360702036   0.377820102563160934521178754644
   2   0.690895559444607734011300056384   0.154161203492133060204782529970
   3   0.619152749477000000000000000000  -0.100544752731000000000000000000
   4  -0.850675240249070786270403667161  -0.411235328845002375595898173268
   5   0.932474728645443013166381167057  -0.152491771911401711631434733385
   6   0.648428478942972286175969051500  -0.445198088825776703349286328336
   7  -0.616487911056130373771585478387  -0.291377156864030091992468254613
   8   0.247243784276976278596687207018   0.680355484245521500927417080230
   9   0.037042275739792936346129083787  -0.912250115922250260472217597067
  10  -0.506349567392564870332886510889  -0.775056913220750605073743132228
  11  -0.067658334295571857623000604040  -0.015654206433958300647954739209
  12   0.669203771083685500369594718608   0.373646741109136844946668718593
  13  -0.214452825449504448347627135687  -0.473274015820630272736513457827
  14  -0.627333805236636998431581265427  -0.181634388055532697168043145523
  15   0.146780811516941550101967148355   0.725834048762737480282690545075
  16  -0.526870832476554484328557636714  -0.227112952572743823391155279106
  17   0.157626705697400301783495215088   0.616091279954235354164675865044
  18  -0.347636102450062086840342548017  -0.098585342866952483676307169266
  19   0.725372533349622620339846172472  -0.269355887687219629773488962405
  20   0.746868090502479767728572260977   0.059144444479285191059124324581
  21   0.111575822863580096003383379818   0.112874202148613992877527691161
  22  -0.340114657310818413655398622651   0.621091275122361439359433013851
  23  -0.727796777996691565995093853342  -0.136155823538360542675072337362
  24   0.179318494058317805146551348556   0.396605742337231101928646504982
  25  -0.024274757573689282216656217783  -0.454625281667962103900263818588
  26   0.233730583984579896541391691270  -0.152089899985601537494025493001
  27  -0.426225240692646006013077863067  -0.272573315370291137525175026238
  28  -0.078686847499904358415169859492   0.094070360654875182041261041644
  29  -0.092298064328552216489850943558  -0.738238117954850504327816282735
  30  -0.659871487778170974838892898816   0.147593918369958093560240068888
  31   0.470044137181884003256151347534   0.369931019313758579928492551902
  32  -0.021607451461751651842888768770   0.487562871371663060639193434675
  33   0.165805293765921423091255832808  -0.435839641893891936492796068248
  34   0.432786168143075380052514745735   0.705038180636126629573866608039
  35  -0.290556703736684043105523611869   0.294907164119206618922187900219
  36  -0.550294464015076950557330900549   0.647719585274758011378703761979
  37   0.448169729797045735586127324342   0.589398355211089542216870150538
  38  -0.655623639354275102847021518816   0.680382615579592068204407229566
  39  -0.096469107015523897831898772158   0.939923705124356858087433852328
  40  -0.124835746869928471534435143758  -0.409009811529344125973772242642
  41   0.065342321005886694596535774146  -0.390361077376675957137522603402
  42  -0.817413856576239508898610654218  -0.200420027829685783006526638292
  43  -0.071165405035886022392763779552   0.813746982374817881076438548307
  44   0.559554143097897497429788233342   0.434344275459099388591459080353
  45  -0.190093730976649314610803553206   0.249428599601990639566914435373
  46   0.524273608094069772126986700040  -0.178782824707000799227167460382
  47   0.244576478165038648222919758003  -0.261832668794103663612040173032
  48   0.057163732937365573288775156425   0.661569844471451333519949329891
  49  -0.258019021195260772864612710661  -0.034321142306295112913003277627
  50   0.669516731082223111078297163702   0.593094596522128030112502417139
  51  -0.391019687286429058475905623458   0.340385743682784670270579959487
  52  -0.565365769210000000000000000000   0.756967568012000000000000000000
  53   0.354900975652949332279401779885   0.783108696947382502222956938810
  54  -0.589721777306318201700964177785   0.431540779197775571881368598711
  55  -0.504996425091715343637326864555  -0.446580288470074699373104205432
  56  -0.494150530911256442755418417442  -0.556323057278576810745623078687
  57  -0.469791436438512517490909932445   0.166379558144033160911106864001
  58   0.657392212193992534115995935127  -0.555110600454501711551722663485
  59   0.389335055325560824711994311433  -0.746188342739344436258804620229
  60   0.378489161145102073030466244699  -0.636445573930842310140789940198
  61  -0.171628377795920750887483838215   0.859225546892033860431712013153
  62  -0.670717381958611243991208280253   0.257336687178462046309368618898
  63   0.279781466818399548837598108225   0.351127177820019769092225902384
  64   0.513470954719332463148110626833  -0.069035790999691323574030247319
  65   0.497183221787589176081584486780  -0.803474768761275076998633017901
  66  -0.222631413518025569655387753407   0.578656906027497017920958475466
  67  -0.272021795078002684495701811291   0.904857449030294859306302495532
  68   0.562240308377000000000000000000   0.549481328031000000000000000000
  69  -0.221031907665372951736183885234  -0.799351610379794343376205102657
  70   0.445502423685108105212359875328  -0.352789797828535622322587102724
  71   0.366731239285990880080695950133  -0.526796770928323895203342997940
  72   0.253018788439913517461799931189  -0.910353971134014348959007321880
  73  -0.796966705924313105230772892716  -0.507549928293976787895592982516
  74   0.039714944777000000000000000000   0.783635607477000000000000000000
  75   0.434656529504649353530831808595  -0.243047029020033496204572422693
  76   0.355885345105532128399167883399  -0.417054002119821769085328317909
  77   0.334193556744614625036111749932  -0.197568464502817516849298957847
  78  -0.515842319272221968297322651595  -0.336837519661577304548679096342
  79   0.588571027715000000000000000000  -0.739082603401000000000000000000
  80   0.087034109366804197959591907612  -0.609846614993680209373551963465
  81   0.010930231079671618398022132437   0.158334564946161328804002256829
  82   0.849297635404340424826886736792   0.013878062023901596040903346499
  83   0.713126857629660379366139987075  -0.158319993324051140648427489799
  84   0.369398545397975525650790100153   0.415391382111305915854967117570
  85  -0.045966545934606785579712351250  -0.235139744050957851664234458525
  86  -0.314915800857973038582217620728  -0.427795447610146502314092711378
  87   0.199255003985950119404082260842  -0.764973982513414603666272370569
  88  -0.415379346512139381352424564109  -0.382316084178788532350517042307
  89   0.670673505089000000000000000000  -0.665351969410000000000000000000
  90  -0.203606935787171691387379855203  -0.583016785075659369682205116897
  91   0.813762810135022940870719320425  -0.203414491765307441629660519264
  92   0.290809980022732049629767363676   0.241402610731186286403010121531
  93  -0.146527535230845974897491277224  -0.189524273912339873737742882580
  94  -0.795291029963269755031527599651   0.510171576749462899195627118949
  95   0.836485169082053836496891664890   0.123408648770573998609611467831
  96  -0.706104989635678316675102279263  -0.355641361155355332323922555543
  97  -0.681506486525000000000000000000   0.367320524387000000000000000000
  98   0.312501768383697121673055616466   0.021917073114186735386730402215
  99   0.000084336899165851520167364698   0.268077333754658808403164074612
 100   0.557723318304254026656850228558  -0.507917165348270016615307509828
 101   0.244878813840542156801900333154   0.790607539288340765277016660689
 102   0.769666743843723583533953825222   0.328168176591928276117390176994
 103  -0.225298719629963200029155202420  -0.363531247012128146618498777796
 104   0.021958744284004119190191387889   0.048609997857327846114786475976
 105  -0.850723602455241324677586598499   0.127062724410227812109606548496
 106  -0.484282844995000000000000000000   0.399233791075000000000000000000
 107  -0.839877708274734700017590811459   0.017319955601730417285181439405
 108  -0.168401942615684796051420718732   0.029943061984991033849737937558
 109   0.255422372345497399904447824737  -0.371575437602605789730054853063
 110   0.423810635324190601849303741861  -0.133304260211531370086557742662
 111  -0.111224530041327628656080760699   0.423298667080376913876452219490
 112  -0.920703699484382169503188609038   0.212291209942484507739899156628
 113  -0.570254409198576453666271987589   0.211858122661246203538162729715
 114   0.168472599877859053465023281822   0.506348511145733228046661185014
 115  -0.448099648077485151513866469097  -0.053105979472960254836249376488
 116   0.826559202336673433515963525293  -0.457780236680914056618433868933
 117  -0.594613503671291233080354706229  -0.510844492761360967974417180940
 118  -0.638179699417143623091577052467  -0.071891619247035302343618036433
 119  -0.943434021837000000000000000000  -0.045678198263000000000000000000
 120   0.076188215186345446278063840879  -0.500103846185178083255537283434
 121   0.535119502264684082025551867257  -0.288525593537249475559845887539
 122  -0.480637330619000515924531160036   0.276122326952532404786435164505
 123  -0.358481996679600537890744531690   0.011157426009921572723563637297
 124   0.758820849663256736813839226028   0.437910945400429602201536115302
 125   0.391272952782814346804719541661   0.195924046213975008267486297432
 126  -0.330213864537769612924565030656  -0.783846481555944743876740224699
 127   0.268935572637893781959743340485   0.460869946628517248691387720168
 128  -0.730432265063036540691283813373   0.599359296430741510639555229457
 129  -0.002582969212771778853600084316  -0.674110819284966356136293178650
 130  -0.336607589244857584079266188033  -0.208309909957001981979488533728
 131   0.345039450925073376717639816666  -0.307311233311319642967313637878
 132   0.491735925542849075299439600324   0.150445481696759028912212832586
 133  -0.469986617306422175247687774917   0.819680083700914507341427738970
 134  -0.310121927656000000000000000000  -0.892482497973000000000000000000
 135  -0.304069906676096370712738750119  -0.537538216420625926974759075159
 136   0.837881252291010118122243392174  -0.095806827194895187097575771200
 137   0.288872082565526096217274252770  -0.700709778222128456903531155383
 138   0.592198898302882123447729980131   0.104966917179539337641240526018
 139  -0.625103089723838388401593195107   0.566696266125907453813851761870
 140   0.908356286489455835914857095308  -0.260099436481813966163519481450
 141   0.258089678457435030278215273751   0.570612715437019374809402400199
 142   0.100547309659247595211214124366   0.222598769237447475566743472014
 143   0.842681027940012066156518671592  -0.348687636264819880940519207328
 144   0.767591791684855774774033039126  -0.550967967672445111801677192163
 145   0.003993865744510830662821286504   0.894445140607140878732160387482
 146   0.412964741143731850167775675128  -0.023561491403029243968543062631
 147  -0.192761037088587070762181463854  -0.692759553437634349574401277063
 148  -0.236144613810421951710683269153  -0.253788478203626020500484097765
 149  -0.325761695046958998979675683069  -0.318052678789753096928001146863
 150   0.347706757037011007091407265680   0.634876919728305521572143615384
 151   0.266268266525956151585975891470  -0.481318206411107915848069533094
 152   0.567775133614416557302803943199  -0.619374804745787858314463878670
 153  -0.818548033285074440868317240488   0.402374450058536568238364623720
 154   0.187497082126838926454311966275  -0.655325179510896188728825428310
 155   0.468106239724678049843658236629  -0.572181369639556163378048725013
 156  -0.369327893610082822445320928290   0.120900198653359662873762620739
 157  -0.393687558151221703979304248932  -0.601801621795792767389110730641
 158  -0.361736890193783122131952670532   0.840730150360410711114779391446
 159  -0.404533452331680480470512849874  -0.492058852987290643723040471595
 160   0.455777443704000000000000000000   0.827665172604000000000000000000
 161  -0.268864915375766539742467478401   0.075421626502202366686158540157
 162  -0.157373429411352295259251463281  -0.079781505103842448839477843295
 163   0.780512638024190430254068424416   0.218425407783426950033244238687
 164   0.097880003547262949641119974346  -0.719589383802182335491566643496
 165   0.859396867659834285509252367066   0.392682930517149955581995114101
 166   0.358552651217469758772935332413   0.525134150919803395454128935353
 167   0.624736580844260058835266839123  -0.224261389245963328792255932940
 168  -0.548562620837567733648549210793  -0.007627414955749033742305060925
 169   0.941900012068000000000000000000   0.074295524726000000000000000000
 170  -0.689961854624071602741836981384   0.477508546444628842369923651363
 171  -0.448392239589593316462723337382   0.600184962626055752874547354302
 172   0.400180949506019576393522378166  -0.855931111547846562376819300260
 173   0.068009627117824324970303223159   0.551827075662949207401934649860
 174  -0.581100303379035354548180444057   0.321600891469748314910681602045
 175  -0.160782483615461999205955771481   0.749482778083531734313697333122
 176  -0.907030935155787451802127455094  -0.264684232121011023337980939222
 177  -0.308417886280000000000000000000  -0.673632095102000000000000000000
 178  -0.771195923836349465945028508347   0.302780843551461892817158609255
 179  -0.132916318402245132019136894166   0.642784204697381166112481579552
 180  -0.179247836796190562929275486472   0.139685830793488513448899755342
 181   0.870242761840301132229366966260   0.282940161708648629497849175794
 182   0.190164388238823572024406116296   0.286862973528733622329484687199
 183   0.109637925406374142590890268913  -0.829238186804700750429013585754
 184  -0.842075518088641267255611896157  -0.092935558357218375775702087423
 185  -0.043299239822669155205944902237   0.707048408988667312875222794737
 186  -0.301402597917142794787051678603   0.404649932927708745040202580250
 187   0.144113505405003919728199699341  -0.216354104276887684256766708186
 188  -0.200939625157108066292331619940   0.359171368410492765684929115404
 189  -0.032453345642210403524416835504   0.597305640180165186757208114706
 190   0.456348317865566856893887942062  -0.462532566637037748440601782755
 191  -0.942620235492000000000000000000   0.064960237663000000000000000000
 192   0.032804638464510439551951573945  -0.061132770951169578783478563309
 193   0.926009257149892882532221408565   0.187802331550423255495097755465
 194   0.643192732144000000000000000000   0.007082028285000000000000000000
 195   0.570507109941938444715255503853   0.324452454796586146868599421410
 196  -0.559408515018088460735869270168   0.102115353852746967337127935298
 197   0.301655874203238369991527549732   0.131659841922688861504745082246
 198   0.459015623977551502463982092082   0.479655586402592062617708332755
 199  -0.122070424221786380337608827433   0.533041435888879039994466899521
 200  -0.203685886336000000000000000000  -0.921538188629000000000000000000
 201  -0.246990507990928272072443455210  -0.144045709395128595602219058480
 202   0.122421717044086416365143565874   0.003131433340116567979262651876
 203   0.212038795623662393178335557803   0.067395637631402714742003867061
 204   0.323347662564155873354583683199  -0.087825695694315390731284277816
 205  -0.762232186475351569869046629805   0.192868332257919397158179870443
 206   0.154959399585462671409727766074  -0.326096873085389810374781388217
 207  -0.749488566357718917742409699758   0.083329714078632853228785767952
 208   0.078855521298283076651831289893   0.442084306854447081283919969829
 209   0.402118846963273098486247608395   0.086181277405472882149471617401
 210   0.145226591689689251251060148657  -0.933633813188697566269895146714
 211  -0.013428863393230530535128151050  -0.564368050476464230018278498619
 212  -0.524863012406084987360720391507   0.520728498879054183325296709218
 213  -0.009191962860000000000000000000  -0.811709390898000000000000000000
 214  -0.069052150914306649408633927096  -0.942334686041631051713985261100
 215   0.769982430720035044784536394381   0.547622056208054842508627081106
 216  -0.623987988249770395301078160839  -0.617137711651743368765135544103
 217  -0.459238133770052068144251404115   0.709927731434557878992562034333
 218  -0.419424076903000000000000000000   0.488421509439000000000000000000
 219   0.133267611224545168046671632608  -0.106611335468385558138752028155
 220   0.737245299785647556617664058824  -0.050712328753638886116342741735
 221   0.043650532644969191233479640679  -0.170875539759671704901493243340
 222  -0.512988766769652636494499010969  -0.664979532447217782081224524388
 223  -0.889697962743910452678028450430   0.318120095486605298578583246166
 224   0.943891111758773319871024511675  -0.042806882692604928492955615686
 225   0.680049665264152347089709317802   0.263903972300635518862522780286
 226   0.549107578479000000000000000000   0.768923406939000000000000000000
 227   0.486337327607130424400056420046  -0.693731999952772950880618337870
 228  -0.421582422173152779591704476580  -0.845595128520552159588334570625
 229   0.144415841080507428307180274491   0.836086103805556744632290125534
 230  -0.135681641050387223215963210491  -0.299267042720841999855757562611
 231  -0.103143958509010968171379010291  -0.628495349146348378209801602704
 232   0.480890031362390323617911533590   0.260188250505261155030227512617
 233   0.635768773098000000000000000000  -0.334174714773000000000000000000
 234  -0.056812440115065537261240417984  -0.125396975242455725546219778494
 235   0.736666747454712612239568568964  -0.379053423913328383943213034216
 236  -0.113989852689469719852907077024  -0.518752580337846252091786922673
 237  -0.716950883816184941335098066303  -0.245898592346857937499497446453
 238   0.054496426825427942915007707412  -0.280618308568173831019507923371
 239  -0.250497578731242436842206630722   0.685355479413647586122174229036
 240   0.277114160706414903267503958204  -0.591060975219610041966084213125
 241  -0.806567962395732884238614867179  -0.310162796638183177830951747383
 242   0.533249140903110108547234804397   0.659559616118910650218593143193
 243  -0.695076476431345800643867294144  -0.465365928244188813481446372779
 244   0.658326499164704848276741846531   0.483386404321352924450717275820
 245   0.581353004122425052112631592252   0.214709685988045175674954047771
 246   0.380427058602308026442959355605   0.305666815022472433165751336716
 247   0.502581831218876450650473570269   0.040702696857567927632784043427
 248  -0.931692596668189210159128697033  -0.157199762648543616107156388353
 249  -0.604998975213040919792801520846  -0.725767938155332019808921337930
 250   0.321907208144268840879134032750   0.888334739502983706864641713641
 251  -0.649025593597664350178897111842   0.037851149561460698735814959791
 252  -0.537716726657061108988553423754  -0.117370183764246428566730170016
 253  -0.279710809556225291423995545135   0.185164395310704492804173220188
 254   0.636493545843276622766733890837   0.698311410591953785050378634864
 255  -0.732401986608475074558581000987  -0.596950743424472704862925458550
 256   0.222884689804121144859863624537  -0.042347131177099411376010812970
 257  -0.035120651754148033898184284517  -0.344882512859459977782249138556
 258  -0.437253753896978522044314291407  -0.162848748281457656367649196417
 259   0.545965396445142833707079933991  -0.398268362345751601677860567570
 260  -0.100378635860868876974552693965   0.313555898271874787758437539458
 261  -0.089532741680410125293024627231   0.203813129463372661640422859427
 262  -0.211785519337566817973859686674   0.468914137218994891802943795435
 263   0.089701415478741828333359356627   0.332341538045944955165905289798
 264  -0.261343472911701188523734697455   0.795098248222149712240188909067
 265   0.176651187946380174772783899541  -0.545582410702394062610810748279
 266  -0.350960551491277165336926689385   0.730834043930863565477447693882
 267   0.201192901443156072816575371747   0.177138406439900139640268906346
 268  -0.738642672177212293082413912718  -0.026413054729864541595639341139
 269   0.299717976745984847898802319504  -0.810452547030630583021545835414
 270   0.216211363273104067648139457329   0.919791012379799985529854246929
 271  -0.458945542257991780407258423019   0.056636789335537145891689222419
 272  -0.312248492097601546468579745336   0.514392701736210871158217260281
 273  -0.412525794009617897718384842459  -0.710458096964433738724712176342
 274  -0.120568934905338280648428951267  -0.844830174897010449544504325501
 275  -0.605459397851797857740350493268  -0.401101723952863573149992071849
 276  -0.380173791390967280863147662526   0.230642972482692812470911553316
 277   0.104858965129464584468577701770   0.939024737424445743791483944697
