   1  -0.644365299277129736250866351489   0.177249773627863252363213132420
   2  -0.062828892993682060790402788037   0.591886195958739552811209705933
   3  -0.457136614928922194680373223923  -0.702492693497024596281759169117
   4   0.176561557054872726856803562235   0.256135995247423461505284650620
   5   0.153789066411169945609944314341   0.493117165991560890566246607195
   6   0.811882599943754688275485954388  -0.474713236139346374450258788127
   7  -0.450519830515980511097378497005   0.315461914404822019179211990258
   8  -0.575471847885001442456174543539  -0.534494774338196728026955639120
   9   0.865343301146776223523517990975  -0.368357141667867501514736639010
  10  -0.000267998713159047524648077364  -0.813136409397910065204418177803
  11   0.353188008688407073797554857107  -0.504192031968578156800082768476
  12  -0.493128459121499874825557695035   0.681160109029363805161607648906
  13   0.839612582409313279886433534648   0.423741341052871272886324546162
  14  -0.467162868182575439256000992350  -0.583879289321786059149437188488
  15  -0.267655263859160589751811673134   0.573044134937585807507011289294
  16   0.079638822674298114280059634993   0.187029924858944078097285221701
  17  -0.170732529478585977175067745892   0.642150205326065190915010718213
  18  -0.815662133051031104019862328850  -0.197628494888578848605490556873
  19   0.250711800791744558186688241583   0.562223236380040273974246036114
  20  -0.099533722202109457134660701447   0.935200005775189757499879039909
  21   0.316742110892683059071647429007   0.771136951264501934374841283839
  22   0.080377559755491689852923840107  -0.937040799829481285932956544603
  23   0.793034922058533642072525379666   0.314195976200713801178742524557
  24  -0.927368746368714859069577213075  -0.156503101936798248726331927097
  25  -0.698417244284568931206951805713   0.629856623005006131734593912612
  26   0.262098046113595948810117865530   0.443732651007971559443765057827
  27   0.928409503067937400010055442709   0.150205882942270900589890734541
  28   0.113797558639852286150348506834  -0.168441831257262065494157713163
  29  -0.159751627374256673367146715279   0.522780125570260169403210277014
  30   0.724940188713413386884913229848  -0.556019340054114728462408567584
  31   0.457793403805744317235004126942  -0.696708663538938841108803645795
  32  -0.028670157028127888920113916196   0.236414439842533409219766771070
  33  -0.256674361754831285943890642521   0.453674055181780785995210848095
  34   0.005488578937426282950174955645  -0.119057316273672734371676163794
  35   0.159342539927257848644067002623  -0.642404172745536923616081626314
  36   0.244879028985981070597381305918  -0.454807516984988825677601219107
  37  -0.586868665006397216838981136435  -0.415989364191040168659895235218
  38  -0.610206563311575564380577479648  -0.178221982488342891228229802444
  39  -0.040860485794718230102922350536   0.831628210706130209388114571606
  40  -0.330824605491703117273775321869   0.147586814049163973526249462601
  41  -0.655346201381459040058787382102   0.296619853383668273875013573619
  42   0.341801763366555683174125233160  -0.385701446596509442269601790188
  43  -0.695177644708823220039154687625  -0.366604849207450837537413685849
  44  -0.727743483087884629405190562247  -0.595731009332597551701495496691
  45   0.689376263794000000000000000000   0.375432796877000000000000000000
  46  -0.730948547709895588303941199572   0.515351689915666189474516530122
  47  -0.666724891437075327987500350089   0.415127005434768361431325783947
  48   0.826969052260070311493438154014  -0.038938427460482419884456500160
  49   0.091025067996149504903489258940   0.068539339486875363566804243413
  50  -0.827871282090470200880685126814   0.446245619527186806066517101203
  51   0.142402821089318554986514690393   0.611607751363629605096727585483
  52  -0.869970447219264438116631017924   0.209736842734608127533009381589
  53   0.404565761781576123880580288560   0.038876379908176084729840573594
  54  -0.404974849228574948603660001217  -0.158500427083452838942711922894
  55  -0.342210850813554507897204945816   0.266077399421232688056730440889
  56   0.672150592188701035841468847516  -0.449328553651993927638523133013
  57   0.415952007103427514504009912507  -0.079614205463892629800640404694
  58   0.019394157985699976766980518386   0.940281808445397587912734239026
  59  -0.416361094550426339227089625164  -0.040009841711384124412230944606
  60  -0.245288116432979895320461018574   0.335183469809712071464729869808
  61  -0.835899804673013480372068534748  -0.080325033508849323086946282755
  62  -0.427747339872277729850519249111   0.078480743660684590118250033682
  63  -0.513283828931000951803833552406  -0.109115912099863507820230373525
  64  -0.261941725899119207238460482868  -0.564142909141808162027339883325
  65   0.051033560224831845443893451434  -0.593019657761947592493600076945
  66  -0.598820317989724173757147855701  -0.296712567860411605758710780732
  67   0.078067394393091203798718869297   0.836710013376338039800969770723
  68   0.016874824259277673573604579592  -0.237547901645741448902157142081
  69   0.450110743068981686374298784349  -0.435085961580098773392083339557
  70  -0.763647625817649940564244277330   0.346020935046288978023326355028
  71  -0.148365382052405282743717091332   0.404289540198191454872729298727
  72   0.307643027401001511303836361318  -0.030229690480303298678158855325
  73  -0.091434155443148329626568971597  -0.188163386662152117779675592713
  74   0.125183803961703676773778130782  -0.286932416629330780024638691450
  75  -0.390013780936638022482613811603   0.740633031836110593755955511701
  76   0.574285270747189398546688106209   0.569103677293901909625081090721
  77  -0.051442647671830670166973164090   0.473395610586670838280728727645
  78   0.364574254010258464420984481054  -0.622682617340646871330563746764
  79   0.940024044275467033717433640182   0.029339543986170724703444788947
  80   0.393179516459724733257150664613   0.157366965280244799260321551882
  81  -0.176970644501871551579883274891  -0.375760042422700215718155999919
  82  -0.382202358584872167356800753322  -0.395481597827590268003673879469
  83  -0.814110573963704071866035586500  -0.371567080882654397979781707011
  84   0.936200566571393516689254812136  -0.089635438352938449098589173176
  85  -0.619434503385458626205017011058  -0.645115524316186882823977046060
  86   0.554716138186318929811748054184  -0.627602593150459457700804216876
  87  -0.045323766494267200838113380490  -0.662911939108986824272302982062
  88  -0.558423467000884427482043454860   0.365725923772147657283013002538
  89   0.154888178027382148265275834650   0.927639835800877854232208131106
  90  -0.729901788335852958204180654784  -0.010346882132684845575267274787
  91   0.746881656932683699751747884572  -0.356673638150572426370953346410
  92   0.102411313318000895526918882887  -0.049951245885193350963676734875
  93   0.575638739899022567787208895150   0.414069691429272280606801388008
  94   0.547033477449556298951042711591  -0.365979891191619389984083910638
  95   0.068252577352446723656630011046   0.305520510231012792627766199989
  96   0.187947802376724117480233186182   0.137645409875354746974803672332
  97  -0.165584399180020160956453650944  -0.494250627794768930248636978207
  98   0.284870536757298730056977113424   0.206751480263834130382803101251
  99  -0.040056402349979279543543540143   0.354905025214602123750247749358
 100  -0.125592891408702501496857843438   0.167308369454054025811767342151
 101  -0.490511338287298170556974304511  -0.346097082844000936881192330100
 102   0.695333964923299961610812070286   0.246194591073614234953838860351
 103  -0.005897666384425107673254668302  -0.000566730901604019841195185506
 104   0.478716005518447955210464967908   0.344963621040792897198801959089
 105   0.267651519629683851844240553812  -0.691788687729126254738563175683
 106  -0.934091773566966565604281079231   0.109446659208221218989464866881
 107   0.901999616489913882922005753602   0.266275617564526414683551766464
 108   0.210720293020426898727092434076  -0.099335760868782682086158284244
 109   0.609797475864576739657497766991   0.058597935313066137015358453144
 110  -0.741519323998000000000000000000   0.108446858405000000000000000000
 111  -0.114176708392166248934607478594  -0.847697532985093081101404363054
 112   0.347634535172319170763432168824   0.631329306768519657382245465033
 113   0.136570049283555067397207754729  -0.405423002001399494555119669738
 114  -0.353597096135405898520634569763   0.384567984793301402587211419177
 115  -0.068661664799445548379709723702  -0.425144557406289546840637549288
 116   0.359020780494170561386861792772   0.512838721396450942851764486745
 117   0.131016575767467164363085066446   0.730098336735698319627208563771
 118  -0.457820028527138293019122792219  -0.821527135362388338708062943745
 119  -0.752268935762033652635531309344   0.227513782995188890467014144700
 120   0.039647314902980454820463827487  -0.474529072389878877963119098657
 121  -0.285279624204297554780056826081  -0.326375527439110884595674450551
 122  -0.273893378882446164156627202133  -0.444866112811179599126155428838
 123   0.668951901551752586006428936664  -0.661066839334432179757132034767
 124  -0.057275419477594157756280099755  -0.543635142778358261371118527576
 125  -0.478559685303971213638807585246  -0.465373879174629499782376784587
 126   0.587024985220873958410638519097   0.295579106057203566076320409720
 127   0.838355297581921702116867777961  -0.157429012832551134414937478448
 128  -0.393588603906723557980230377270  -0.276991012455521553473192901182
 129  -0.038629402421400469036646861570  -0.939688130139934859250319946498
 130   0.832295966921300266910786822908   0.079978725989038311803229172320
 131   0.461496988390833076997728408296  -0.553576546952167487922564317845
 132  -0.501897583609149561180403928459  -0.227606497471932222350711351813
 133  -0.494063148564000000000000000000   0.800252120126000000000000000000
 134   0.558419722771407689574472335538  -0.484470476563688104514564888926
 135   0.779362078018835550008825985234   0.526403613212793346676292978794
 136  -0.273514192672125622938705773971   0.810442727510832859824246871124
 137  -0.199743135145574332826742522786  -0.138778871678562786657194043344
 138  -0.370250705601545210438634034057  -0.514758394158218830904858333956
 139   0.569709562471000000000000000000  -0.747641989790000000000000000000
 140  -0.632979053955278345627436727542   0.058759188255794537832732154132
 141  -0.547442564896555123674122424247   0.246355844016342635771212561339
 142  -0.073809795098011364598323818650   0.711256275714544574323010147132
 143  -0.565693350900159036220058715542  -0.751330184010113619092189908560
 144   0.319029272722852901927265985265  -0.148720275852372013208639833613
 145   0.632569966508279520904357014886  -0.178383235431071292045603503431
 146   0.198096884413299735995520834559  -0.919382204006073535535357721320
 147   0.665293070556789428147593910339   0.492375287644694153544333168413
 148  -0.296665869526148945403486450028  -0.207884942067042170065193472263
 149   0.438724497747130295750869160402  -0.316595376208030058861602361269
 150  -0.582546896068964499923256858262   0.602585249575355360047039406680
 151   0.750191733457000000000000000000  -0.237668441029000000000000000000
 152  -0.382016733858455822208577669558   0.859400504834294000587746306338
 153  -0.241838292916265679078685105116  -0.801350283737759440205392458056
 154   0.118253974076021914262615845147  -0.824191153651194931302847537638
 155   0.222106538342278289350522058023  -0.217826346240851396616639262531
 156   0.256265274307832461220810929865  -0.573298102357057540208082197395
 157  -0.142246500874841813414857307732  -0.732018009497466207680302410981
 158  -0.114206646086851110873428219491   0.048817784081985311281286363863
 159   0.235973298733829960405212839599  -0.806532557827787180905248714355
 160   0.524260986805853517704183463696  -0.128998720447481960923121954063
 161   0.028261069581129064197034203540  -0.356038487017810163432638120369
 162  -0.896156766950912027408939744700  -0.285322732542309711930930347258
 163   0.381793271137873342633721040666   0.275857550652313513790802530170
 164  -0.364577998239735202328555600376   0.503938064549106424099011860376
 165  -0.153632746196693204038286931679  -0.613527424125397493149821432693
 166   0.729492700888854133481100942128  -0.109277165042591908637604074513
 167   0.056866332030595333033200387099   0.424011095603081507158247178277
 168   0.718106455567002742857671318180   0.009213420329476805892876903775
 169  -0.881346777914832856192782091117   0.328228380425069191526695906052
 170  -0.222515625789277114073601770680   0.098202299065574642403767913232
 171   0.165175311733021336233373938288   0.374626580619492176035765628908
 172  -0.319438360169851726650345697922   0.029096228677095258995768484313
 173  -0.375964243561586592951985224323   0.622428649921175138629492838663
 174   0.427338252425278905127439536455  -0.198104790835961344331121382981
 175  -0.569802157056500715410756422847   0.484233075823247744839325212866
 176   0.706720210245151352234241694233   0.127704005701545520423357882063
 177   0.425051090595109062271820980196   0.721752436280912603252359734470
 178   0.535647232127704908327613087644  -0.247489305819550675453602932350
 179   0.468958262575365303375202256404  -0.815220314160298868075585679117
 180  -0.605885501981195367439906744555   0.719311317265561002057598815834
 181  -0.250555480577267816615030858921  -0.682633494513876876557820861612
 182  -0.838370533762716690955879893418   0.038685726097625676719110424544
 183  -0.524670074252852342427263176353   0.009374673272205206710250604763
 184  -0.359427520310641041967774830611  -0.634503001386965234825326449019
 185  -0.136979136730553892120287467385   0.285798954826122740342248320439
 186   0.904941320964169332216326178092  -0.256100016143978240736208084400
 187  -0.155108452334087103256021840748   0.798205650272133871822528262513
 188  -0.354391471147323320578279074073  -0.762601767967053340177978844827
 189   0.330415518044704292550695609213  -0.267210861224440727739120811900
 190  -0.211129380467425723450172146733  -0.020288286306494072126713065056
 191  -0.621592808633426955004007103595  -0.059731397116274176697748824156
 192   0.598411230542725349034068143044   0.177088520685134851545839431432
 193  -0.308052114848000336026916073975  -0.089394356694973455534712493975
 194   0.370407025816021952010291416719   0.394348136024382228321283508458
 195   0.418339573658000000000000000000   0.842156201889000000000000000000
 196   0.233492783664129679973951681971  -0.336316931612920111147120240819
 197  -0.188356889823722942203312898839  -0.257269457050631501187675021632
 198  -0.683780827587427445656348094728  -0.485110259354607396904474089750
 199  -0.102820400764999720249998595544  -0.069672801290083403249194614425
 200  -0.233901871111128504697031394627   0.216692884437643356934248891520
 201   0.305134518759504714838306562676   0.889606057824881899630747113724
 202   0.062985213208158802362060170699  -0.712296454092576155394784531431
 203   0.621183721186428130280927390938  -0.059892650059002577515122525144
 204   0.239325555469893167563258617635   0.680713821752108988504727014402
 205   0.045480086708743942409770763151   0.542501680975150221688728156564
 206   0.455943514874745173963605720014   0.581944791784930326259763915664
 207  -0.080047910121296939003139347650  -0.306653972034220832310156571000
 208  -0.279041509181011980375241297081   0.691534720309654522037492267582
 209  -0.718515543014001567580751030837  -0.128837467504753560105748253075
 210  -0.216867085767227134062613827456   0.915136426861127522388207598321
 211   0.501488496162150736457324215802   0.107982450296655468137840002513
 212  -0.439133585194129120473948873058   0.196971329032753304648731011970
 213   0.273484291435447339433547489477   0.325242065635902844913284079539
 214   0.328704068273348665136088352383  -0.881169477545535159897470586239
 215  -0.461500732620309814905299527618   0.434831994160627040691012431457
 216  -0.802714414095288747375805125058  -0.490056713106737223513825751784
 217   0.490102250840299345833894591855   0.226473035668724182668320980801
 218   0.706626299682978470941473322509   0.620632971452261109210679375934
 219  -0.017283911706276498296684292249   0.117923854470464694689285792782
 220   0.467329760196596564587035343961   0.463454206412861611729282937377
 221  -0.473678537500297569087728692424   0.554446430448697789272819578627
 222   0.512874741484002127080753839749  -0.010508135075413246392640975775
 223  -0.707505967534000000000000000000  -0.247364968183000000000000000000
 224   0.207837359401758108829642031799   0.821028159160238134058446924154
 225   0.034093841386892551786341139204   0.660992266347218936219209134852
 226   0.643956211830130911527786638833  -0.296873820803140006576084481719
 227  -0.330887487014000000000000000000  -0.880343431182000000000000000000
 228   0.199334047698575508103662810129   0.019154824503286032444322694044
 229  -0.940201510360755357996465412224  -0.022959367863164004663803578381
 230   0.360382289169202556575116066596  -0.766425607446874233730785047567
 231   0.530823846098477912660782963925   0.776358201522042973105618430938
 232   0.605791762212646929928040353113   0.683894819808827419198870310249
 233   0.804421167380385032695955003613   0.195705390828645086648261546269
 234   0.296256782079150120680406737371   0.088260894891765415852322122963
 235  -0.536056319574703733050692800300   0.127865258644273921240731583051
 236   0.147956294605406458020637378676  -0.523913587373468209085600648026
 237  -0.211370725784586010026135285369  -0.916421534523615938647045894776
