   1  -0.117974631810040161977486875847  -0.597695185511577334477282776201
   2   0.270593077816175974045034805876   0.141939906107101919839237043697
   3  -0.747160186054159315476958387782   0.573799537505107353655822944355
   4  -0.041031179403733875439242698441  -0.511071596548548909353108010891
   5   0.611062942252527208470182412161   0.071970336235424139854554497570
   6  -0.374685440156000000000000000000  -0.863972585925000000000000000000
   7   0.530269042251536218600637440062  -0.321170399531141413965266261088
   8  -0.296856696244409416663544537932   0.258555855893231553147041287241
   9   0.156724220717755461804511358777   0.827538890148036099342708057161
  10   0.129740032963080140478053018469  -0.933092587427582099329307722172
  11   0.457715913555659989853191484829  -0.823401721727291906553297886982
  12   0.601555903598726807524885365698   0.187441359652870153777831417246
  13   0.724552897064644286611898280922   0.048647146278198213192993648862
  14   0.681815403039638239755426128574   0.471738170167744912574378770846
  15   0.084010118192437312696375554401   0.385156653904836550072269120444
  16   0.339835635033112853920677393894  -0.384470798536943912427880177689
  17   0.341591745527326360515192067433   0.542876635456993774635674058883
  18   0.568982082871000000000000000000  -0.431899867687000000000000000000
  19   0.874493780241954124614298083727  -0.350363926772859866768820961080
  20   0.416779087439419140458921571301  -0.297847209573915487303705412379
  21   0.568331293792183352049569330778   0.495089786414783246963233526953
  22  -0.110273736620670755314885286459   0.015339108095496922914009210494
  23   0.489872092251040723665864954013  -0.517740767414424190875176640417
  24   0.268551362361418186071169961025   0.797229957061478684136287682803
  25   0.372849267407117321484461422534   0.746773163305676606872418183590
  26   0.262892182626806567382433216489  -0.471094387499972337552054942999
  27  -0.762831067580000000000000000000   0.042272026363000000000000000000
  28  -0.494990998652202188006106173487  -0.417778836719645202706864616055
  29  -0.074560272071719984178227069272   0.827090015931303156274621444833
  30   0.035912273002572411099001478965  -0.424448007585520484228933245581
  31  -0.754251662064550618423465386127  -0.382868675614765197198332335891
  32  -0.148642670004555899319019246715   0.738007249081826766701824543975
  33   0.384083032628293052186750674637   0.118616716149875993177676194987
  34  -0.256459746243913921728772051884   0.455126223776514330056951666572
  35   0.644384836445108305288001218591  -0.341208526903915544764645552126
  36   0.123803885669510146960184737162   0.616656619170021778561104406803
  37   0.347536530222482260583278983281   0.228563495070130344963411809007
  38   0.778752637762196718146807555489  -0.053755632694617262477194887924
  39  -0.030732745994000000000000000000   0.719588132426000000000000000000
  40  -0.718120460681751640958237116316  -0.064615310001656220688096925290
  41  -0.208940871968066710349352608185   0.863622511012098340030081319226
  42  -0.824723893983997799203057362890  -0.171317170766133546882793826399
  43   0.112855725408878697637245656371  -0.337824418622492059104758480271
  44  -0.179516293837607635190527874478   0.541749812739542755181126431882
  45  -0.487290103462832781343504584099   0.195255456887429054684427370640
  46   0.226345680220995775778961525133  -0.361147608579717985766319328980
  47  -0.268011089027968031722674435964  -0.464425216634097056029986313473
  48   0.821580621423658403303496241107   0.460976718898770803964646457537
  49  -0.523786059495710844406891586856   0.305446855379667682331290230162
  50   0.116706173003563400968546451064  -0.031307271818954930409112486923
  51  -0.183366741432292338521828669171   0.235232665936005626485480438533
  52  -0.941955187847127188150438811786  -0.014651858361463827063137314219
  53   0.461026485034599338724994852042   0.205240305112904418301850960298
  54  -0.069876786620175260380112800409   0.211909475978779699823919589823
  55   0.457176037439914635393694057350  -0.101276841690632710393795033050
  56   0.193649625409869687506790628470   0.055316317144073494715062278387
  57   0.424479982628788547121523160687   0.315187084033158770087586574317
  58   0.234046575410365182441563114519   0.251886685027356271624972657716
  59  -0.187217189026977041853129463864  -0.071284480867531502210165554816
  60  -0.637325971332241208739741058645   0.328525621663638165271878455632
  61   0.532046847852531513853965556900   0.606157758910393147716730245695
  62   0.542113296125025175152746816859  -0.621156422181166409680969821143
  63  -0.933032768686247194652043312538  -0.130169525708734920653553409878
  64   0.003216218191446322826830582303  -0.007984081861729003747551638215
  65   0.420629535034103843790222365994   0.008669937229621641391940580969
  66  -0.750815926144358286881456927406   0.351848811620864091933439304341
  67  -0.677723510681256146023464630266   0.131955057881626556221813454040
  68  -0.600780058274949859485220452861   0.218578646844654981345988219349
  69  -0.907668252870000000000000000000  -0.252252169524000000000000000000
  70   0.534119489846220921931938234755  -0.014653252727604285269620267740
  71  -0.300707143839094119994845332626  -0.047961290910305575548604706107
  72  -0.547551118012917822823257642866   0.628854610346648673407856308349
  73  -0.535387948652697682940878659537  -0.614349204602927979616774995384
  74  -0.344954541434274318260918613370  -0.551048805597125481154161078783
  75  -0.604630505869634562816521247555  -0.087938499958882147349657773999
  76  -0.646313019539848985388003064161  -0.647809175937609054444676079195
  77  -0.120316353702707266315953117585  -0.934354444468075564856258512684
  78  -0.264160641433283328391373641270  -0.157908069830559927334340320125
  79  -0.105168399695067454993351518902   0.630611118545877045328748749319
  80   0.228101790715209282373476198672   0.566199825414219701297234907591
  81  -0.410346651056526494805260406694   0.281879045850457479808602135950
  82   0.043613168191941817761603068352   0.188586286021553773162358741114
  83  -0.579689494968806150309095279593  -0.742599718750533552868554057256
  84  -0.608480953464319266147822042249  -0.394455646762419276045303767347
  85  -0.484148543255898963783866878558  -0.808142587003526250267416525132
  86  -0.333403198650220208267016229289   0.368502634813485904932776901262
  87  -0.531537501058012979609577864843  -0.307832057799390850921129002036
  88  -0.385351491434769813195691099419  -0.747619173480408258064071458112
  89  -0.262249734867756398612070333420   0.760753146430706524251925584658
  90  -0.827903784710879776235878456806   0.264513934881987689117599433098
  91  -0.414197098651211198136561201388  -0.024638100953079648887043857397
  92  -0.304557591433778823326146127320  -0.354478437713842704244250699454
  93  -0.260310193838598625060072846576   0.148609076972977201361305673223
  94  -0.452401929242917922410807006644   0.694964918994000680023004691850
  95  -0.376115297367267456631758413954   0.782167503990697945141940594009
  96   0.113827720699821691137169796473   0.935167098900428836899143361010
  97   0.200747338075816433498428914567   0.703280208133050203685279172113
  98   0.465169843718718888614502639452  -0.707780011144194834805144586452
  99  -0.322806434467577768369040688719   0.885036868572089760920096328577
 100   0.942002740873855344118835743604  -0.011184321691779400176336058127
 101   0.645296441305271427246626951483   0.581694099825408546705850562475
 102   0.908836056188000000000000000000   0.246365602707000000000000000000
 103  -0.057404458469778133523494817367  -0.820985708272726687381101941343
 104  -0.219913243838103130125300360528   0.345179444856259978271216052553
 105   0.080159670597752609365074759709   0.078639507101299421376623127095
 106   0.756793631498000000000000000000  -0.558232948464000000000000000000
 107  -0.759578304551103087444786364106  -0.267129451870791197820046392759
 108  -0.004710963664739936193871090178  -0.942057354775658319686173281837
 109  -0.381501043840085109864390304726  -0.441102026676871129368425464764
 110   0.056243629453087475888063048968  -0.843525742534320627491590031568
 111  -0.688488056319876924679872215249  -0.478257821708523379089843219054
 112   0.638654456922590446449354437797  -0.557095940564994750628407723017
 113  -0.698311778608569042563399015376   0.455131218276486214339300042639
 114   0.147564920553379005701050717789  -0.772221024423854503187786270528
 115   0.160953570598743599234619731806   0.471780242867864975196443885754
 116   0.189799177815184984175489833776  -0.251200829659463633980583714961
 117  -0.299934016555920076272014115383   0.562522354311444874910191513191
 118   0.633803586946463217863915643852   0.696984408749118365198353528507
 119  -0.191067636621661745184430258558  -0.377801627671068630905811548163
 120   0.820136277930000000000000000000  -0.461217737272000000000000000000
 121  -0.575938525281000000000000000000  -0.505811501484000000000000000000
 122  -0.142969791431796843587056183122   0.431803033819288403395390817863
 123  -0.450743601057021989740032892743   0.085308677967174702898691756621
 124   0.387933480222977755518051469331   0.425133862953413121873322188336
 125   0.758780550552726314952483749280   0.558342483578370212316995806367
 126   0.701809185355890431608563378083  -0.140379221657645687601369653234
 127   0.036647056772597974005885479766  -0.729333293693709834838044220227
 128  -0.421897993840580604799162790776  -0.637672394560153906278335844093
 129   0.127968347872889503818873148587  -0.658028575583243710534240459187
 130   0.007066665786131026158131376996   0.298533064941808124948094355134
 131   0.715045858410843885666601234459   0.164118169695644227116270568537
 132  -0.454594048651706693071333687437  -0.221208468836362425796954236727
 133   0.266742630221491270713734011182  -0.164577240696435208856408949651
 134   0.274443525410860677376335600569   0.448457052910639048534883037045
 135   0.149402227814689489240717347727  -0.447771197542746410890494094290
 136  -0.471281911959921600088833674825   0.408729262035289804737150968460
 137   0.822801338182054679441725363986  -0.160917440370481081531921381304
 138  -0.413998439444839653412775182156   0.585652920547507538535408854813
 139   0.153252675409374192572018142421  -0.141254050739209282194848100942
 140  -0.884881501825384150575592645370   0.086177380438245030330159598716
 141   0.041068146793547844851485891171   0.834439150829738174212264228607
 142  -0.172826076065619087480816295200  -0.831074871994100156495796355490
 143  -0.337253646244904911598317023982   0.061985488009948776237130907913
 144   0.048083354840000000000000000000   0.498316841882000000000000000000
 145  -0.491140551057517484674805378793  -0.111261689916108074011218622708
 146   0.520553993493723304471254249269   0.721448067834102966209233211727
 147   0.418690937759000000000000000000   0.630182545772000000000000000000
 148   0.412928639844734437127620776606  -0.604364356377452615999351405726
 149  -0.106423289025986051983584491766   0.321856254899034051609655203844
 150   0.353178683450043285443485189204  -0.873360790522482286998194853798
 151  -0.033330284214364468776641109053   0.101962697058525348038183975804
 152  -0.222990564210215796459512347751   0.649145943328303067107788534454
 153   0.661591478632493742863808646597  -0.670664572097282950180438988284
 154   0.350127784323555966361509671913  -0.721537394731091984162042214140
 155   0.157103123004058895903318937114   0.165263096064327846500797892406
 156  -0.081428129404229370374015184490  -0.707641964431831686263018390220
 157   0.570665992252031713535409926111  -0.124600031647858637055355881759
 158  -0.714270013087066937626936321622   0.241901836801880908007549068059
 159  -0.376877468962226362810258292788   0.475898765348416449786016747881
 160  -0.489753301498285497965969393233   0.804758321819097766854366722434
 161   0.759282363297749451080360300472  -0.362622411130473123896351911446
 162  -0.227614139027472536787901949914  -0.267854848750814279120075934145
 163   0.008321555117049623148364349860   0.607287928588651118667187900610
 164   0.542812654781108945906368071270   0.287307128319559233476095817970
 165  -0.833646313144877792701452862139  -0.055799503418862453292377730741
 166  -0.641177008275445354419992938911   0.022008278961372204436077840021
 167   0.910888595639639311600387249198  -0.240366842969671530203371811350
 168   0.461635582533354894084234558430   0.821210595282751540598553517027
 169  -0.791357282305068984632406765450   0.154567155961733337331863819080
 170  -0.685107211653000000000000000000  -0.175799450298000000000000000000
 171   0.310990027816671468979807291925   0.338510273990384696749147423026
 172   0.305045243121515568911720376076   0.652823414377248126421409672901
 173  -0.001828353224385925815855671132   0.942067359582130911768699532456
 174   0.506266152375298154302896379915   0.397253907239813585261831431989
 175   0.242899828111986174219787195590   0.910216415651465564648209718792
 176  -0.037180731809049172107941903747  -0.204554449745011780657462017543
 177   0.085396742600000000000000000000   0.726186356153000000000000000000
 178   0.679205312919638324275533372618   0.274297098406764146809800547463
 179  -0.223763691432787833456601155220   0.038662298052722849575570059203
 180  -0.114124184215355458646186081153  -0.291178038708040205781636782853
 181   0.647609444658338000073654103517  -0.037976442684830211931181116448
 182   0.840336175422001648103544658455   0.044384109114400192239281816271
 183   0.197500073004554390838091423163   0.361833463947610623410708271735
 184   0.243299390784076366786963056152  -0.910109696305702679175321515991
 185   0.744615473910570328106438620401   0.374372405488145504222029422016
 186  -0.509147628214839553825225818379   0.519542611900155531920260471312
 187  -0.633526414430346476868016252599   0.551187439425000572545772579315
 188  -0.029479836619679765445340314361   0.408479843862062476733829969154
 189   0.455081700339443438656907936195   0.519553445499767847974113210174
 190  -0.527687053463328276278277070149  -0.001314910995853722225483008689
 191   0.619881558692143521476242815708   0.373819122187397814032765313297
 192  -0.418047546245895901467861996082  -0.331155247756616777582689850745
 193  -0.194918084216346448515731053252  -0.684318774474605759601457541511
 194   0.241458302685006581960589017348  -0.681351765540469637195801307896
 195  -0.004484676997923083835771007085  -0.621018375468803261138843624910
 196  -0.584821823796451964421683146614   0.431808028319260287677739193930
 197   0.933505615005348531369171295561  -0.126734050748198969987911777437
 198  -0.231464586622157240119202744608  -0.574371995554351407815721927492
 199   0.261040449671813690457834114572  -0.795614299618416350615668769885
 200   0.376382137438923645524149085251  -0.494417577457198264213615791707
 201   0.230196127815680479110262319826  -0.054630461776180857070673335633
 202   0.357337677487655758670943096921   0.871667389038553617862423016240
 203   0.493722539845725426997165748706  -0.211223620610887062179530647069
 204   0.343686082627797557251978188588  -0.077953651733406783732234184341
 205   0.574261420751145450839782738551  -0.746805244693981081322894758533
 206  -0.271861536622652735053975230658  -0.770942363437634184725632306821
 207   0.185948730220500280844189039083  -0.557717976463000762676229708309
 208   0.935583495775597502419549180740   0.110352957812074957447450326703
 209  -0.869649263341000000000000000000  -0.361699892163000000000000000000
 210  -0.568084003463823771213049556199  -0.197885278879136499135393388018
 211  -0.921428004231194942179064336726   0.196124159358499382115895212735
 212   0.830829136768201247158247611992   0.159855132531846206162558735946
 213  -0.864449697768171125490399062590   0.374460909700970873043489669381
 214   0.307139580221986765648506497232   0.031993127186847568053501429678
 215  -0.671073526969023716008182346704   0.661176658894516681150924123920
 216   0.497572987440410130328466543399   0.095293526192650066516115346279
 217   0.039762720597257114430302273659  -0.117930860781983355533287252233
 218  -0.807020963647315356608609412661  -0.486015860954474993670882429888
 219  -0.308408039028463526657446922014  -0.660995584517379832939896692802
 220   0.624865732949584145070319200678  -0.227002810620674112725544418544
 221  -0.337054987038533366874531004751   0.672276509510535963659583620123
 222  -0.341104093839589614929617818676  -0.244531658793588352458515085435
 223  -0.458444496246391396402634482131  -0.527725615639899554492600230074
 224  -0.073727234214859963711413595103  -0.094607670824757428871726403525
 225  -0.146820239026481546918356977815   0.125285887015751274699744824513
 226  -0.373800148650715703201788715338   0.171932266930203128022866521931
 227   0.683503524580425634338632833349  -0.450266627344043346825351254800
 228  -0.584836434316822414242626393937   0.738553043430968556604340069236
 229  -0.377650596245400406533089510032  -0.134584879873334000672779471416
 230  -0.741257357902641662865016241784  -0.581405007048233175562393313051
 231  -0.077577681809544667042714389797  -0.401124817628294557567372396872
 232   0.745857885775748392903481186580  -0.247541029333509506656096146614
 233   0.072458775408383202702473170321  -0.534394786505774836014668859600
 234  -0.154521134215850953580958567202  -0.487748406591322982691547162182
 235  -0.117456772089653754845568631576   0.934718224683695893831056748681
 236  -0.264707088474000000000000000000  -0.902557522215000000000000000000
 237   0.120556620598248104299847245757   0.275209874984582198286533506425
 238   0.303289132627302062317205702538  -0.274524019616689560642144563670
 239  -0.564233555869139067881748761505   0.108631867924400629560252605330
 240   0.453325589845229932062393262657  -0.407793988494169839089441026398
 241  -0.811945550232381881172341150560   0.477743316356592995449350407679
 242   0.299438685032617358985904907845  -0.581041166420226689337790557018
 243   0.871953738790083760964237370856   0.356638374653591425598705750393
 244  -0.000634229403238380504470212391  -0.314501228665266132443197631562
 245   0.380232585033608348855449879944  -0.187900430653661135517969798360
 246   0.794988591276995685767179750151   0.270034061242966125856088714872
 247  -0.066026339025490557048812005717   0.518426622782316828519565583173
 248  -0.645027455870130057751293733605  -0.284508867842164924259568153327
 249  -0.150670686621166250249657772508  -0.181231259787785853995901168835
 250   0.076309223003067906033773965015  -0.227877639702237707319022866252
