   1   0.694396696738153666334995861821   0.308933890424248608452844483119
   2   0.444359922169144114182531025069   0.142386649328963272358570789543
   3   0.748148722417069768480773778781   0.579950227462269398167078011282
   4  -0.293608901325468329730384618119  -0.706809302107194491630691934127
   5   0.409061738881000000000000000000  -0.707366308182000000000000000000
   6  -0.020535929609853970093367024091  -0.178764086767992282097336374371
   7   0.742640958910383439350105496804  -0.076375062760701505777197856524
   8   0.125922544590701093799216927280   0.177298455753675472903259828009
   9   0.507523881618286908608737716046   0.691893470997895364092039513374
  10   0.839526239032453338515438502722  -0.121270472236361817197459580049
  11  -0.209989129654881023108633512067  -0.437083042053065048211611266540
  12  -0.009062913392000000000000000000   0.946565504288000000000000000000
  13  -0.554545411003000000000000000000  -0.609830549094000000000000000000
  14   0.925821309387031135386657862555  -0.197290851974223327937357091094
  15  -0.060848611284261360524846276200  -0.546463898097897437279495589573
  16  -0.661618746550408876071373217173   0.543838386964824533959138813840
  17  -0.868733655181575569169701094725  -0.080227160974767328979457031691
  18   0.225054598769509150024309298670   0.919466804599560830341674602536
  19  -0.217065355566439509442319261740   0.879306921912223612027605074514
  20  -0.215353217995010220491040081060   0.493803755079935239925349784286
  21  -0.485431781388852054369265073252  -0.499914822864947836553243538286
  22  -0.448077637517504671391524019488  -0.599949932861177875996449321296
  23  -0.255665899669417610922519333168   0.126103943750030084743190569085
  24  -0.146838062973205338770211349409  -0.350976723624707459506852969150
  25  -0.775224578244319651960080155772   0.363337576950525729112133082057
  26  -0.023217973779918568784570308588   0.286679311798507861971144151042
  27  -0.187150744647612729201690601517  -0.718676534954612614689012184352
  28   0.510193033020884397212156472223  -0.236950430809179283005151438481
  29   0.636495166384235765889000797541  -0.064737793952464105595634843702
  30   0.277745107131385355074207447643  -0.397525798857657060233105020438
  31   0.128604588760765692490420211776  -0.288144942812824671165220697404
  32  -0.404806418040037273506306569036   0.235484799794862473811074892118
  33  -0.447801143884509262628989105640   0.333228387031457462697396202329
  34   0.340896173813061039412629610302  -0.311419480429299471528346723048
  35  -0.189832788817677327892893886013  -0.253233136388112470620531658939
  36   0.800614590577712519616315654053   0.297974222335872582309593432294
  37   0.292537359628459852907540504706   0.717210903940295805494935637990
  38   0.065763094779264262262784435279  -0.944321975044997685916427199801
  39   0.609194345061226924757879232089   0.724535042032650418781330992414
  40  -0.239354706291738601610208221259   0.774877327732394629757971642385
  41   0.402214078242528649231148253181   0.812297052699529512085757684134
  42  -0.841496325139137561662256772900   0.137316409469946608843565854087
  43  -0.826979139776758068400672952796  -0.186289292395908671447146975887
  44   0.762797299747587134565845122858   0.107474842904251071813881751077
  45  -0.723561482611319313330047644854   0.269885557999972158131293779711
  46   0.123240500420636495108013642784   0.642741854320175616971740353422
  47   0.420136036829994440294125909547  -0.848265576187444542675242673523
  48  -0.273140196336556707447055674726  -0.523189360481422636916369563929
  49  -0.318816966351093295260941495826   0.039997625321672496038432271695
  50   0.211911996279645072044582000489  -0.018188718719514504869382792414
  51  -0.192514832987741926584097170509   0.212210262178387673447948866474
  52  -0.235509558832213915706779707114   0.309953849414982662334270176686
  53  -0.338973307188296990476681121880  -0.143852280343280081552647335906
  54  -0.132018415825000000000000000000   0.765114223169000000000000000000
  55  -0.445119099714444663937785821143  -0.132215011535042681371084323084
  56   0.636508059151702875976785325860   0.398662709288110397433075582740
  57   0.147419600069896277035928204661   0.846151306420592763438672991062
  58  -0.255901103640556508035498992111  -0.911363485302860311743306344364
  59   0.219621599707025011951887099585  -0.920779631687169217175902806986
  60  -0.086369040461594253122992471246   0.200572993370150273266385853652
  61   0.214594040449709670735785284985  -0.483632117286014648937863317827
  62   0.039933092901757115553851854071   0.372785630226865450675902448432
  63  -0.424962758877240968722046195090   0.051634894129909896219995284517
  64   0.573344099702560081550578634882  -0.150844112380821694300393141091
  65  -0.341931844991356997930419320225  -0.611587201669415276178012334118
  66   0.946491371044649293238999478732   0.014928554044238316434412439421
  67   0.103084159583432799892274016730   0.458891948655223039380660745821
  68  -0.123999677965937044863268438858  -0.632570216526255025984253886963
  69  -0.089051084631658851814195755743   0.666016391936650417334866379066
  70  -0.429702036492826346633626996092   0.517221329177214165001110996872
  71  -0.083686996291529654431789186750  -0.264870405196349870802094671761
  72   0.533130497080468312678904815226  -0.690683807454884432771090648354
  73   0.942150711085558295435155001149  -0.091764997623323611023400819711
  74  -0.931880286719363897049522806939  -0.166336731997679520302036382867
  75  -0.562273457040648517212634982068   0.350105149963412322793033939193
  76   0.082927818746229104676534390676   0.275042042990270461789581138220
  77  -0.275822240506621306138258959222  -0.057745961914922492847889038516
  78   0.018577864695981224438353965197  -0.848531008047546387520554026047
  79   0.593513333307230886854102789255   0.496406296524705386319396892951
  80   0.045297181241886312936258423063  -0.558101166906134837461058602395
  81   0.512998841169337656762434666599  -0.795550731347001152637203519330
  82   0.105766203753497398583477301226  -0.006551449911277104687819779592
  83   0.652189070905698913880561768694   0.626791454796055429895009682203
  84  -0.232827514662149317015576422617  -0.155489549151517481734210348727
  85   0.732186445561669860952585137967  -0.425774617523630642985308864480
  86  -0.668461207981695313980383381824   0.361353120731572130808899405815
  87  -0.577019937786297021460317415510  -0.750411066406226209211759921282
  88   0.570662055532495482859375350387   0.314599286185678449768087384322
  89   0.639676963123282366106283732514  -0.697769417527886914654563992461
  90  -0.591577573914999727830369772515  -0.488277554056710436371680525464
  91  -0.607395525199278508400335783415   0.726043699205305653506851966892
  92  -0.723106996278069538345450001312   0.456536895329526566927832797637
  93   0.304397441716470423164191155037  -0.681790570899840178655969178867
  94   0.019776752064553420338112228017   0.188935724561912873084822840831
  95   0.867569765837980806710317817925   0.086857237668519388438444215026
  96   0.228119537791000000000000000000  -0.814074124382000000000000000000
  97  -0.467957484721712957844728731694   0.149378481366504885106316594729
  98   0.605902785587000000000000000000  -0.440487862031000000000000000000
  99  -0.655387623788742877776778461390  -0.573896668928505123873828132117
 100  -0.040692270447057665309106650146  -0.362613992432944859688415981972
 101   0.553187758865356386334839008828  -0.334694018045774271891472748692
 102   0.679012968938496057025726258039  -0.518375571515066127612378309017
 103  -0.802316443030711898665412154082  -0.290183982758466305306012827696
 104   0.189073611272376778137639089939   0.263404774182033061608018125398
 105  -0.946582178166040656765359769136  -0.007138428837341567056117934485
 106  -0.571421233077796032614630146460  -0.304427648391757858780600917863
 107  -0.594259618085064326521573057011  -0.022834155490210292303200000051
 108   0.363734558820329333319572520852  -0.593012973330847038005747640860
 109   0.249542633783987863784857968101   0.814954491176890794381256948201
 110  -0.000379588772650274877627398037   0.005085818896960295493743233230
 111  -0.278504284676685904829462243719   0.407697436651577651220591486897
 112   0.865899820974373602094458174299   0.382473890905483210419153888752
 113   0.760078346183394777428993219050   0.396762724636106417957937980932
 114   0.550505714695291787643635724332   0.130749380520725872177007776721
 115  -0.394427033868239145970400764064  -0.860520826094136234430644277124
 116  -0.574103277247860631305833430957   0.161015750174742285287879607550
 117   0.808846469335000000000000000000   0.491765850642000000000000000000
 118   0.508123269737567441988547679157   0.798673600376921814863381680039
 119  -0.129363766306066242245675007851   0.298316580606745262152707163864
 120  -0.192444929388634979053239152101  -0.825327024424877539429510690532
 121   0.272381018791256157691800878652   0.533360998275343227903856030388
 122  -0.151630657602317022047108551546  -0.934385852238207117978329992088
 123  -0.617373731670272516562299245098   0.258637587231812350115428313089
 124  -0.003061632942714873568830682534   0.470529217463460439562223758643
 125   0.168917270435173082921899463884   0.079554868517080484016938517798
 126   0.148760929597969387706159837830  -0.104295037147872093574141089803
 127   0.785309636836140195995415822644  -0.528542856805501935936840284223
 128  -0.046056358787186862691513219138   0.568272804700055428448545068854
 129   0.320739832975857344196889984248  -0.495269386094252049119426330649
 130   0.659153027279714471130191808233  -0.347874199614789443687690340801
 131   0.896230255615881568289334693861  -0.304696744496102733409034375111
 132   0.593500440539763776766318260937   0.033005793284130883290686466510
 133   0.062771477909025409460794764621   0.091192137325317884198501530619
 134  -0.763832508238969740520851240582  -0.100179721372996480124567624711
 135   0.234750381286913365951524911039  -0.299782211621062071346783710226
 136   0.025140840404682617720518797009  -0.741951072571087415052138209996
 137  -0.422280714707176370030842910593  -0.413808504436590247848485240896
 138   0.507510988850819798520953187728   0.228492967757320861063329086933
 139   0.905259673952294000052891243518   0.276719532927507823691995591702
 140   0.297901447968589050289947073698  -0.213675893192704482642025412837
 141  -0.924166251807587700318962060366   0.204903675437377477931823367118
 142  -0.868668976503000000000000000000  -0.376102310459000000000000000000
 143  -0.491946784639279441737088113873   0.430457588913762022860866347762
 144  -0.820012663409394555985216645818  -0.472914378123633197523786281451
 145   0.108448247923561997274680585722  -0.471994848477777248756300305005
 146   0.839840284372696829684676416745  -0.436734557749463476120392433549
 147   0.191755655442441376828842374435  -0.202038624384467082460462400015
 148   0.088291907086358302058940959668  -0.655844754142729826347379912606
 149  -0.361811692195565284383624032431   0.137741212558267484924753581907
 150   0.295219403798524451598743789202   0.251767505373795661426455112576
 151  -0.295978581343825001353998585276  -0.241595867579875070438968646117
 152   0.795337512243345545291007300625  -0.339668299095273054280550567090
 153  -0.359129648025500685692420747935  -0.327702186008232659143726943507
 154  -0.587870249936677178812214932522   0.621062182154737123469988830355
 155  -0.212671173824945621799836796563   0.028360356513435095856869258873
 156  -0.088203935868480514168438040402  -0.848482381607401787366987487125
 157   0.424203581331940418966791399015  -0.041463256335989305232508818058
 158  -0.880739653510471741218867781352   0.346938668819268269561681720700
 159  -0.149520107143269937461414633905   0.114466674941792684561627556263
 160  -0.657863716800305829297711650116  -0.680649768460636983784448998455
 161  -0.634572299759471716953052309119  -0.390533966820115447485359215252
 162  -0.830107086016000000000000000000   0.454961706955000000000000000000
 163  -0.657410684766740010859995219669  -0.108940473918567881007958297440
 164   0.656651507221439461104740423595   0.119112111712488471995444763899
 165  -0.614415958922268021737312683065  -0.206684061155162869894279607652
 166   0.315375744635728146814483415256   0.435617411038748239017534720177
 167   0.151442973768033986397363122326  -0.569738435714372237642621615217
 168  -0.379285988862704380908160373989  -0.511552091673185236734806551108
 169   0.832817366465000000000000000000  -0.014359307024000000000000000000
 170  -0.065314564782317666559926655448   0.851364076711511281690828869459
 171   0.398683152154607526368645203969   0.705573635132058405313372625168
 172  -0.127820911996753322590893357162   0.937939545836590669377472210704
 173  -0.503745548769353372312287124208   0.751715428449653922665822309458
 174   0.484672603843551504614010277178   0.510086460658868427540730004745
 175  -0.402124373869972674815103284539  -0.229958598771637670257405633295
 176   0.257588766294181659858467821589  -0.581375704522609637824184628039
 177  -0.347429233707033511880037480219   0.785643285895609585623383453319
 178  -0.298567062457407954944949377442  -0.813475941383534709457209460763
 179  -0.846699714124000000000000000000   0.030646975148000000000000000000
 180   0.383890899657533028535312146906  -0.409163067665894460414668033260
 181   0.378526811317403831152905577915   0.521723729467105827722293017567
 182  -0.384912149432000000000000000000   0.419526385176000000000000000000
 183  -0.829076557877471402588835270433   0.253486649868714698580842418355
 184  -0.535964013761557192753997770233   0.527744992192480824642713345581
 185   0.930665551117255479161057967951   0.173004072644105275939354169872
 186   0.085609862916293703367737675172  -0.190401355576229682278899387193
 187  -0.298660625513889600045201869773   0.223847530986625073629511879296
 188   0.040831227743830006901178043815   0.839726807903273881509265856638
 189  -0.126681722136001643554471723354  -0.167126817959754881915773361549
 190  -0.258347943839482209613722617664   0.591547342316530228811671094497
 191  -0.440594482087677687973864961548   0.837821746878011511370580606847
 192  -0.082294274206000000000000000000  -0.740918856662000000000000000000
 193  -0.767968180958681922090626750609   0.553438027445571275144876048884
 194  -0.481102074732025009588141049924   0.619355706316097696219582323425
 195   0.699646233065911450227422960200   0.021368524475893483109123453688
 196   0.171599314605237681613102748381  -0.385888530049419660051542007616
 197  -0.106525381298797948338732097300   0.016723087705197695675306246052
 198  -0.109207425468862547029935381797   0.482166486271697839743786771465
 199   0.823196837333926178466941364128  -0.226796326587261534111415851431
 200   0.527667329688023493736692813782   0.412342873422273438654408694534
 201   0.421521537161875820275588114519   0.423980142230510838835971707355
 202   0.186391567102312179446435805442   0.728848172748533205676498650811
 203  -0.609712510375288890013156054884   0.450521197002568235131863329066
 204   0.275063062961320756383004163147   0.067917599708843083835375504976
 205   0.490036692183680701996416846169  -0.420800336474131860596231046081
 206  -0.691622266654653868704435479567   0.646318356118183128051835084281
 207   0.467198307176412408089473935619  -0.139206843572584294118830128269
 208  -0.637254343929536315644255593616   0.074909431746384696583121310160
 209  -0.698382349633214866899460997995  -0.476153081691910134987506821905
 210   0.533031418028152691119099382774  -0.518543923710726849482552356293
 211   0.209229952109580473353378715993   0.447254679846985639199097732999
 212  -0.043738723660000000000000000000  -0.945597981497000000000000000000
 213  -0.508270166396120348276207983802  -0.218321329963400270075842620473
 214   0.722304093961390155468613970892  -0.261767881186431854982932043411
 215  -0.907217589973317727314262008225  -0.270231422360237154160902234677
 216   0.042615137071821714245055138567  -0.092657768339634693392578076982
 217   0.198251649190322749703086455775  -0.670153302091602778474406166045
 218   0.002302455397414323813575886459  -0.460357579669539848574737292183
 219  -0.066212699624390557907252845192   0.384422899035102850857465461253
 220   0.252224677954052462476061252597   0.349511092610390650312776422788
 221  -0.685909814100113284056652392146   0.169962051483029815766111782672
 222  -0.025900017949983167475773593083   0.752122710365008006039624676454
 223   0.616338825547032070673261171487  -0.248587699617416683186714451303
 224  -0.720851320131129548559602686147  -0.198089342971398066671645410936
 225  -0.700405410611211999982677756274  -0.011196886681972892121636987229
 226   0.719802573903115145443162586254   0.205218430140846060700203061289
 227   0.714024392827000000000000000000  -0.620994075250000000000000000000
 228  -0.941363577773493197721359184037   0.099515785829787579268260279165
 229  -0.230145470492084718324373138121  -0.620932947718017625802690874141
 230  -0.321499010521157893952144780324   0.505441023888172640106912797108
 231   0.254906722124117061167264537093  -0.115932305956109493755704102625
 232   0.321927057635906956204386500900  -0.890186355068262752947356048776
 233   0.361052514650264734628369236356  -0.127569574764346893937267115447
 234   0.826020467742673998724482378485   0.194258762052470034556952010465
 235  -0.166994403810409033985950975463  -0.534826629289660037097932576751
 236  -0.488833657268834776477619835371  -0.810623483936289069953960354622
 237   0.327177632483600736773239062110   0.888269989355858861284258559674
 238   0.097674386417000000000000000000   0.941555725098000000000000000000
 239   0.022458796234618019029315512513  -0.276507674004587270983657684582
 240  -0.410580300388709196218459642878   0.699536967467251996918625155931
 241   0.401365196324672125059848488465   0.240130236565558261244892099755
 242   0.381208855487468429844108862411   0.056280330900605683653812492154
 243  -0.302505772973414285948630383917   0.688771009304037041053213344996
 244   0.487354648013616103305213561674   0.044643062092368283472249479332
 245  -0.482307472420353139372101226132  -0.701096725686471645795988957686
 246  -0.323342812758867153347407632143   0.889673087501817098529430147612
 247   0.166235226265108484230696179389   0.544998267083580628085419043210
 248  -0.761533416314890551237883160653  -0.562259400120267723692265119295
 249  -0.365656839655089970287052546576   0.602664690875679452348455047606
 250  -0.749060880781788968395074554805   0.083855733054672227061353485282
 251   0.318057788805792745505686699752  -0.029825987527751905050945805236
 252   0.613656781376967471982057886991   0.216855698949083460881766074111
 253   0.146078885427904789014956553334   0.361148361418628050494339435609
 254   0.335532085472931842030223041310   0.619467316703700816608614327778
 255   0.469880351346477006780677220115  -0.604650242139084438187310653682
 256   0.606112077559338063889733254071  -0.596400024941177163789850748241
 257   0.232068337116848767260321626543   0.165661186945438072721696815187
 258   0.334727087775731939672060177353  -0.784174494766036500446170071400
 259  -0.017853885439789371402163739595  -0.644207485334492426165816899784
 260  -0.063530655454325959216049560696  -0.081020499531397293211015064160
 261  -0.693051546853975721700385794284  -0.301188944823480921316880377408
 262   0.229386292946784168569118342047   0.631104585511938216790177340600
 263   0.131633638911260228705033147249  -0.860277780051685184285928204942
 264  -0.389468872736299520755836004741  -0.753854186817796016604126750487
 265  -0.531108551403388642183150894353   0.063272162938147296401558297339
 266   0.441677877999079515491327740573   0.607830047895463416427051314956
 267  -0.172358492150538231368357544455   0.396060167843340251039028474075
 268  -0.316134922181028696569738211330  -0.425445773244827648030048253718
 269   0.017094707894488821646908943521   0.654379123128413017153303366244
 270   0.464516263006347809398270651123   0.326236554993915849949650397144
 271   0.358370470480200135937165951861   0.337873823802153250131213409966
 272   0.530349373858088092427896098278  -0.053100525144226705414071830880
 273  -0.756861596727718871646794483160  -0.386808059695275608819027984062
 274  -0.528426507233324043491947609856  -0.402171235628352847666922228074
 275  -0.488113825558916653060468357748  -0.034471424298447692484763012872
 276  -0.103843337128733349647528812804  -0.448720310861302448393174279362
 277   0.131495822163445674874073537131  -0.753496057351294251541612925197
 278  -0.510998591313000000000000000000   0.247156067115000000000000000000
 279  -0.252983855499353012231316048671  -0.339339454816470059325289956328
 280   0.447041966339208712873734309565  -0.323056749237536871709909735870
 281   0.550518607462758897731420252651   0.594149883761300375205718203162
 282  -0.551264892240592337398890520406  -0.120577742726805281189521310262
 283  -0.043374314617122264000309934642   0.102829406133555284380064543441
 284   0.338214129642996440721426325806   0.154023918137200672540133802365
 285   0.426885625502005017657994683511  -0.506906654902489449300989343471
 286  -0.169676447980473632677154259959  -0.069383230723159893029452051338
 287  -0.381968033032768979599363658485  -0.046108693106685092666326025694
 288   0.080245774576164505985331106180   0.740485441556770605858061663633
 289  -0.152202151313334536152617918401   0.579910073508292828630108081676
 290  -0.195196877157806525275300455006   0.677653660744887817516429391887
 291   0.404047240494736723751051772961  -0.225313162000941882823588425659
 292   0.065453522079090008151998049117  -0.374251261241182259869978994794
 293   0.680641372617000000000000000000  -0.163335441112000000000000000000
 294   0.060089433738960810769591480126   0.556635535891818028266982056032
 295  -0.341655351358361589167884406377   0.321591118223220062515833189508
 296  -0.465275440551648359153525447197  -0.316064917199995258962163930685
 297   0.699663671667245725114486852511   0.484810566173687182696628877297
