   1   0.119020767900747954419030570222  -0.937583628569533102007929685550
   2  -0.214241236375635432982989311959  -0.920505131104403473987271499448
   3  -0.035325623629463288291367429486   0.269489501777470236007620103012
   4   0.556346151853000000000000000000  -0.764006397661000000000000000000
   5  -0.574745078263551556264978763808   0.622255008540303828931897220788
   6  -0.100838777639837158746678258204   0.786394774201845953523151779413
   7  -0.439566131291114289012771782222  -0.712960900885704453699969096445
   8  -0.295762002028073201154110866005  -0.547443072868139750500497200870
   9  -0.477196627062794135929761823670   0.085781615723059915299349652423
  10   0.527501796493681515864127603140   0.031047595437747446182659318073
  11   0.284227365940951500724364494323   0.189746826832756528692628317378
  12   0.282865768767849398618802662392  -0.495853526560500609863865154375
  13   0.757167105799640822418396417560   0.271495666715819848636677976965
  14  -0.462757873563118442417905159830  -0.309787285022835292795550987894
  15   0.207912767967097688987631841241   0.825756812468694529763614474321
  16   0.864016756898630743016581799926   0.383019643819567493723839034373
  17  -0.210826430139594153088112387289   0.786915030387244359998565634413
  18   0.192148456250488931230977183560  -0.179241182264900776963941727728
  19   0.177709702750813237719120519720   0.216327718480994431130958912590
  20   0.649819810356597574486790073514   0.294498156436871474205921554297
  21  -0.432518769390664953288630000219  -0.415324733121368570428858796776
  22   0.235171080918085843949965302024   0.694860029466456079471369665359
  23   0.513063042994005822352270939300   0.426616496183642654277559958391
  24  -0.064272984499436426690577492182   0.942919926195661180584298726544
  25   0.298666119440627194236221158163  -0.205822073913138679402272322939
  26   0.269788612441275807212507830483   0.585315727578651736787528957695
  27  -0.507435731235247625059036983281   0.191319063821593192932657461305
  28  -0.126042936146823755679192908319   0.586101846073070068907543529659
  29  -0.354878613199878077307099353296   0.349232176722183943322611888647
  30   0.360505924958636274600333309316   0.268703383283051903887605531049
  31  -0.685956596129868245752631974595  -0.575097236952393022139556188233
  32  -0.718659982245976430396803772923   0.250901271190148363605054720155
  33   0.010713831215767996455326225895   0.453983506326298888835905125565
  34   0.944418062829000000000000000000   0.036100279339000000000000000000
  35  -0.416718418717887157671211504448  -0.125293280474006639967265965341
  36   0.481462341648450231117433947759  -0.153446409111081206645625704480
  37   0.698828891917623060607225653692   0.476011136321994562900969048789
  38   0.161909352078035442101702023949  -0.073703734166367499330633918845
  39  -0.461396276390016340312343327899   0.375813068370421845760942483858
  40  -0.865533369793723844623456314859   0.379580017291238363249240619396
  41   0.389383431957987661624046636996  -0.522434418208738512302195749586
  42  -0.294400404854971099048549034074   0.138157280525117388055996270882
  43  -0.279961651355295405536692370234  -0.257411620220777820038904369435
  44   0.641131735103000000000000000000  -0.694259575760000000000000000000
  45  -0.431157172217562851183068168288   0.270275620271888568127634674976
  46  -0.202321495164508529555161723311   0.507145289622774693712566315988
  47   0.694497668028726757127921896965  -0.206608192407557011522286894903
  48  -0.469805235463567778142046941833  -0.607423452787171176066661287562
  49   0.413312902450544675215665906954   0.751480918532679392834028932256
  50  -0.187882741664832836043305059471   0.111576388876879485617665675671
  51  -0.112965779820250164272898076409  -0.495067408066082277743850582410
  52   0.236826313922618113872109007010  -0.680347531109329262692150176928
  53  -0.492996977735571931547180319440  -0.204249836924302015162243179012
  54   0.040952935388221485584601385506   0.348446058227765611202597316683
  55   0.193510053423591033336539015491   0.506359171128356361592551744025
  56  -0.135921075735939969874704903318  -0.787466560222321956060504727340
  57   0.009352234042665894349764393964  -0.231616847066958249720588346187
  58   0.725104249884043584917739294410  -0.316254953488928042969200780647
  59   0.313104872940302887748077822003  -0.601390974659033887497172963257
  60   0.328905223613080683365496317774  -0.311359522011671957035580131821
  61  -0.544158007690884229099953568463   0.516382872248897614257822578648
  62  -0.308839158354646792560405697914   0.533726181271012596150896911199
  63  -0.324639509027424588177824193685   0.243694728623650665689304079764
  64   0.813770945200098068255192757904   0.480630682022522267744455641221
  65  -0.385117717372331566436374512907   0.454769624820717220955919697529
  66   0.895037733612880470500959353063  -0.180854092772434197673666633340
  67   0.359144327785534172494771477385  -0.416896970110205234668887940703
  68  -0.267973183619930261803759132312  -0.688481162329929974864480469145
  69  -0.363287572273429515136802967230  -0.634004344435409078504991882774
  70  -0.020886870129787594779510765646  -0.126079398968424972087280537305
  71  -0.498881844161809800250382512610   0.766404589533295048082083068642
  72  -0.157643637492379346914029899860   0.006038940778346207984357866789
  73  -0.233922196510064120789998714853  -0.072917615671949167210619346882
  74  -0.065564727801916777420642589097   0.375026949876003513640927911895
  75   0.752544724054543597039875714980   0.571756453440594542348419299364
  76  -0.944883269883877272547687150682   0.020606068204484520384539336688
  77  -0.785799422495659065631863159692  -0.226518572634952099384963878318
  78   0.393233653886000000000000000000   0.859416154591000000000000000000
  79  -0.097165429147472368655479580638  -0.205035955418720347282257750975
  80   0.055391688887897179096458049346  -0.047122842518129596892303323634
  81   0.025152584715443689967182889735   0.058414605580403680741004485248
  82   0.941593404254005418169107091689  -0.081430122305256636064441801809
  83   0.589634090631000000000000000000   0.506675514680000000000000000000
  84   0.603621316845609711003406940889   0.727234700494185696124354973856
  85   0.023790987542341587861621057804  -0.627185747812853457815488986504
  86  -0.645554095770941479299117949425  -0.362162949824892765552197606353
  87  -0.363383548174963700840050017273   0.629001917486653609608611207072
  88  -0.843258253127356810331323228241  -0.020925995812850744094131254972
  89   0.222387560422942420360252343171  -0.284778630363434054597249536610
  90   0.834815051003008147105365414227   0.193885403361042056536442120630
  91   0.573541251338912800610821258522   0.215541599986576099010944340626
  92  -0.232560599336962018684436882922   0.612682737721307971345874124870
  93   0.131670247905581952972426864339   0.031833713932165778302673890037
  94   0.754247031298040803508049320784   0.381240960634093195049160939323
  95  -0.553475186080478909805730638662   0.006825059272764540104372438752
  96   0.554426075942135958743479714110   0.615374676867681569184153170615
  97   0.785204226460000000000000000000  -0.124043450083000000000000000000
  98  -0.893591143090000000000000000000  -0.307726773669000000000000000000
  99   0.215449891194894148247397853508  -0.885105246801175845825475897276
 100  -0.672620527400745145650110117541   0.435395275738977016433339742708
 101  -0.706032304115848457557668268647  -0.151088053627826210285581988590
 102   0.344705574285858478982914813545  -0.021328069364310026573987300386
 103   0.171669991399432378503953946751   0.929386043475053877592700947993
 104  -0.400918068045109362053793008677   0.164738172173355290494326866094
 105  -0.659992849270617172810974613265   0.033405950921002442542703033964
 106  -0.784599456268273106681704417805  -0.526908622985832449405936998788
 107   0.511701445820903720246709107370  -0.258983857209614484278933513362
 108  -0.156282040319277244808468067930   0.691639294171603346540851338541
 109  -0.439662107192648474716018832265   0.550045361036358234413633993401
 110   0.418835122942401775769819274856  -0.630948894186577896354766786059
 111   0.619223408237000000000000000000  -0.286540376904000000000000000000
 112   0.497262692321228026734852443529   0.136585043536280723815967126956
 113  -0.393843200511700001694234898628   0.734475923534723359415265184845
 114   0.176348105577711135613558687789  -0.469272634912262707425534559163
 115  -0.539036432580803216293873974822  -0.388743841473130667990528201565
 116   0.101431143733128463843151704728   0.137371162030699055935981698919
 117   0.238187911095720215977670838942   0.005252822283927875864343294825
 118  -0.243263036260816679033638599664  -0.810493932694640842835863787598
 119  -0.794938541263661204272772587915   0.171944714739852988410077506485
 120   0.071192039560674974713876545117   0.242908610129232333569289507801
 121  -0.840777401640148500708338297314  -0.431650743824838481277681083072
 122   0.541940549993357209375984266980  -0.364521305308147761912241322244
 123   0.146109001405257646484283528178  -0.363735186813729429792226750280
 124   0.207948806923266726848395679331   0.110790270382461153497651103708
 125   0.784024425129514106501962480209  -0.527763871967029259127953137652
 126  -0.613953394425385888064280957884   0.217899955469831095370988056516
 127  -0.680486561117000000000000000000  -0.258052670936000000000000000000
 128  -0.470121759529384775570203713620   0.655519367084427984220287971174
 129  -0.758443386070713820477327300591   0.563908355922206625499682952376
 130  -0.082726675647796675143622916799  -0.600604856164615555377158391293
 131  -0.319541595278501452909607414656  -0.889450489144936218030841001269
 132   0.933859465324000000000000000000   0.145375905060000000000000000000
 133  -0.839273052101518258145541064466  -0.130637775240069746363350941006
 134  -0.173443988165157142531448395631  -0.283992511869015722477234964646
 135   0.682908933153000000000000000000   0.189809232403000000000000000000
 136   0.300027716613729296341782990094   0.479778279480118459154221148813
 137   0.717533123571631818626341510706  -0.615122118225993614505557177631
 138   0.206587209750164624742833847400  -0.574810083010795985058842368045
 139  -0.249722547182841916407417210623  -0.362949068319311097672212178317
 140   0.223749157596044522465814175102   0.400821723029823083959243935143
 141   0.611015460381493555621097536103  -0.588541226577755712067226582420
 142   0.065112496553909373017791735834  -0.841946529843679222437594516417
 143  -0.066926324975018879526204421028  -0.310573403517253624915565559857
 144  -0.172082390992055040425886563700   0.401607841524241416079258507106
 145   0.100045833057111810243497316425   0.846184262760592661791711085885
 146   0.425922108446365738861362729062  -0.843693878897967462299847542148
 147   0.902604180182347208122506645676   0.280240428330119454389932430963
 148  -0.326001106200526690283386025616  -0.441905624769606472867189391988
 149  -0.923274358756000000000000000000  -0.201973355194000000000000000000
 150  -0.629753745098163683681699453654  -0.072131497177530835090604774919
 151  -0.081365078474694573038061084868   0.084995497228641583179335080460
 152   0.056753286060999281202019881277   0.638477510875127541664190148118
 153   0.377000465012000000000000000000   0.561617205939000000000000000000
 154  -0.825177645436114693402047747526   0.277482162838386266043385315367
 155   0.374944678458311968112189973156  -0.126865517462843304207295109268
 156   0.117231494405906259460570200499   0.427402614678060986397574530354
 157   0.634019459683819778869371577743   0.004466703789509543744328722862
 158   0.449555679018209985699343801443   0.647851687526320045004942458583
 159  -0.748899086418429919526078932533   0.356438719288681641238362529038
 160  -0.310200755527748894665967529845  -0.151874172122244542405596560553
 161   0.543302147166459311481546098911   0.321079048085109376644252149508
 162   0.619580706184144085357514913903   0.400035604535404751839229363179
 163  -0.566102864210606882644866142938   0.408814384090739113995009147497
 164  -0.789254810776039070747487499866   0.458536573741533738444217833067
 165  -0.601956470002865914800943698728   0.728613348748830370433875008994
 166  -0.203683092337610631660723555242  -0.178455063770482444843927155764
 167  -0.655717491957414756623356814984  -0.680634685050926299772863997115
 168   0.342716341992026195980291218374  -0.710059497514651681816466593633
 169  -0.261942671364483704614009691809   0.908083168367156782017112901271
 170  -0.370678963872655872924517849066   0.059200724074822012861019057212
 171  -0.106050068320985047344928898149  -0.939139173265821303184444166531
 172   0.710298018701504552745340392736   0.083423260239804918939305936533
 173   0.753785320957060617372687320599  -0.422226423868495981494645328770
 174   0.047363069708000000000000000000   0.943417296738000000000000000000
 175  -0.546083794481252552018015756825  -0.686380009237466551261638501233
 176  -0.402279665218211464159354840608  -0.520862181219901848062166605658
 177  -0.422603285144125026374413697618   0.845361145983590423277060282313
 178  -0.618043393422000000000000000000  -0.475104452440000000000000000000
 179   0.449287524658039641762595258403  -0.736424993858743037096218269883
 180   0.341688744108224106955209276627   0.668279137818218177033039070148
 181  -0.888783978353512195038609672655   0.114974632155061878071980296502
 182  -0.127404533319925857784754740249  -0.099498507320187069648949942093
 183   0.662516371356459405265334223671   0.634585205479549256744606621263
 184   0.314466470113404989853639653934   0.084209378734223251059320508496
 185   0.253988261768498011595089334712   0.295284274931289806325936126260
 186   0.859575796061354058968405589583  -0.392884785374523479893898209264
 187   0.435422886803218946370740292377  -0.337940413659909859473910727033
 188   0.406545379803867559347026964697   0.453197387831880556715890553602
 189  -0.771269094092000000000000000000   0.064174485998000000000000000000
 190   0.677506761939375843496718505606  -0.501182980318791356689622542441
 191   0.130308650732479850866865032407  -0.653766639461091360253819581716
 192  -0.044491229251202582541924404332  -0.848237766760290689817302230056
 193  -0.356240210372980179412661185227  -0.336368176671073195233881583106
 194  -0.446957522890340646800486664059  -0.019755832375473362333958156459
 195   0.136288609624777120727175210914   0.742555031754233313962624612213
 196  -0.189264219738000000000000000000  -0.574103638446000000000000000000
 197   0.026514181888545792072744721666   0.744014958973660819297497957000
 198  -0.569275536753256705423149134432  -0.283206393374597390357220392682
 199  -0.523236081908025420676455479051  -0.098712388825768737528935370130
 200   0.154615610077000000000000000000  -0.778365785620000000000000000000
 201   0.100069546560026361737589872797  -0.548229191362558082620511772834
 202  -0.420530301655299809555696762297  -0.846394275230520725254434896486
 203   0.008631725126000000000000000000  -0.945001705121000000000000000000
 204  -0.919023082525965684167884832266   0.220512080253595155705288105384
 205   0.325210175248156674729723937236  -0.887393568642662153225805761662
 206   0.054030091714795076990896217415  -0.732723195911386735448796795386
 207  -0.317564641494015227818266083636   0.813432479985018734610242398515
 208  -0.730994642197976287635897308882  -0.431101106157600190237825315358
 209   0.039591338215119383479039553575  -0.337154295165491527353896155069
 210  -0.095803831974370266549917748708   0.480564397974536791274235720777
 211  -0.143204883992703653402173236020  -0.389529959967549000110542773528
 212   0.515215625246783087415082941738   0.792326866422477367164644612458
 213  -0.642381423228291656520834957930   0.329857827640443738800031933826
 214  -0.051125974302241083908785925257  -0.020541950869891694453972728423
 215   0.420984133303543252858883628537   0.057628487085985348620989913285
 216   0.820069409015639472379120371437   0.085096054550216603764761539592
 217  -0.019525272956685492673948933716   0.559520954424832166469212934447
 218  -0.515844690308799062888740597214  -0.791917457335999828894946310115
 219  -0.690231953443070661940249772876   0.138943399019535720176010842846
 220   0.451223237475996741988158788148  -0.047908961012547929012317895598
 221   0.850308513188092961508395531047  -0.020441393548316673868546269290
 222   0.899337185387446171169499034113  -0.290554006567939448297401817977
 223   0.085630793060350668225733208957  -0.152660290616662874525611132516
 224  -0.141843286819601551296611404089   0.296070393425708138445950698224
 225   0.115869897232804157355008368568  -0.258197738715196152158918941398
 226   0.647670799995456097397725719832  -0.394079224835691770769835145047
 227  -0.576322898653706041147290916436  -0.580842561138933273628330692351
 228   0.603780355511366289740096418133   0.110004151888042821377636531744
 229  -0.219483443010388427278142051012  -0.468486516417844375305519987199
 230   0.306795239260406412210421932351   0.778061810180917295272359527467
 231   0.495113681960086549645788089848  -0.551992337736282521159789572389
 232   0.587980004838588494122677922362  -0.180027300759319109083956299692
 233   0.467023588148774537605577283919   0.242122491634814001449274935838
 234   0.069830442387572872608314713186  -0.442691743264024804987203963951
 235   0.290687760443000000000000000000   0.898825787265000000000000000000
 236   0.465661990975672435500015451987  -0.443477861758443137107218535915
 237  -0.508797328408349727164598815211  -0.494281289571663945623836010447
 238  -0.264161300682517609919273874463   0.032619832426584110422688462000
 239  -0.940898068858038720361904986908  -0.089105711222734481884680349346
 240  -0.036687220802565390396929261417  -0.416110851615786902548873368740
 241  -0.287104989157278926964081202281   0.707958473936948984803588420743
 242   0.525566083675724415638564073396  -0.657468437408447661901241056213
 243   0.390745029131089763729608468927   0.163165935184518626254297722167
 244   0.482823938821552333222995779689   0.532153944282175931910867767273
 245   0.268427015268173705106945998553  -0.100284625814605401768964514057
 246   0.252626664595395909489527502781  -0.390316078461967332230557345492
 247  -0.278600054182193303431130538303   0.428188733172479318517589102317
 248   0.557740900666135004993402762751  -0.074489852660785831450648490809
 249  -0.687385077950000000000000000000   0.648604579367000000000000000000
 250   0.330266820786182785471058149705   0.374240831381585181520913339931
 251  -0.340439859700202383795242689456  -0.046336724023711264772288751670
 252   0.800220680364033096062419878080  -0.236191989240481669981174396370
 253   0.571392240977771323521756904840  -0.473035781285987145964812358718
 254  -0.650675670881022492105197543066   0.542963763897135516696153173859
 255   0.163270949251137544207263855880   0.611896619226889639225859552907
 256  -0.158514626853021383246792609787  -0.680032451019411316520993348969
 257  -0.218121845837286325172580219082   0.217113836975412763250973484553
 258  -0.111604182647148062167336244479   0.190532945327174860812642889342
 259   0.086992390233452770331295040888   0.532940062776594264030882339236
 260  -0.005086519457009799162092269875   0.163952053678936958374312294130
 261  -0.736271408288301946686943428257  -0.045550605529292932652274179708
 262  -0.248360950009739814301855378692   0.322651285073946040884281293435
 263  -0.344251742637615035679727947304  -0.767437718780225350059457682816
 264  -0.537674835407701114188312142891   0.296856511920126470565965270187
 265  -0.155383167460154067026322577562   0.881670510417486966980866075285
 266  -0.599514640925710194552424294044  -0.177668945276064112723912583801
 267  -0.583714290252932398935005798273   0.112362507371297817737680247634
 268   0.664258563856273267998646737355  -0.101070744309023733888979086021
 269   0.264100985054464501666880254594  -0.786689661457337265336774579911
 270  -0.786362022101767572094838957999  -0.336301266416742250481485700758
 271  -0.049764377129138981803224093326   0.665058402523365444102520743330
 272   0.147470598578359748589845360109   0.321865166579527708764266721472
 273  -0.386479314545433668541936344837  -0.230830728572539917600573774223
 274  -0.054177183491808513941158400809  -0.714182916391771850427506843333
 275  -0.009728594679119518410933172823   0.847644189980020167126584430673
 276   0.436784483976321048476302124308   0.347659939733347279082582744720
 277   0.740537122873958041874615552346  -0.022114187858728358694001872350
 278  -0.006448116630111901267654101806  -0.521648299714320180182181177622
 279   0.405183782630765457241465132766  -0.232402965561376581840602918151
