   1  -0.352419599700560599297472508240  -0.250256695360748320615422365574
   2   0.499857116466997516918739978819   0.690185261534305195070708064127
   3  -0.689511841179121429470762930735   0.423600185135037275049915928334
   4  -0.343337694339956219747956324976  -0.357431266624890941338761045845
   5  -0.326723164630734296692440288629  -0.575139441630831228792894614836
   6  -0.055137006067000000000000000000  -0.944612794037000000000000000000
   7   0.034463711506568215588298840160   0.700052964169711283903173486023
   8   0.749837897330000000000000000000   0.057805685266000000000000000000
   9  -0.236898934944596442212350268854  -0.510327962764055406749725652391
  10  -0.935202282307990941792294100290   0.143979957608019971665434821274
  11   0.535914821570000000000000000000  -0.779557827683000000000000000000
  12   0.814542194776631481928236666931   0.481512772369903554952840783769
  13   0.159066281623136752222937262810   0.332807125502261577045531518936
  14   0.344698084332043168645600825265   0.348537447016360508393618346655
  15  -0.603774370560969043885569292359   0.488545976858852730755829772055
  16  -0.361501505061164978846988691503  -0.143082124096605699892083685304
  17  -0.834820868125637044025355036107  -0.138318877341915762634416245343
  18  -0.825738962765032664475838852843  -0.245493448606058383357754925613
  19   0.186311997704949890871485812600   0.011283411709833714875515478125
  20   0.717094341877975907731512230453  -0.617340458639699900648099258533
  21  -0.328745084750619382955097991784   0.562920096083667842470864368362
  22  -0.662653972526035552354774493345   0.101258821792602454894132773794
  23  -0.339016861263189060708479302699   0.669987179437552016826673100541
  24  -0.494500281884000000000000000000  -0.806723529497000000000000000000
  25   0.009762100356647853998338433408  -0.111621481068407837195910029865
  26  -0.299418131435899347793519320614  -0.897598083550938135682339046814
  27   0.759609100924200301289457951228  -0.159452902249381082311807338598
  28   0.432973033006194187082174514861   0.409989893405481284429331100650
  29   0.417353327216878205041730291372  -0.508859123096780457393091095508
  30   0.240803429868576168168582912180  -0.631764015875022009464516603498
  31   0.442054938366798566631690698125   0.302815322141338663705992420380
  32  -0.820147426052548438481949274681  -0.471902253190490717208914064430
  33  -0.291390367108222719509447368434   0.132719464820800317590306429232
  34  -0.317641259270129917142924105366  -0.682314012894973849516233295106
  35  -0.486104075177733515481627114152   0.224163714570844006965558281783
  36   0.213557713786763029520034362390  -0.310240302082594147294500562687
  37   0.231721524507971788619066728917  -0.524589444610879388741177923228
  38  -0.771972852620000000000000000000   0.146663161056000000000000000000
  39  -0.724199191122313825657898596026  -0.280969419422602233336215165348
  40   0.609661885359372473312046446788   0.532694697846088113548902045908
  41   0.944351726930000000000000000000   0.059441094259000000000000000000
  42  -0.044729331806978423298758666173   0.531425946516447887144122051758
  43  -0.644490161804826793255742126818  -0.113090320735682786552544586747
  44  -0.221279229155280460171906045364   0.408521053738206335072696543768
  45  -0.467940264456524756382594747626   0.009814572042558765518880921242
  46   0.362861895053251927744633191792   0.134188304488075266946940986114
  47  -0.828561522840683823430873252481   0.456967547966821593840396379686
  48  -0.529975416372521321297875449781  -0.522662098871626331667259093552
  49  -0.691442059377000000000000000000  -0.645942161132000000000000000000
  50   0.927759904897106014738845309141  -0.185997569586796532382571594345
  51   0.222639619147367409069550545653  -0.417414873346736768017839242957
  52  -0.214073829085320702346006643649  -0.832136493385981280685170776755
  53   0.247341230297287770659510952406   0.394259571891382353081244272931
  54   0.584821319204575862365361487301  -0.278779659054396284598326907248
  55   0.256423135657892150209027135669   0.287085000627239732357905592660
  56   0.168148186983741131772453446073   0.225632554238118956322192838665
  57   0.371943800413856307294149375055   0.027013733223932646223602305844
  58  -0.062893142528187182397791032699   0.745775089044733128590799412299
  59  -0.139542080909841044226260395994  -0.556050087639077251437351578666
  60   0.512853784612000000000000000000   0.579614718932000000000000000000
  61   0.107118954391403251984428306267  -0.157343605943429681883535956141
  62  -0.053811237167582802848274849436   0.638600517780590507867460732028
  63  -0.751274334355000000000000000000  -0.067751781068000000000000000000
  64   0.469300654448611705280239247915  -0.018708391651089198464023620432
  65  -0.370583410421769358396504874766  -0.035907552832463079168745005033
  66   0.778757281028886752104358160305  -0.330304835671469083612338513237
  67   0.853938145736599922928329633849  -0.107772141463455496418661845499
  68  -0.227859973649041736131541470489  -0.617506164415926874144669257691
  69   0.675576181753851898028564821679  -0.518117920320327327019673481316
  70   0.283668851739705288857575685459  -0.034438713165188129812110448151
  71   0.134364670473216390632976856057  -0.478867319735857544053551996952
  72   0.183096188119731015093963188982   0.928336858539456294113377822292
  73   0.381025705774460686843665558319  -0.080160838040209974499736374427
  74  -0.443325851924786473964523604178   0.733523905809333516025146344890
  75   0.406235848875000000000000000000   0.854579324919000000000000000000
  76  -0.345111185233274129639947643771   0.777373067458182578247412475398
  77  -0.853146330511181508924955091826  -0.032332806752485215888686393558
  78  -0.160249996562942580383880905559   0.791497213919754973278425338574
  79  -0.680800794133868388582741095841   0.315644122059173765262449623548
  80   0.566657508483367103266329120774  -0.064430516526111043151649546707
  81  -0.239443039876489219270938411891   0.622870196266491576519373904309
  82  -0.783244241965449813766702974511  -0.370872432172805693314509106855
  83   0.487464465169820464379271614441  -0.233057534179374439910700980973
  84  -0.170915121167199086404412845534  -0.930656520088525501444389669957
  85   0.496546370530424843928787797705  -0.340232105443517060634039661243
  86   0.116850938216546284082170962337  -0.834651812651100615846356570879
  87   0.122738660180719234024872529756   0.761505410558832059938886240018
  88  -0.184951607712862941973841312311  -0.020177231318364147820658177314
  89  -0.397829126503582497045053424557   0.285616160959964783001271035778
  90   0.514710181251633603027820164232  -0.554581247971802302080717021784
  91  -0.230361134515884839721422228628   0.515695625002348955796035224038
  92   0.143446575833820770182493039321  -0.586041891000000164776890677223
  93  -0.528969497048862636170619887432  -0.373161588138989872686847873564
  94   0.195393903065554270421001995863  -0.095891159554308905847823202146
  95  -0.248524945237093598820454595155   0.730044767530634197242712584579
  96  -0.431655579492000000000000000000  -0.418975090578000000000000000000
  97   0.116200859752007631533944489531  -0.264518177207572302606874636411
  98   0.707115211158243480985758641704   0.486833761120723823421146747681
  99  -0.309554177829431478608479734960   0.347068607349085559036983789773
 100  -0.300472272468827099058963551697   0.239894036084942938313645109502
 101  -0.105758564399316303086783805978   0.148449786334899248938393256951
 102   0.930178756783075744684931146374   0.173496447964717809988002731570
 103   0.402500262432242118932650105960   0.735907386409327039758333990404
 104   0.344158595158762161653634415955  -0.784877434590441989035579715682
 105  -0.874476925554998709574670811281   0.232756648117711649698872482863
 106  -0.542439211231374659675291794178   0.775302030917994254341761301134
 107  -0.078512848317503164438235256188  -0.173073927457528613231622783860
 108  -0.884784013608168652584643231328  -0.335396461356261843336048867121
 109   0.326534273610834409546568458738   0.562886589544645749840295707196
 110  -0.026565521085769664199726299646   0.317076803988162645697444691217
 111   0.460218749088007325730723064651   0.088466179613053422259315059839
 112   0.830405934400322043302258504162   0.213674223468237685304262057489
 113   0.610406023003362333408623631294  -0.603684970865895088702744720896
 114  -0.336021171804029143770529732175   0.884546951340814664023500753807
 115   0.886310977209285359123842397652  -0.331340291400252233400847602458
 116   0.046089721799065372196403166461  -0.540319766124978320089264750947
 117   0.246801741124006763667544543096  -0.739155309715420144347953789406
 118  -0.513049966295411750436202659189   0.546320990500491010599030010375
 119  -0.406931137892000000000000000000   0.392819623845000000000000000000
 120  -0.761293436963361755094968724602  -0.561930458209371631131794011829
 121  -0.422473015657955408065643153717  -0.526141117589118087398169857009
 122  -0.062199360607693595361832823142  -0.746315389590580433228910334203
 123   0.833430860084706393099973626520  -0.237678330372722118275717087444
 124   0.098037049030798872434912123004  -0.050169034679287061160197275870
 125  -0.945964528876342913077147943739   0.022014702692541872623196722843
 126  -0.440694548374711617734046197836  -0.311709141749869096651135119569
 127   0.575739413843971482815845304038  -0.171605087790253663874988226978
 128  -0.151168091202338200834364722295   0.684322642655612352555086658304
 129  -0.255062745665805201311382635380  -0.295978820235770165303048291850
 130   0.238259324936683391109994769142   0.501434143155524973804582953201
 131  -0.629875317928000000000000000000   0.706109375695000000000000000000
 132  -0.194033513073467321523357495574   0.086997339945778472902680502956
 133  -0.578515134431392549009033566856  -0.618645251046354632608910833404
 134  -0.008401710364560905100693933119   0.102727661459877404250767330676
 135  -0.042202852391000000000000000000  -0.601809725764000000000000000000
 136   0.143649594921000000000000000000  -0.708666462337000000000000000000
 137  -0.175869702352258562424325129048  -0.127351802582506768543996857585
 138  -0.653572067165431172805258310081  -0.005915749471540165829205906477
 139  -0.733281096482918205207414779290  -0.173794848158459612612876485078
 140  -0.166787796991654182874808945784  -0.234526373846649389267335537855
 141  -0.142086185841733821284848539032   0.577148071391469731831747978033
 142  -0.060349037596294405339202889661  -0.387423069985813854678300144401
 143   0.045041721134686750333553604784  -0.754574936633600203487379283768
 144   0.755343450297145330827803981676  -0.051978840469993283414692898546
 145  -0.264144651026409580860898818644  -0.188804248971627544579709611579
 146   0.645989506801789991510111179842   0.103996412789517630655547324826
 147  -0.740286574166532804994299562886   0.518419994355942369876109133681
 148   0.539411792401553964617780570984   0.257093197266316819018366494104
 149   0.845497371338102566208363792758   0.107179536925740395382737038811
 150   0.548493697762158344167296754248   0.149918626002174198295027813834
 151  -0.069430942956898784888719072925  -0.280248498721671233954961464131
 152   0.177230092344345511321969629337   0.118457982973976335598854158395
 153   0.451136843727402946181206881388   0.195640750877196042982653740109
 154  -0.245980840305200821761866452117  -0.403153391499912786026386972120
 155   0.055171627159669751745919349725  -0.647494337389120940812603431217
 156   0.210116165887267211643682172813   0.824227346332004234565921375443
 157  -0.318636083190035858157995918224   0.454243178613228179760322470043
 158  -0.388747221142978117495537241293   0.178441589695822162277932355508
 159  -0.334255788979351840198440141713  -0.464605837889033562062099726115
 160  -0.379665315782373737946021058030   0.071267018431679541554593675237
 161  -0.565297118491280154368684620485   0.055536696917580610206506847518
 162  -0.133004280481129441735332355768   0.469973500127327111108409297763
 163   0.423891127645589807532658331598   0.517164464669623905152669780921
 164   0.621134114632000000000000000000  -0.713794612565000000000000000000
 165  -0.777786789853272447907336620331   0.362147738745916499014203174338
 166  -0.130503119614286338145451597630  -0.663228289290948718832295183967
 167   0.436933424061105764274006693377  -0.839298945528421558131979115196
 168   0.079873238309590113335879756477   0.164180107848998180286480084671
 169   0.079249089819281211014237192274   0.900325255493424187994603482295
 170   0.944880588171920460915082884468  -0.050340948767062972267443822227
 171   0.740479802370181053216957464469   0.589086750240319040650037938525
 172   0.671836652889310322205224979794  -0.342003083782625585138347596923
 173   0.426435232577482584591246474636  -0.616033694360923078116429775779
 174  -0.449776453735315997283562381099  -0.204534570485726475927796439299
 175  -0.148623986270445423775776579258  -0.448875516374934630714012898396
 176   0.043545616867172595137815023424   0.592878392905568663179834805753
 177   0.478382559809216084829755431178  -0.125882962915231819187362300702
 178   0.319996473182122807055640418513  -0.463136998221758612705465169233
 179   0.321336036003517979185774027283  -0.889986903831976739072193426265
 180   0.274586946379100909308059502196   0.072735858098954490911228232119
 181  -0.423146031841239290802223366381  -0.633697692375826490405876424988
 182   0.025381806145963836038782656897   0.807227535433853904626512166294
 183  -0.883035109691147405064597615386   0.339974310911318247507905936826
 184   0.055245276749136157540889553877  -0.944606529949795430315835127965
 185   0.052627522227776974687331206687   0.485703821641426042456496125482
 186  -0.458858359095920376833078564363  -0.097359999221583855204457759028
 187   0.301832662460914047956608051986  -0.248787855693473371258787808692
 188   0.611984887640028827131044213053  -0.431371064218443086981043366331
 189  -0.606807735319830975999076777167  -0.447391490425761875599262938542
 190  -0.282308461747618339959931185170   0.025544893556657696866967748961
 191  -0.408279558207915042510752544900  -0.740224016316632007515650724506
 192   0.898394738704076214045804960931   0.297019242635417544456039774946
 193  -0.712719581661429609400053959444   0.622386001564334017301757024344
 194  -0.114840469759920682636299989242   0.255624357599041869661731937222
 195  -0.538051402409467015720136070695  -0.265987016874847251963509193294
 196  -0.415977964488483918971247092182   0.499997171618326733923294075758
 197   0.229177419576079011560478585879   0.608608714419667594527921633472
 198   0.618743790719976852861562630052   0.425520126581945492825563365638
 199   0.716197116518847860535274824968   0.379659189856581202697808067410
 200   0.140902470901927993123904896283   0.547156268030546818492208879477
 201  -0.507967297729085178152943124500  -0.699835598177379591776130098573
 202  -0.218778068288437356582025287226  -0.724680735680069494868007937961
 203   0.131820565541323613574388713020   0.654330839294689439215547559748
 204   0.018844005717252233547854616671  -0.218796052332550457919248710136
 205   0.088955143670194492885395939741   0.057005536584855559563141404400
 206   0.502701369141000000000000000000   0.800483646791000000000000000000
 207   0.037007816438460992646886983198  -0.433145194860835699365926070677
 208   0.664014362518122501252418993634  -0.110152641401132887839275472983
 209   0.788756005002000000000000000000  -0.522682200124000000000000000000
 210   0.061709427588381354236847389950   0.378529250377283421733157445211
 211   0.683082077975842935499453073844  -0.235033881928751108734185238442
 212   0.408271421856273825492214108109  -0.401684551832637836669752415238
 213  -0.228956341465003177591185315809   0.874251717729703900661383746405
 214   0.437676420594556963691322042527  -0.731742831398247446242109289513
 215  -0.635408256444222413706225943555  -0.220264891999825407275883267018
 216  -0.613554119237783493680576107092  -0.720336643378101493622902762940
 217   0.399189516495669445942697924846  -0.294509980568495215946413734968
 218   0.070791332948985733786363573214   0.271354679113140801009818764941
 219   0.557575603122762723716812937511   0.042744054738031577571689133563
 220  -0.140681392790852159154611626213   0.935704164118824676697096500400
 221   0.636907601441185611960594996579   0.211170984053660251378886005097
 222  -0.504631569344211355720885341367   0.439092261498400439088735659227
 223  -0.433666617594235388311475105012   0.618896149333380938579584658691
 224   0.220562767480000000000000000000   0.716787564560000000000000000000
 225   0.265505041018496529758543318933   0.179910429363097111634566912390
 226  -0.087594753678107543987751439452  -0.065899356193385992508284103590
 227  -0.529063449244665277435395062868   0.668578281349743701647580255516
 228   0.314288461846211847170046459330   0.797450444246927123992441376605
 229  -0.583460929212488913467716987012   0.269885839445865851653184208059
 230   0.735427947003133393102745588421  -0.428749939884509825176977711908
 231   0.823624100137235861477752850195   0.374338201105760934229502103499
 232   0.287268484078675650620327475498   0.901559956454379183539897823454
 233   0.849672495109544952466675664298  -0.000298079684067697521547405447
 234   0.414809222284985427983142148334   0.624339035933766525876008461191
 235   0.390107611135065066393181741582  -0.187335409304352595223075054697
 236   0.027925911077856613097370799935  -0.325970623596693078642587390406
 237  -0.203115418434071701072873678838   0.194171911209921093626019183227
 238   0.521247981680345205518748204457   0.471442339794602060465043854645
 239   0.659748711891067530790765024083  -0.002678579621745088942161032931
 240   0.204475808426158649970518179127  -0.203065730818451526571161882416
 241   0.729286574022000000000000000000   0.272899889949000000000000000000
 242   0.149984376262532372673421079546   0.439981696766404197768870199206
 243  -0.035647426446374043749242482909   0.424251375252305266420783371487
 244   0.310914567821518427506124235249  -0.355962426957615991982126488962
 245  -0.495185980538337895031143297413   0.331338285834986627688896962060
 246  -0.313437380315588223100298402254  -0.790956954564598620431996679220
 247  -0.635126649399000000000000000000  -0.343141054069000000000000000000
 248  -0.671735877886639931904290676608   0.208433393056745075617471454064
 249  -0.714201442467888887097215444321  -0.453346437581609262618034730994
 250  -0.852489105881954033562595558631   0.075223865687761356478817886758
 251   0.522131074329211314972049941698  -0.665137417255015864738457474891
 252  -0.547133307770071395269652253959  -0.158812445610704631240170513023
 253  -0.924494271983000000000000000000  -0.201138607602000000000000000000
 254  -0.434235838495541488095105692582   0.840697789691965601801234623300
 255   0.317452368250230029997052275475   0.670061160808788370563634387467
 256  -0.212197323794676080622389862101   0.301346482474063714349357863497
 257   0.598613931955895460652229881561   0.732799356915100584512013040843
 258  -0.157705891631049803325292762521  -0.341700945110792009990674218125
 259   0.335616178971438789096084642002   0.455712018280503129116957026926
 260   0.353779989692647548195117008529   0.241362875752217887670279666385
 261  -0.608446797945841639560122617045   0.596003122516853773667025607200
 262   0.643166661566914877091750097574   0.634901838995394604712488549452
 263  -0.655347453378702203710234894241  -0.543374642600490176540914678393
 264  -0.123922375120525062185816172505   0.362798928863184490385070617492
 265   0.627825696080581232411078813315   0.318345555317802872102224685367
 266   0.223979181968762581199684154423  -0.844264778956954894384567499990
 267   0.162089987066060777530249590361  -0.932234076356258640528986969574
 268  -0.769075742808019407019314785438   0.254191675670052989226736869553
 269   0.734264455475941009946684869438   0.165448859178638406691260078821
 270  -0.051267132235690025789686706398  -0.494597641249956475401638824671
 271  -0.017483615725165284650210116382   0.209902232724020024974106010946
 272  -0.273226556387013960410415001907  -0.081629677707484923856370931309
 273  -0.018107764215474186971852680586   0.946047380368446032682229408570
 274   0.338160283903331566154672785040  -0.677486140750043854152142529774
 275  -0.750928921200186570791348182941   0.039806375403481678858420019798
 276   0.505628275891029223478303980968  -0.447406676707659681357378341514
 277   0.000067452522044987654169851749  -0.852279516328667239439057074917
 278  -0.107173629220335358041216576178  -0.844019969285647469180588125352
 279  -0.592525845459717370146167406246   0.377096568448294541298162377543
 280  -0.574379023851884533918200803749   0.162711268181723230929845527788
 281  -0.096676659038711923537267622715   0.041275215070756628215054576681
 282  -0.071975047888791561947307215963   0.852949660308875749314138092569
 283  -0.941582666579000000000000000000  -0.093570844776000000000000000000
 284   0.292750757100309668407091868723  -0.141613284429330750535449128422
 285  -0.556215213130675774819168437222  -0.051637874346562010516831832753
 286  -0.399751426687000000000000000000  -0.857631720446000000000000000000
 287   0.000680194996043474448822250144  -0.004446909804265216472571349595
 288   0.125282765112612011083460672794  -0.371692748471714923330213316682
 289   0.842981643183532000122229825767  -0.429785395613292974965486801129
 290  -0.477022169817129135932110930889   0.116989143306701386242219601513
 291   0.329078378542727186605156601776  -0.570311569485901233428803849503
 292   0.530329887040949585068264387721   0.364267768530459439741705174374
