   1   0.152765091568246526488363607675  -0.441408082839902627949812431199
   2   0.215868973695147882127652949752   0.509556789022932074460484150547
   3   0.346142970649567665965847810776  -0.878492410232716093933100135810
   4  -0.528931687193092803356258436283  -0.298040137580594440426076780057
   5   0.538934661087275664708614544416  -0.427779631881803394721350102099
   6   0.725565289562646426815223420696  -0.196001304115139434544852879189
   7  -0.900270015636077194273456882136   0.284741584446690068018738755902
   8   0.436491008325224628961482774661  -0.263971322319916988022192872203
   9   0.038601590162249945225779186156  -0.943437220064769278106413297707
  10  -0.469088387215172469165502505281   0.819463212076333921555948539164
  11   0.026718362523829147145573505094   0.391265615342941647842071111216
  12  -0.036385519603072208493715836983  -0.559699256519893054568225470530
  13  -0.725950154229101041301275476003  -0.193376490004874994769217303868
  14   0.701103599997021831136989623572   0.471176195195248770399148986708
  15  -0.629173519715000000000000000000  -0.485081110959000000000000000000
  16   0.503923073944923286051105166028   0.575527998951378320894111066835
  17  -0.307220770903325284790683171791  -0.892848961970702370144233902238
  18   0.523198458046194493489584901927   0.018129085775788097562286162983
  19   0.337981774807220509988974254801  -0.211639498532057265193763134108
  20   0.915677396748621933052932531739  -0.230431716676027534340758281933
  21   0.914971524300449137947195199708   0.233218739997254122371724621358
  22   0.405019584871747275075871755519   0.627847962694478593974861946018
  23   0.542868589019620416190083341948  -0.539257042509658330858986359859
  24  -0.428753692885748045866111262449  -0.740366795247234858246218341684
  25   0.744693805408367747417261843165  -0.358031728504105369396119083304
  26  -0.639242704508131176773173348738   0.088723918090830090815261731318
  27  -0.327979292224739813929772599031  -0.514181195784168822220572514006
  28   0.743619821989000000000000000000   0.368049766195000000000000000000
  29  -0.339781076021774068374178991626  -0.179748963900604013807663740726
  30  -0.450092093336812441791093904080   0.207015091770820517433674770649
  31  -0.426488525742743932902281118892  -0.461849371996309099392142775912
  32   0.349783558604254764433380647395  -0.546071730415622073606671907388
  33  -0.725350312515795442257554223296  -0.304921678422785901635692128499
  34   0.149591174218935239432531746803  -0.932301641939128181900174039318
  35   0.081924143879124438394774118698   0.940665884156679047214129907818
  36  -0.063923015129485468863997419703   0.220642617875091498395228333790
  37  -0.922596018703708654245400496861  -0.200948892106078251301504749984
  38  -0.331913220157084565411241396563  -0.402703785156313886082936256246
  39  -0.029579648470427165202842184095   0.943763166987862566148915012123
  40  -0.249139698368459452364608066829  -0.009125966432753864360820963301
  41   0.219802901627492633609121747283   0.398079378395077138322847892787
  42  -0.268809338030183209771952054486   0.548261086706520816327360325500
  43  -0.059989087197140717382528622171   0.109165207247236562257592076030
  44   0.944144731380808852620343431355   0.012433711129606579721053947247
  45   0.511785907736449687376388340370   0.352574373038952889771473103612
  46   0.156699019500591277969832405206  -0.552885493467757564087448688959
  47  -0.627440920711096922328766956143  -0.245708313792734717597647041963
  48  -0.075724798926519723308403812297   0.555074849758656306808137107071
  49  -0.556469182719506063726540019003   0.482301736814390112537377024263
  50  -0.524997759260748051874789638752  -0.409517548208449376563713037817
  51  -0.158498320715144836355037142031   0.161497031035096285086021814125
  52   0.535318357607581453929971582924  -0.316291465611068551042862940802
  53   0.703173307009512887524884965519  -0.461563062321355873968402570255
  54  -0.749979016531859840037807780548  -0.523142356612218450652765690632
  55   0.440424936257569380442951572192  -0.375448732947771924159829129963
  56  -0.540733470990127057800664828878   0.036392094302970367986831993223
  57   0.424689224528190374517076382066   0.070460909563647820390715901078
  58   0.247340397153905893979403330003  -0.382262495999907414640605911534
  59   0.223736829559837385090590544815   0.286601967767222202185211635027
  60   0.749695616007001150683224924434   0.574038634855248473078539953103
  61   0.507463577134787235194839073581   0.464037399767272981728000505483
  62  -0.134894753121076327466224356843  -0.507367432732033331739795732435
  63   0.823865951877770732558576996577  -0.461312003207296749680376433250
  64   0.030652290456173898627042302626   0.279788204715086711704434853456
  65  -0.718142245381328556905572108673  -0.416235346215439671789051058816
  66   0.038520146320863401589979897689   0.056833383459376839429162337936
  67  -0.052121231332451214419591027108  -0.113789614008473310017680439490
  68   0.715410137849000000000000000000   0.136226867124000000000000000000
  69   0.231604685424526888053528139877   0.063647146511512329909939119507
  70   0.810682139175464871633933659026  -0.268097148525598457053474768657
  71  -0.499478153510754919540152052650  -0.654107073832369859541010596890
  72  -0.071790870994174971826935014766   0.443597439130801370670500849311
  73   0.936090177428220399393402724604   0.123689331346713403612288653521
  74   0.259460336541000000000000000000  -0.717206165503000000000000000000
  75  -0.741685865958480047227150666129   0.252533152506544749781327727172
  76  -0.032451591670727457012247039451  -0.671176667147747990705861728290
  77   0.850803783943792575139242218177  -0.048641295221833379326796399632
  78   0.459475507859006850282625109645  -0.709388398835617747787395476203
  79   0.519264530113849742008116104395   0.129606496403643033699922420743
  80   0.863290330868858674449825750994   0.382483562515999794147418106583
  81   0.625847542530577723199438802622  -0.146010707038122839164368880292
  82   0.066013036373666582914453536173  -0.723592369884116961979581311385
  83  -0.878565910924657593117178799995  -0.345956371711406446798923485680
  84   0.109486405038705119879976578461   0.784843240573507264694694772671
  85  -0.647110560372820679736110943801   0.311678739346539963090534246838
  86   0.405284978661448134348783035590   0.746556060003512559411469585873
  87  -0.587459273332000000000000000000   0.739215537105000000000000000000
  88  -0.056055159264795965901059824640  -0.002312203380618373880044181730
  89   0.345849630671910012951911849864  -0.434594319787767137469035649628
  90   0.018850506659139644182635910031   0.614220436598651520117343626736
  91  -0.260941482165493706809014459423   0.325306265450810944052087809980
  92  -0.638542778525579744016036346038   0.557843869036941997005675428870
  93  -0.363384643615842577262991776815   0.489115499866525603018153805834
  94  -0.934009264255000000000000000000   0.138424759669000000000000000000
  95  -0.543967472939920376524996623710   0.616989455876937210314881948536
  96  -0.745619793890824798708619463661   0.364010563134399685918963984932
  97  -0.272743265962527961253420852018   0.659738497334375752464996583260
  98   0.140963307771212272043957215080  -0.106975850956337819536903657919
  99  -0.782900845470479992872819078299   0.469142918108419724135045346258
 100   0.113425812244799011673675632360   0.673366023438646733426550146402
 101  -0.162432248647489587836505939563   0.272974441662951221223658071885
 102   0.208123909939000000000000000000   0.732750252825000000000000000000
 103  -0.635308776575786425291704551206  -0.022753492537024845322374526442
 104   0.211935045762803130646184152220   0.621034199650787010598120408307
 105  -0.150630464850455333392099546969  -0.061457790220613587189250701395
 106   0.936445866955000000000000000000  -0.120739568848000000000000000000
 107   0.314378207213152001100161469612   0.457224965235072351632054412452
 108  -0.127026897256386824503286761780  -0.730322253987743204015068247956
 109  -0.044253375467761711456653432046  -0.336744435264183182292952955010
 110  -0.532865615125437554837727233815  -0.186562726952739504288440522297
 111  -0.430422453675088684383749916423  -0.350371961368454163254506518152
 112   0.125227596041833266118082024954   0.338933791555081925013641373121
 113  -0.434356381607433435865218713954  -0.238894550740599227116870260392
 114   0.602247016716439092919610953537   0.522848865063927670914548969885
 115   0.632413289027563599633254085072  -0.257364107714552944367321557156
 116   0.251274325086250645460872127535  -0.493739906627762350778242169294
 117  -0.166366176579834339317974737094   0.384451852290806157361294329645
 118   0.303272447817323598341778923531   0.791679584024191696741193549070
 119   0.412887440731156120072669989472   0.404893141447212628803624674358
 120   0.133095451906522769081019620017   0.115978970299372052738368857601
 121  -0.178167960376868593762381129689   0.718884084174370965774203102925
 122  -0.822251200212280823972099735752  -0.249668562375802679098307705992
 123   0.318312135145496752581630267143   0.345747554607217415494418154692
 124   0.708621064319202836246072132356   0.247567111685437182557746412654
 125  -0.826185128144625575453568533283  -0.138191151747947742960671448231
 126   0.531066313910883996452522496989  -0.204825735479921774712986352537
 127  -0.343715003954118819855647789157  -0.068271553272749077670027482966
 128   0.334047846874875758507505457269  -0.100162087904202329056126876348
 129   0.822518377928153867910912708376   0.059259699564121845209699389338
 130   0.306510351348462498137223874549   0.680179786490782223907326927972
 131  -0.142762608985765830429161951906  -0.284412611476323459464523216915
 132   0.614045758733543468755032410027   0.188421524845441969248539892989
 133   0.499596570031260282506657392281   0.686990863768111457075628868543
 134   0.062123713914931910478792682877  -0.612031080307752777396655208625
 135   0.034586218388518650108511100157   0.168310794087231775566798595696
 136  -0.253073626300804203846076864360   0.102351444195101071776815294459
 137  -0.241271842503769949401670471766  -0.232080787688463736636093478821
 138   0.326179991010186255544567862206   0.122792733351507543219145639172
 139  -0.368959137077000000000000000000   0.603211912001000000000000000000
 140   0.428623152460535125998545179598  -0.041016501064207115746920356682
 141   0.022784434591484395664104707563   0.502743025970796583979707368976
 142  -0.048187303400106462938122229577  -0.225267024636328246155316697250
 143  -0.067856943061830220345466217234   0.332120028502946434532864591551
 144  -0.461893877133846696235500296675   0.541447323654385325846583543929
 145   0.330113918942531007026036659738   0.011315322723652607081509381412
 146   0.121293668109488514636613227423   0.450411202182936861151277630881
 147   0.444358864189914131924420369724  -0.486926143575626860297465387723
 148  -0.631374848643441673810235753675  -0.134230903164879781460010784202
 149  -0.536799543057782306319196031346  -0.075085316324884568150804264537
 150  -0.264112000629180936674178948083   0.906536663401015312528267538007
 151  -0.233403986639080446438732876703  -0.455035608944173608911365994341
 152   0.716488920183892339209009727419   0.024612290429727310282473897134
 153  -0.831636853326336022278341552636  -0.447150998160648717599999630429
 154   0.461997593685000000000000000000  -0.823464493459000000000000000000
 155  -0.335847148089429316892710194094  -0.291226374528458949945299998486
 156   0.812160238277814990744145479662   0.481621862384918096681219421896
 157   0.137029379838867520562488417549   0.004501559671517116600732599841
 158  -0.325146460913000000000000000000  -0.627696833851000000000000000000
 159  -0.410370085937240134685665017784  -0.850388301621357179498509768976
 160   0.515330602181504990526647306864   0.241083907031497969837558678503
 161  -0.670573935810000000000000000000   0.664735122203000000000000000000
 162  -0.544667398922471809282133626409   0.147869504930825304124468250983
 163   0.243406469221561142497934532472  -0.270785085372052478502969653774
 164  -0.146696536918110581910630749437  -0.172935200848468523326886959155
 165  -0.123142024689452556557788018865  -0.841801384924465833590853166672
 166  -0.182644756576567286535241346690   0.830341013815621313024332832081
 167   0.830560547135803488234222293409  -0.158335872265568511832136392464
 168   0.416821368663500871554138787004   0.293415730819357692665988416598
 169  -0.643176632440475928254642146269   0.200201328718685026952897989078
 170  -0.130960825188731575984755559311  -0.618844843359888267877431990196
 171   0.527132385978539244971053699458  -0.093348324852066838575350094777
 172  -0.860408527122425025012756052527   0.388922919640400477156748746605
 173  -0.521063831328403300393320841220  -0.520994958836304312701349295577
 174   0.164566782041705685596798136614  -0.775840318016725296215394736986
 175   0.408955078295368231225576975971   0.516370607316408823577576963898
 176   0.621913614598232971717970005091  -0.034533296410267903026732622532
 177  -0.369176311083438124845660845170   0.869064279729306748045279883725
 178   0.617979686665888220236501207559   0.076944114217587033110903635228
 179   0.822519367651953859585048417254   0.170806500810453932570590030545
 180  -0.943714807143000000000000000000   0.027296874904000000000000000000
 181  -0.225536130774390943475795281640  -0.677990430199883481186638509861
 182  -0.199783874697707648596659733257  -0.922848998686873396942391874659
 183   0.014527948271467039497494166947   0.726314782899886278231640742008
 184   0.129161523974178017599550822486   0.227456380927226988876005115361
 185   0.050321930117897656034386290283  -0.277598848424187968983746435344
 186   0.255208253018595396942340925066  -0.605217317255617286915878427054
 187   0.148831163635901775006894810143  -0.329930672212047691812176173439
 188   0.763714775654079309801979134002  -0.555250945441998789083275379172
 189  -0.359450715683497825781522979283   0.377638089238670666880517548074
 190   0.738054452345000000000000000000  -0.084851200309000000000000000000
 191   0.046388002185552904552917492752  -0.166121437796333032846110177584
 192  -0.174234032444523842280912332157   0.607406673546516029636566845165
 193   0.606925463569087820905399020615   0.411400217677271568304994489485
 194   0.448292792122258883405889167255  -0.598403554203481796435101645483
 195   0.663489663963262653141889991027  -0.671822399731142494568253951459
 196  -0.733818010093790544264213071066   0.029578331250834877506055211652
 197   0.281908039672605755686061015368   0.901161321925515590672416462195
 198   0.012882853301982878008997987678   0.840614590168823099620632293474
 199   0.117359740177143763155144429891   0.561888612810791797288913888642
 200  -0.138828681053421078947693154374  -0.395890022104178395602159474675
 201  -0.748711900762321933032233765392   0.575321093497765994040861808724
 202  -0.422554597810399181420812321360  -0.573326782624164035529779033672
 203  -0.706867234563225792915311569127  -0.626021232601204776488589031969
 204   0.364900202273347482791585387317  -0.768533985675612961096601995868
 205   0.394995513680000000000000000000   0.857627620828000000000000000000
 206  -0.230578920895070192751811457399  -0.811801348208294806792695194252
 207  -0.438290309539778187346687511486  -0.127417140112744290979234002632
 208  -0.347648931886463571337116586689   0.043205857355105858467608774794
 209  -0.446158165404467690309625106549   0.095537681142965581296038512889
 210  -0.355516787751153074300054181752   0.266160678610815730742881290314
 211  -0.170300104512179090799443534626   0.495929262918661093498930587405
 212  -0.040319447535416959975184634514  -0.448221845892038118430589212770
 213   0.160632947432936029451301202738  -0.664362904095612500225084946719
 214   0.058189785982587158997323885346  -0.500553669679897841259018950865
 215  -0.351582859818808322818585384220   0.154683267982960794605245032554
 216  -0.082075601395210597906747255546   0.782086129136695138766959155806
 217  -0.847196657352841777649710497124  -0.028641142575878093454394039046
 218   0.227670757492182136572059342346   0.175124557139367266047575377267
 219  -0.264875410097838458290483256955   0.436783676078665880189724067740
 220  -0.621502178105000000000000000000  -0.710833737399000000000000000000
 221  -0.832327243611794663236721590926   0.081910155038694600334484949747
 222  -0.548601326854816560763602423940   0.259346915558680240262104508743
 223  -0.656169785442000000000000000000   0.431232976112000000000000000000
 224  -0.737751938026135295745681868598   0.141055741878689813643691469412
 225   0.420755296595845623035607584535   0.181938320191502756528352158838
 226   0.872519233174332767611156399807  -0.360934978503702980628277417630
 227   0.504025747467616772873874571024   0.798449695883406552994536748959
 228  -0.072926718703603709008087637966  -0.941406163494652112678014357278
 229  -0.939855905537670241642930577676  -0.090745511142756139759794359007
 230   0.235538613356871639534996937409  -0.047830264116342606227697138253
 231   0.557985197026560031597489768456  -0.761719364901421676588262069024
 232  -0.027448209886987628083250377933  -0.784483127119296885307143060834
 233  -0.533339671824000000000000000000  -0.779173647484000000000000000000
 234  -0.457959949201501944754031499143   0.429969913026530389708947286169
 235  -0.229470058706735694957264079171  -0.566513019572028545049002252101
 236   0.042454074253208153071448695220  -0.054644027168478096708473919824
 237  -0.368863086743533064794461133106   0.716339459537289992018325681215
 238  -0.079658726858864474789872609829   0.666552260386511242945773364831
 239   0.633678093559228335701681116008  -0.368903738065226723467867036974
 240   0.144897235703557023525426012612  -0.218453261584192755674539915679
 241  -0.623506992778752170847298158612  -0.357185724420589653735283299723
 242   0.322246063077841504063099064675   0.234270143979362479356781896932
 243   0.235880606187694522646559876058  -0.861613433588816102916339527286
 244  -0.154564392782800084873568344500   0.050019620407241348948385556365
 245   0.173132833131604858978719544813   0.876450123831718870538939962262
 246   0.652307954522532024228664543984  -0.560837453710290898875259691586
 247  -0.597987387028759038512660572510  -0.601775250044510136712580858796
 248  -0.317213019252107857810297836886  -0.741535980699603936342315576139
 249  -0.729884082161445792782744273535  -0.081899079377020058631581046108
 250   0.610111830801198717273563612496   0.299898935473296905386176150749
 251   0.554050298460351045103308788990  -0.650241988530509926551980619732
 252  -0.237337914571425197920201674234  -0.343558198316318672773729736581
 253  -0.480131555928547729382097036254   0.708464395442839144832302270206
 254   0.814694861333361899663930379449   0.282078536696109324910066061485
 255  -0.442224237472122938828156309017  -0.015939729484889354841597744872
 256  -0.257007554233148955327545661892   0.213828854822956007914451552220
 257   0.341915702739565261470443052332  -0.323116909159912201331399391868
 258   0.604265981259571735555776284179   0.725552544519693009941808668751
 259   0.649831805717536421768174991614   0.623736806489002420008369865034
 260   0.353717486536599515914849444926  -0.657549141043477009744308165148
 261  -0.287709067030824474706723243778   0.792868630143912748541345177799
 262   0.432557080392879877480013977129  -0.152493911692062051884556614443
 263  -0.552535254787161312245071221472   0.370824326186535176399740766503
 264   0.054255858050242407515855087815  -0.389076259052042905121382693105
 265  -0.836261171544139414718190388458   0.193387565666549536472121207507
 266  -0.454026021269157193272562701612   0.318492502398675453571311028409
 267  -0.140670626466722363016744479162   0.933689266199442863096962238329
 268  -0.245205770436114700883139269297  -0.120603377060608800498457221061
 269   0.071105543881000000000000000000  -0.836731143211000000000000000000
 270   0.239472541289216391016465734940  -0.159307674744197542365333396014
 271   0.310444279280807249618692672080   0.568702375862927287769690670212
