   1   0.495123598743478068854786965963  -0.756846925901620796440560888707
   2   0.084641963208610810930608455317  -0.199798550327041252386780964832
   3   0.082799375123000000000000000000  -0.666350927320000000000000000000
   4   0.487887717823652292195432993515  -0.433602543780826022391205676692
   5   0.468017921048714527263768443418   0.314686715124758988250719560962
   6  -0.448219602144393779594063731921  -0.136713040191328647883569972955
   7   0.232303745930249814639993001447  -0.776592720748692849482872693887
   8   0.655933732832431312632843911836   0.573939516065516224643020022473
   9  -0.256881472437835139074008575664  -0.345373279670828168555133695834
  10   0.361810372936365983255259536572   0.327148496118729259542437801615
  11   0.531056593492357681733855171891  -0.065688804825018652716102178191
  12   0.219215656991526132341480960130   0.823269794678765686655684862653
  13   0.832037685830849782159117663577   0.176745246260454747211930753325
  14   0.767046368791480735267680160556   0.091824883737284086634046404107
  15   0.211576628625604584789555181805  -0.494426526034852186580685949686
  16  -0.363089020550183683082517482512  -0.332911498676857897263415455182
  17  -0.724792704997369327913314177482  -0.197650320739690431038252311421
  18   0.254745504294309974327977360180  -0.126512787079044816905582451185
  19   0.660838820679132191259171253710   0.104286664731254357925764644759
  20   0.381680169711303748186924086669  -0.421140762786855751099487436039
  21  -0.384323609171043160205203733904  -0.050965495949361941110653218657
  22   0.114627643267800950515359478157   0.845556262476610693796831282799
  23   0.851669479069476584506977978215  -0.104593766734589869495223585796
  24   0.393596840625007164705689474659   0.860816017593075540643530280686
  25  -0.108362369186488670445850759989  -0.456044385900735417911486931439
  26   0.446433483214361832494557354231   0.130729845646855303413167811711
  27  -0.278116061058694616196694827058  -0.063427276943332212402371459310
  28  -0.903134786860628874540737000465  -0.052889313162746310781570265642
  29   0.426193413974000000000000000000   0.413176902200000000000000000000
  30  -0.066050814047490745826201851159  -0.554253711136672395976121926390
  31  -0.299193027576833063693657484495  -0.247163954434891190490498700883
  32  -0.426897177964968925738225276582   0.047130530992239417988779710822
  33   0.126953518347608735550257364146  -0.298007875562978230451415959783
  34  -0.656992736849746814867126464252  -0.621575179977579502158088074801
  35  -0.490793170938319545127085274600  -0.038617013249727288784137043477
  36   0.573368148631355606353504080720  -0.163898130060955630780737173143
  37  -0.660896712024018708524454179465  -0.111902776497723724265335557122
  38   0.319498817797368058635610627742   0.425357821354666237607072796566
  39  -0.297788838543220063750626059294   0.217628822323966876740568923130
  40   0.212433949155312049708328451351  -0.028303461843107838840947456234
  41  -0.212903714610296373597955607787   0.021323470146428539576500998700
  42   0.317784176737953128798064088652  -0.506888307028822457872404190338
  43  -0.490006647175282585474194388447   0.427475519284543821688185251987
  44  -0.020620428815474542586459765120   0.744575868769733230657215803832
  45  -0.193842799994191984603921847192  -0.725748799620605809521955434988
  46  -0.150673924325486595065499668818  -0.357835060664798439846851936487
  47   0.234213059240763254286864140428   0.621671694060163784585880595450
  48  -0.875104183338663956490310450076   0.360715064001989595422721924140
  49  -0.851798167181033607038143287364   0.096947123310647265888236475446
  50  -0.639907581064445637760643725972  -0.393955672917228768202320235851
  51   0.187465605759000000000000000000   0.927760932353000000000000000000
  52   0.041473087539905421392186276942  -0.567712289282848622061884463332
  53  -0.682481149858371403293665268652  -0.295859645975627409102887306373
  54   0.148537956181961430319468453334  -0.114051006085074545613864210533
  55   0.000018852930614961691310637658  -0.003379899855167296257510974929
  56   0.820575811893060372184736402761   0.471781756780435744897308472969
  57   0.600952954472808975226667202368   0.482220089156335236599638311133
  58   0.086908282208000000000000000000   0.740562657474000000000000000000
  59   0.170472243229807342735204380315   0.535808735598228780214001524493
  60   0.599286564129537650678696745729  -0.732651556436347841273311067940
  61  -0.170084688155084201706058267206  -0.076665663103163731738709488575
  62   0.558437701973000000000000000000   0.618991407050000000000000000000
  63   0.510329476187712451883417352248   0.216477389888822010186084566010
  64  -0.617798633121983824251914384483   0.255980430800610408142351743390
  65  -0.873653419058000000000000000000  -0.363487918272000000000000000000
  66  -0.126828657512178982686833732793   0.757037356544530899653085112298
  67  -0.106188695181733582317198269189   0.009081881138802975034207265724
  68  -0.276204400708867368981414970106   0.401585691801870561578120672380
  69   0.403264607545656442956135175856  -0.237183893308952066261935686789
  70   0.724734813652482810648031251727   0.190034208973221064698681399058
  71  -0.827033429614000000000000000000   0.460366285155000000000000000000
  72  -0.554776999470235541249097476562  -0.590154131402758017582165718079
  73  -0.385928275054285935868609305000   0.864281236408851380387950842821
  74   0.488745038353359757114206263061   0.032520520410918325348532816760
  75   0.576535930868134112380298870230   0.750685692892040878185531650131
  76  -0.788688697970719947302174175499  -0.283397864981657137811169065720
  77   0.902761831133645678639256608544   0.045683296888573740300717493397
  78   0.005736384492000000000000000000  -0.946513539531000000000000000000
  79  -0.255215269749294298217604516616   0.119532795382365517641135993651
  80  -0.657624135121726052392164496100   0.548030153275125493160119198782
  81   0.533904155262138417400224527220   0.398914640439065292119669629613
  82  -0.613701536454411906165150195332   0.450530693851554517946929121759
  83  -0.448569451357886997240588569715  -0.602615912396728288873883958730
  84  -0.342012054032045235585554825075  -0.149174821185298919175288213608
  85   0.394423246347881925475594048445   0.753883065164183401218923056273
  86  -0.597000719050668089135594181447  -0.026155232255757017492418802824
  87   0.106576250256456723346344382299   0.450061191356262073441084770194
  88   0.000368702144108179337835475452   0.462522972350232344732803010845
  89   0.147680635652253965400695183788  -0.580174070276818893353602703985
  90   0.423991724850301672806572995498  -0.519350088022792729164122430991
  91   0.701716609465617086384662834471   0.294463618325138145710859674277
  92  -0.813783569799032146655262838116  -0.483403548414710339688116672773
  93   0.945073386272643603258905517373  -0.052526028347363237763917501555
  94  -0.000838467599092503227462631888  -0.469502964046911643997249468381
  95  -0.809486612042035682418494378535  -0.001262201925289712176398519505
  96   0.657991258909351455592801898379  -0.360316780532829586910007163045
  97  -0.152848021660698104166360705764  -0.845256837054419139541253010193
  98   0.064264695117458798726695473468   0.548270516592199051505719765145
  99   0.929698859889124405962176632655  -0.177715275133151274798220853797
 100   0.467160600519007062344995173874  -0.151436349066985359489018932490
 101  -0.513250243295436718463194217953  -0.795296722520572471732247679649
 102   0.118117689039227461258731912519  -0.939133058001272679066528915028
 103  -0.300358873887000000000000000000  -0.716158759911000000000000000000
 104   0.703150375818130115878820162539   0.006077339495317379861129649808
 105   0.072315657934914223120540413103   0.943765402370859273419501199200
 106  -0.363001184991618306349365278565   0.132878075234206124761696465120
 107   0.191706831850666819857890631708   0.253862732870732824061239287968
 108   0.085499283738318275849381724862   0.266324513864703095352957528620
 109  -0.426985013523534302471377480529  -0.418659042918824604036332209481
 110  -0.533700032952097093752134819126  -0.406417453911199039494038476505
 111  -0.106100859623168205584046065242   0.474871455049866997059319186027
 112  -0.046081098632691689759943759645  -0.851270439029131389710644812932
 113  -0.469804039978746474363274821109  -0.320669909669232332721121722206
 114  -0.764022443171445671024198146432   0.558741796740788400491929228339
 115   0.678818349128919953468087673100  -0.659642583510704809135262512349
 116  -0.129946807020841365215061849176  -0.640001255378639102749038680689
 117   0.551783710797002911584292991532  -0.347854999538859315618288922393
 118  -0.340100393682217988370274968123   0.315838147559903854805203918081
 119   0.207642202447842624302792329340  -0.880646300863188904662021720769
 120   0.007712791545406365129071620921   0.847690212512785162190219209709
 121  -0.284338185910000000000000000000   0.902760567642000000000000000000
 122   0.404121928075363907874908445401   0.228939170882792281477802806662
 123   0.021603290764967656460521726845   0.180576969622736388580040774321
 124   0.313864811928395476780182293696  -0.892979041706994579976758921311
 125   0.576215710401136342019873436050   0.300705315203128314055034634662
 126   0.020745970235260191541748457299  -0.285546094569007959159697719131
 127  -0.512465444331237616629448567731  -0.688363456638694995646800713030
 128   0.021691126323533033193673930792   0.646366543533800410605152694625
 129   0.338709250951920191593911632537  -0.788968979159254172556152822066
 130   0.615679703770353530973152989549  -0.262107455296892608845372168094
 131   0.809357923930478659887329069385  -0.006384441498652891430588590845
 132   0.063057525374258116161397366129  -0.383755419804944937224332714082
 133  -0.424794300726884342875455169176   0.512226266374304573667057709996
 134  -0.909304118275000000000000000000  -0.261660941428000000000000000000
 135   0.431227605770127449465926967946  -0.842594470143587503213477643006
 136   0.297057059433307898947626269010  -0.224722112314981794970217446136
 137   0.637264141604706225742364078737  -0.078150585818988924007820418844
 138  -0.235297034603482444304797486477  -0.161416410192924483717581946584
 139   0.170122394016314125088679542521   0.069905863392829139223687538717
 140  -0.043150022738090427847111540718  -0.371293638810974665932614473429
 141   0.126096197817901270631484094601  -0.764130939754722578191154453235
 142  -0.382411948821215912989923876953   0.414047472795840832869838913032
 143   0.509472155658004986964644082703  -0.249645674302922337553653927441
 144  -0.236154355133189909223570756022  -0.627539474384668831457320440037
 145   0.934943072543097298071988428391   0.147662250417844209095363027418
 146  -0.148412439777165466250491163241   0.573080798926078158243228583822
 147  -0.575416281216315394366383092259   0.157801637222146667345132946426
 148   0.488181903275745872364345965007   0.810926086896247117272685285756
 149   0.449406548599602379742497470554   0.595228390475292231082152393488
 150   0.764198807021699999601310805225  -0.372778561526799858201725403698
 151  -0.407042695183088174454685311106  -0.807758503514542743023965920303
 152   0.495283920004656146125573388453   0.498633328207382985421484794836
 153  -0.831000253109717871921823084328  -0.185188539745720159746534070769
 154  -0.599961850426000000000000000000  -0.493225010718000000000000000000
 155   0.872731705159140005135602509866   0.366417876071582168176376384139
 156  -0.867553619440736695317596572930   0.254045817044856599356540119711
 157   0.655001146193689910761550488663  -0.555392499069872921171633989132
 158  -0.309076803314704708233657000240   0.789922709305103168947626036678
 159  -0.180120063780438219339100321378   0.929235950509083724520665544709
 160  -0.320777465411185758462868573681  -0.431120823912794875328050450133
 161  -0.707027282224625659231424298338  -0.477204006100221916561538916894
 162  -0.745590619068685063029634380518   0.084485342316676994596518234794
 163  -0.490881006496884921860237478546  -0.504406587160791310809248963780
 164   0.318641497267660593716837358197  -0.040765242837078110132665696886
 165  -0.703208267163016633144103088294  -0.013693451261786746200700562171
 166   0.169265073486606660169906272976  -0.396217200798915208516050954734
 167  -0.787902174207682987649283289347   0.182694667552613972661153229745
 168  -0.104672492225043971020355517867  -0.940726505667926600568067097894
 169  -0.720099844504131524797183845664   0.461242337317217425278739151316
 170  -0.169996852596518824972906063259   0.389123910807900290286402431727
 171   0.383239633808323970187270387855   0.511220779816601241978951867522
 172  -0.320427616197692540816343735887   0.034782048292604765662263535642
 173  -0.618585156885020783904805270635  -0.210112101733660702329970552074
 174   0.818053011495000000000000000000  -0.466405432205000000000000000000
 175   0.105369080513256040781046274959  -0.481964745040881915288967709033
 176   0.297914379963015363866399538555   0.241400951876762552769521047315
 177  -0.254620021798170079991459946235   0.585542535893655902465099984115
 178  -0.469208733103966850357874185412   0.145339856228176396053414705773
 179  -0.191319276775943678828744518599   0.205280339624332224414052747950
 180   0.576626526188871671522096801372  -0.628143844079287380226293156770
 181   0.255602824824017439246750629725   0.339610277112699530834156042267
 182   0.484495676259067493701871129030   0.696243698135449707582719561475
 183  -0.470797383026668527397432043875   0.608761522527161973752115488800
 184  -0.933693777909848879743920168669  -0.155366077981080623095727873367
 185  -0.084516421788825161975319763136   0.658828324527766523884299049532
 186  -0.447624295269614155588663096224   0.329296725706080080890966455023
 187  -0.512115595117744398982923729939  -0.222460584433295354656486727253
 188  -0.149007721636945754209095609769   0.107071014388395246349417752998
 189  -0.536009729475066769996171263146   0.524010775437401221773243030791
 190   0.213291269685019514627101720895   0.437819602348636508898791037219
 191   0.594095265936000836203941900362  -0.446064324774796293682923917344
 192  -0.579932328142380916223185563913   0.621510234860972196986433107814
 193   0.402605243925270810982771630554  -0.703221434917287465783236067767
 194  -0.192985479464484519685148577647  -0.259625735428861461782216941536
 195   0.127810838877316200469030633692   0.168115188628766117288322533669
 196   0.149395276711668895238241722879   0.352072058106669802125874282919
 197   0.233161066459957279558766270993  -0.310469656556948501743134200435
 198  -0.172258362159839289834710758006  -0.541791930142702124684403685737
 199   0.643264509611806899846316111197   0.384010763920398258535003316182
 200   0.340225935102013288486048447385   0.143191626640825574704886052364
 201   0.766595113477223652425194499696   0.379470200298503362141772266500
 202   0.469986961974885793822434839685  -0.620185037269866007514689597734
 203   0.298108824764871522274629456199   0.707419407788674859855944897594
 204   0.530199272962650216815081902345  -0.531811869016763000455840671643
 205   0.871105464468481547473776413422  -0.370267415347260150062019959788
 206  -0.333834974531792119941194247342  -0.885707005094883019891791699750
 207  -0.085461577877088352466760449547  -0.273084313575037687867979478478
 208  -0.042204866649817586195186067224   0.560618999291833703832235940325
 209   0.189992190791251890020344092617  -0.678383395512755871418237698936
 210   0.808359764959236990773587947118   0.281027053517407063639676785280
 211   0.234018386989664744477539540538   0.155653407634795845996604293017
 212   0.382537490241011213105697356214   0.044982301404888596640251057412
 213  -0.945446341999626799160385909294   0.045320012073190667283064729310
 214   0.277032085695975426178761481008   0.523682560810571513270670108175
 215   0.700302814048349380212450807208  -0.458526105768766564974642157997
 216  -0.063877140042735657697549360359  -0.089127444097134003030427729228
 217  -0.231406997023217301125530745243  -0.917809071007410630202182613495
 218   0.253888183764602509409204090635  -0.592635851270789164645320944637
 219   0.127931562062245405066586321892   0.634188322168303868795864122676
 220  -0.767104260136367252532963086311  -0.099440995503753452973617316470
 221  -0.768288007793726885680548951935   0.365779044998369530517945335440
 222   0.762123712039250185646389679487   0.561328902375695857721452114874
 223  -0.098494811153276046916711748596   0.860151528277074978239688679675
 224   0.657531194086970970840422102227   0.680863729315456736130542441183
 225  -0.021215735690244515431375613736   0.278566102872328659895251261596
 226   0.360953052406658518336486267027  -0.138974568073015088197300691838
 227  -0.480953141773322319723231368322   0.815234177714084770667464208267
 228   0.341456217651000000000000000000   0.609659164299000000000000000000
 229  -0.034599193787480362265747444133   0.945899352407033741812889126110
 230  -0.765774387148012452904104328207  -0.387850120204313099609397291923
 231  -0.023739258908492821206552942329  -0.652463036372609374040756921341
 232  -0.660110188260981748871563293312   0.354189756036547386206986738342
 233  -0.233892845569869444361766061277   0.303376366565933583513485677429
 234  -0.724006181234332368260423291329   0.268442211794580679434069984044
 235   0.762273197595000000000000000000  -0.557754410246000000000000000000
 236   0.190849511320959354939117362163  -0.212260331321011523678499205484
 237   0.293988003646842976473218653964   0.899718702043329357107785636479
 238   0.445576162684654367575784084686  -0.335393218544889044326570681740
 239   0.276329942128662669097188449367   0.057444082398858867931969298065
 240  -0.405312740130616230969014187394   0.231087400470143102826331460072
 241   0.042330408069612886310959546487  -0.101589225091104274322145969880
 242  -0.752709113265180158625201986971  -0.573891697014633254982164562157
 243   0.296199738903600434028852999464  -0.690845176506726142709955939589
 244  -0.533104726077317469746734183430   0.059592311986209689280497951475
 245  -0.127773133016086277086409358376  -0.174874988339100709803344483526
 246  -0.687134642255000000000000000000   0.650972624292000000000000000000
 247  -0.931449612414087314706456570947   0.168298272802889892583623365412
 248  -0.190925104789124829888260926117   0.671439548698463891009855393503
 249   0.618527265540134266639522344880   0.202495989967191335990399639711
 250  -0.503261400313246967798863308957   0.710650809712789323454475946985
 251  -0.214569917298837214454359666835  -0.443582604906765146619768690786
 252  -0.297161558491808390042601402930   0.683652458517834618607639521518
 253  -0.639312274189666013755243090277   0.072054092980179960572216192128
 254  -0.212308407735516749592554972089   0.487333236043837268351037426678
 255   0.787773486096125965118117980198  -0.190341310976556576268140340095
 256  -0.021565584903737733077900451530  -0.187336769333070981095062724179
 257   0.865802866915773786573316634638  -0.263462819375117981571137608096
 258  -0.342361903245538453232079662869  -0.615077693390698560165602199384
 259  -0.553902640148633204863054386465   0.341727975042577114915268497689
 260  -0.278465910272187833843219664852  -0.529330149148731853392685445085
 261   0.191901243597491131209749671919   0.719880907062550999062312849924
 262  -0.397444224422000000000000000000   0.729525987066000000000000000000
 263   0.275472621598955204178415179822  -0.408678981792885479807769195387
 264  -0.681694626095334443640774382500   0.170232886558643701369434989092
 265  -0.318577794856647018410055335907   0.499841062586723360870791484588
 266   0.016174139565969852204584387034  -0.751671200773515765325933361751
 267   0.106226401042963505699819544504  -0.015841680849137567549229215581
 268   0.552641031326710376503066261078   0.118268064652885032121449571059
 269  -0.063527290829242440051024522566   0.376775428108265637959886256547
 270  -0.090734342364160626177617281018  -0.754103432870474120974056528349
 271   0.679575696743704150362012987566  -0.176359911054925902072455413795
 272   0.708143013623413465886847776423   0.469017345893763474965915908405
 273  -0.614681181710748890247477555421  -0.719784505213516480222723069752
 274  -0.609319114367268063002303758668   0.724329280066378050787736611522
 275   0.594952586465708301122715169908   0.020058739416948054056814576108
 276  -0.511520288242964774977523094242   0.243549181464113374118049700725
 277   0.911860820456000000000000000000   0.253834235897000000000000000000
 278   0.745461930957128040498469071368  -0.092131985740619598203505345143
 279  -0.127423283802593059439884520582   0.291027883866298931186969502248
 280   0.424849045380009137725346265044  -0.053227023831048381424383937539
 281  -0.364193857687563889924712369486   0.600333732374732634549460876343
 282  -0.406257896218889072620939660884  -0.700825237632665266938518953684
 283  -0.384673458384536377851728571699  -0.516868368154761582100967204431
 284   0.721887251882702074981661896396  -0.274569236290862880137090408747
 285   0.339368614572305823567275177839  -0.322931437550918773034852441088
 286   0.360095731876951053417712997481  -0.605097632264759435937039185290
 287  -0.208453910139341155109222305574   0.826121778776539645934061977331
 288  -0.554689163911670164515945272618  -0.124364557491693995557053797775
 289  -0.042292702208382962928338271172   0.094829425380769681807124020022
 290   0.060827383297438788622257908407  -0.848838206932173034062521646335
 291   0.042680257283106103957484384282   0.364313647114295366668168015895
 292  -0.085111728663595134820235611752   0.192818558630361953122334507297
 293  -0.405908047005395854974414823092  -0.234922365427265625948204967907
 294   0.063914845903965581080170635674   0.082367644386799410515405779370
 295  -0.576011588091095018371783727956  -0.308208128675262061429403481551
 296  -0.254959587046560217622917716302  -0.813498885671697429905396976092
