   1   0.507645787059105354720326553103   0.244583761423181569780153056607
   2  -0.629283839755421460268497813009  -0.569861285233030493857378006063
   3   0.024262302327523806447073468830  -0.235193205879704898328204980596
   4  -0.677403211887577385158583542887   0.236839438513822461827862501858
   5  -0.531417338448384451633964540758   0.714511980311138031672125137490
   6   0.340892542181191281873697158531  -0.123065677161568297528892440903
   7   0.695208076563000000000000000000   0.638610146918000000000000000000
   8   0.763287888454000000000000000000   0.026412561625000000000000000000
   9   0.068891343295800276875932724794  -0.528145306435621614618680614749
  10   0.272628655996582209566264860741   0.572821026943317413926540051506
  11  -0.316439383396519893429407192286   0.056069194844355987685219380863
  12   0.783460968263956174240172510775   0.136552898998782860570105385483
  13   0.562887511598020034776433992974   0.588678429238363354964648619728
  14   0.657522782034858757300320848232  -0.010938148443431696729579901209
  15  -0.702290768775000000000000000000   0.127583714735000000000000000000
  16  -0.942537790525330728252246970022  -0.052826997387224126149542884424
  17  -0.040474556561459853558853429067  -0.052386651666614209455126059864
  18  -0.296036106198733810861266692951   0.166160393403924098921644264511
  19   0.891494498807716889293748355145   0.107139942687961774943378421932
  20  -0.207368942816338655985693895826  -0.419635112141393501297363344250
  21   0.622999830271694015482413648917  -0.571673740635012325372971236984
  22   0.003859025129737723878932969496  -0.345284404439273009564629864244
  23  -0.210895970111964068287199295719   0.093445037750401521284990227427
  24   0.174434756580356102018140621361  -0.490769463529576081018909768185
  25  -0.261092804331553084367288338915  -0.907192772098415336092691006113
  26  -0.081281110957032018695134427737  -0.272569048785750431927975827160
  27   0.805401143399439008476783775903   0.246348137673856061872595992018
  28   0.463312205367907777282540154540   0.537481514195840369889656860987
  29  -0.234826274605375563156845194947   0.496433989082628432630918915456
  30  -0.503595905472220048844177086193  -0.421671442299961990860251000294
  31  -0.893233548333170635578538864638  -0.305453771221530886263236830095
  32  -0.084949279629622160576850899817   0.240912079216015166121185957640
  33   0.913357420410000000000000000000  -0.238504198532000000000000000000
  34  -0.190492692914177985719058796384   0.203536236309969632521415111075
  35   0.140174258312252256790517880801  -0.822726253377404789693316092281
  36  -0.510649933035583240669879709052   0.604488889129730552401455722857
  37  -0.531053223747313139626674296850   0.494397674747111192116531049310
  38   0.251074910597095647013118175553  -0.807318104770637985799157755291
  39  -0.340369687889931388299053091514   0.459058146176582899031148068891
  40   0.129805715612079631589281365397  -0.197817362973659364728434134031
  41  -0.483192628274433966276036586857  -0.311580243740393879623826116646
  42   0.398557388562354109875975670579   0.720338725301401463979125661136
  43  -0.129282861320819738014637298380   0.533809831988673966230689762020
  44   0.350281098272000000000000000000  -0.658612531719000000000000000000
  45  -0.214422983893645664200050607149   0.606525203465247792915843589003
  46  -0.405106519751027415527671812485   0.641864732035776086001226569421
  47  -0.466316378372273296009401487416   0.311591104710969254194952338679
  48   0.385521583149467752302556414495  -0.416017777717485013819368075056
  49  -0.742140060194351010399972439734   0.419646016828713577351903255387
  50  -0.231299247309750150855339795054  -0.016646160809166589951434656221
  51   0.357914227625728174769399692200  -0.773825925720189493840222334751
  52   0.109402438414293549021140866063  -0.307908561533227475964859017679
  53  -0.227772220014124738553834395161  -0.529726310700961612533788227898
  54   0.000331997834112311577427569603   0.167795745452522013017723707433
  55   0.409385850428664325009380101786   0.850630003991230780684752405948
  56   0.677926059232644839868461347567   0.099153050116136414506844982439
  57  -0.588736041558989791418244483425  -0.348956086646439413223596963210
  58  -0.425509810462757314484466400283   0.531773517653156725716301895874
  59  -0.507122932767845461145682486085   0.091408707591833031722102571383
  60  -0.895462443472000000000000000000   0.291763039020000000000000000000
  61  -0.740072448839612500948726643098  -0.586055414350777199247624469951
  62  -0.850786005185616200696236319302  -0.409061549893928133096031563063
  63   0.293031927600940777124492831308   0.682912226539519128822029620749
  64  -0.784433585421410841125623305501   0.203962929242002982981964172063
  65  -0.942162852753278754040018553113   0.059138288046963188166400434623
  66  -0.251702524507536233423480294389  -0.126737359368734701187859539869
  67  -0.036652069988755548266275171773  -0.565521149341667148218451461314
  68   0.167085242712026384424056964174   0.535445184037271880326769204942
  69   0.337365514885565869572191758638   0.390014472730226725053461130774
  70  -0.551456521405235477448235146986   0.384306479979436106664058232070
  71  -0.285667651173934645531333604794   0.803022923181071317111550737979
  72   0.633592477541447262430674949004   0.392050802888795214616348786819
  73  -0.418455769385450306270109688960  -0.494386797953484568496905037378
  74   0.044665579525309889015213968165  -0.125102007320136787091780096947
  75  -0.442386073878861801139755588188  -0.091397846621257657150976349350
  76   0.491064996434023577444764311062  -0.378641934811439480219597228492
  77   0.279978169864911927160348517928  -0.453393620623530547419138921620
  78   0.211418824403223961861843362737   0.242547431264613080217265400562
  79   0.456953784625918226676977490605  -0.826051703549706355472231781409
  80  -0.377649214989878141133828690290  -0.274204400834348346024055270082
  81  -0.381176242285503553435334090184   0.238875749057446676558298301595
  82  -0.170089415716391903150918297050   0.313627434869537743757839994724
  83   0.935570920049477140060652344485  -0.125996951467473471110799400252
  84  -0.146159111222980408281272397822  -0.089361516462689167588088693305
  85   0.766022800275767698329125334525   0.551703949305235011252584610471
  86  -0.738613043480935632863005040891  -0.093434157164881871881412149087
  87  -0.037098447610313388058246805444   0.891738942551579322633402059476
  88  -0.479014183047237523714712129646   0.813457798942827540900440001067
  89   0.870712660534803363167517343895  -0.364729545013461027747882129385
  90   0.699788094421392624067475986331  -0.306190051155904403466883462402
  91   0.919052968609296882725793550540   0.215661352846913141316157663843
  92   0.244528854469627327104459917443  -0.695543712041945499597601198491
  93   0.296558960489993704435910759969   0.169832075611090502580611363478
  94  -0.105352556827408243144991399152   0.130820880656447054884761073992
  95  -0.458966821250773286911219868016  -0.714623550752030072317379744677
  96   0.191015547205437879293702863402   0.132456232705044968980840516913
  97   0.557473999634000000000000000000   0.475523110668000000000000000000
  98  -0.255229551803161645724985694282   0.386342790523060321394494031808
  99  -0.923115671496535518575680618285  -0.197549070508626625938576845664
 100   0.016326124399598382214456964752   0.793340869266327943688196465355
 101   0.116161234449037214480622432983  -0.936842967541838263483219446894
 102   0.231822101601010044429983862071   0.352638629824181191453690284210
 103   0.255752406094421539299629761299  -0.050350321508045719892238403819
 104   0.300085987785619116737416159861  -0.343248074280704520001742208199
 105  -0.379287817360000000000000000000   0.864460834857000000000000000000
 106   0.361295819378977364441837657866  -0.012974478602000186292467557254
 107  -0.016544252068048358689207529840  -0.455375602998841120801054747892
 108  -0.141014776872490169319094786877   0.933425417976671462271798251069
 109   0.154031479382570019450000122026  -0.600860662089144192255334651833
 110   0.806683776951331319908186011519  -0.272878209760531070439296874503
 111   0.531576091552516849589972452330  -0.158405189909045341565775631422
 112  -0.561966491745375380963454431158  -0.758526097360345905710891965599
 113   0.547052577355343285427189422311  -0.653943908345743320313204303128
 114   0.722259640923842417306247746129  -0.193744702656522385602658821942
 115   0.048488066098014194307792225459  -0.638236504995189725855105498397
 116   0.613189200343661179862534449670   0.281959604329227103379923903171
 117   0.235349128896635456731489261964  -0.160441520067613831128663287467
 118  -0.784319455564080210679710570688   0.315928784283027052134513114738
 119  -0.527526209965631543713822985420  -0.018682490967735079514322312266
 120  -0.656999934689791302590443043553   0.346930637073390573064287385506
 121  -0.299791966829450046286296760409   0.679880658482730247648779042996
 122   0.601408047918466487838032700159  -0.359647811778418700680824900065
 123   0.572382645948089014726253451000   0.061777207210090880907074135875
 124   0.577040641255729609298787361106  -0.468929993369127968731565382331
 125  -0.641256073439789981084003910453   0.692790607974664081008513318738
 126   0.105875411118668136719635466170   0.205171588358567546617494553997
 127   0.943981094957114517550038468925   0.008238360570474962058946133277
 128   0.656693465280082560709847403862   0.527548986459202597253260152049
 129   0.467529723052140340260485240293  -0.492247894537516382074634079913
 130  -0.360772965087717470867193590849   0.348966947617014787794723185243
 131  -0.592263075800807642584516145655   0.164124082860299884191208464774
 132   0.551979368750302932158112951665  -0.048313991349477230329350747774
 133  -0.769460572357000000000000000000  -0.201339160551000000000000000000
 134   0.034630845027696431648309984234  -0.860102096283450323293086938846
 135   0.150208992809865714157421864732  -0.087726164414091253492009250383
 136  -0.568332764987308821498380154256  -0.238864887970834814191168770428
 137  -0.694326242374642283620059277648  -0.386199545298961590581313504233
 138  -0.841141852437990409528699333564   0.107419994893246713761717419247
 139  -0.292509078903108398559761293058  -0.346919756487870923660709307166
 140  -0.781794394789452154047912304416  -0.316301848385318294913507548150
 141   0.062996276360510857528465207405   0.941912759965609635166122109088
 142   0.466839232663533189584045554433   0.024401364304045347307303289310
 143  -0.101684388154818101263274927071  -0.382660247345318543164400710808
 144   0.357768792083351952140332257973   0.500105671289794836289886014422
 145  -0.848693173353754501835907725257  -0.113897068196191178878254928521
 146  -0.044142725234049995440569901148   0.461094476335151388594035724936
 147   0.511172814354730767021831952995  -0.268496388468613452802200515071
 148  -0.547929487163417626281963484755  -0.128773689527303190750747195914
 149  -0.353401616499093878227835895205  -0.677309300572936931886930847759
 150  -0.089433316932333396075584837915   0.756580751069433778725177148835
 151  -0.636596643978061403633648455754   0.457021851456009933349212059053
 152   0.507218470107825465048459458778   0.796176865905308113624763206141
 153  -0.108879570609089839057842710582   0.643901046371293326515614435567
 154  -0.548487377151706190954142985083  -0.647374492826436079048010462639
 155   0.402102373774549529578118656536   0.207207918517136036180382210042
 156   0.446435955465747107015905055098  -0.085689834255522763929121594338
 157   0.214945851698849374163348762629  -0.270532718627181942365088171115
 158  -0.612666352998593725152656644990   0.054032884300731772954783581126
 159  -0.828289896155968419267767225923  -0.003805869636623067641830044873
 160   0.378204376090000000000000000000   0.610234691245000000000000000000
 161   0.085472133920882054151494966835   0.095080389798999435381069670349
 162   0.405629401070174941879624056428  -0.305872231374658986401971361635
 163  -0.616193346320139065812087605619   0.567113046223685018801684876292
 164  -0.357245937792092058565688190956  -0.164113202274780234787630386433
 165  -0.333293818030000000000000000000  -0.567163739103000000000000000000
 166   0.028084788900228111739651726124  -0.748327703554757837091530382045
 167   0.320489264983405199305556659196  -0.233156875721136408765317324551
 168   0.126278688316454219287775965504   0.315262786918135657853919437645
 169  -0.040465892277679007907320946172  -0.943149346489458842487887176828
 170   0.887054979901191753541866719983   0.322957645603596612453806168919
 171   0.194542574501063291595208263294  -0.380623917186750053601513054764
 172   0.850430783962707397486584947253  -0.053281595813950893474145363168
 173   0.613157879579000000000000000000   0.714806080980000000000000000000
 174  -0.319966397178201489342258503716   0.569149360559202259316072742438
 175  -0.064546002431836078008710400483   0.351003277775583277357610841288
 176  -0.142195483273311373408483068340  -0.602896992247712681818222307878
 177   0.452662856458586924600113872556  -0.714168042293226407807068365900
 178   0.361986309767584515118277343726  -0.529623737443561915674404926477
 179   0.528049064256891437288467052437   0.354674959982749681016577940255
 180  -0.786172886883234900016478992049   0.522590059368720057817717639679
 181  -0.401579519483289636003474589518   0.128784550497878565321873417947
 182   0.742662918121628499874388245464  -0.083653504096954274366233938293
 183  -0.020071279363673770990712929732   0.057704546892953901781298823785
 184  -0.445913101174487213441260988081   0.421682303270537365431377222327
 185   0.226263662044691012687039911269  -0.916500372863780052591441447802
 186  -0.057055347186541630834415671108  -0.675612347901235259454876344962
 187  -0.609295849204000000000000000000  -0.459230936219000000000000000000
 188   0.102295538403466365840850680185   0.718261519010382624283336459576
 189  -0.194024355667024994639344914620   0.716617263520294740637981910728
 190  -0.718770071635331108658616323848   0.611994903853506772497136810480
 191   0.207831108837680101463968358210   0.755659501493627103417729184553
 192   0.276155683292207621867770260634   0.059740877051522391344186479830
 193  -0.398052492187664223701969189625  -0.384295599393916457260480153730
 194   0.041138552229684476713708568272   0.387978142571658235490573474729
 195  -0.438859046583236388838250188294  -0.604477996513052679733329921026
 196  -0.060877833759245936126993928402  -0.162477850226182320691550943512
 197  -0.247880037934831928130902037095  -0.639871857043787639951184941319
 198  -0.275632829000947728293126193617   0.276251591963492210158069148159
 199  -0.761092978685328065981224682570  -0.476080403345106777300903090191
 200   0.381699096576763447009978157201   0.097116719957567924943957326394
 201   0.174072897321154415286179319192   0.927829081587519999722862881149
 202   0.797749314857413351366767886366  -0.504741724910720641037762671315
 203  -0.312912356100894481127901792393  -0.457010955047439034897134190814
 204  -0.653472907394165890288937643659  -0.166149512818404449518066186171
 205   0.656274259024617946800538212319  -0.678581074863579349431631937910
 206  -0.125755834025194325713131898487   0.020729682096878943648336190343
 207   0.616716227639286592164039849562  -0.231120545562567919202429668506
 208   0.422505650972335612146259155870   0.317299117076704147416807093690
 209   0.487242509861319272152186053768   0.134492562863613458543728172958
 210   0.081945106625256641849989566941   0.608160539690794457963423242025
 211   0.732378008815000000000000000000  -0.595642832993000000000000000000
 212  -0.268219050067974267843250792245  -0.749974946492448606942642470760
 213  -0.385372001341701728767851018610   0.752077773477539840796273099952
 214  -0.161797588310396059630577091026  -0.715177846066231076844794512594
 215  -0.523999182670006131412317585527  -0.531762640859530102096675883943
 216   0.282700775658117250669895165797   0.900693316098005066757639963674
 217   0.065068856723095971583354467500  -0.015010808760568675855355213299
 218  -0.166562388420766490849412897156  -0.199452715022257278824513576953
 219  -0.023739448036263912872429401813   0.571185674894719499830460608584
 220   0.170612270007651796725562364067   0.022365034145476857744415633265
 221  -0.251921421932218324552211266417   0.909782268124066726857448890755
 222   0.442908928170121694714399655205   0.427390315636272258653231977339
 223  -0.633069630196379807720797144324  -0.056058314258836338281641302522
 224  -0.122087665352604183831415426407  -0.492751445904886654400825594457
 225  -0.151847392752227995481388746836  -0.931724501950910717277654431533
 226   0.592785923145875097294393950335   0.171868405769658992143499019523
 227   0.133628202184783936881859622691  -0.710951860648712303491759535481
 228   0.020735275031898394145568068937   0.277886944012090124254148591081
 229  -0.070985697622000000000000000000  -0.821394249319000000000000000000
 230   0.763816978004864667326807318708  -0.398041386408834360775468717284
 231  -0.186965665618552573417553396491  -0.309543913581825390060938460601
 232  -0.149686138518605820582777797715   0.423718633429105854994264878372
 233   0.316962237687779787004051259303   0.279923274170658613817036247126
 234  -0.571859798603021560016375646320   0.274215281419867995427633348422
 235  -0.486719655570059378577541986751   0.201499906151401142958527455031
 236  -0.655994918042000000000000000000  -0.678785011725000000000000000000
 237   0.720338707667000000000000000000   0.320501022432000000000000000000
 238   0.447126445854354257692344740958  -0.602339093097084493311058963561
 239   0.187480677059470377473107244967   0.645558522174038937097815967001
 240  -0.176338231741056717212966008417   0.827177503847309414297127701945
 241  -0.677527137388806972726186767293  -0.275501054828825402426554786452
 242  -0.336842660594305975997547691621  -0.054022003715212123551205502785
 243   0.061541829427470559281849067607   0.498069341131226346726998358377
 244  -0.925740186737000000000000000000   0.183882081233000000000000000000
 245  -0.272105801705322315991620793723  -0.236828557928302812424284423517
 246  -0.421982796681075718571615088853   0.018693351938310454085448534299
 247  -0.718209766283149550294864541557   0.016657041394686239355012734561
 248  -0.184873146242042465098617080150  -0.824740085669276705412849109583
 249   0.333490739485000000000000000000  -0.883142615261000000000000000000
 250   0.637119504837072674732180348897  -0.121029347002999807966004784858
 251  -0.853051516073998304997118189058   0.404315828462323527241478537482
 252   0.264932131667413409672600416778  -0.585452513482377388361176314843
 253  -0.456049217182944145337210287173  -0.826551444090533214690928578255
 254   0.313382359379150501115353944551   0.793013205859107295141942838300
 255  -0.004054057936733322036364600791   0.683245393025794688683001944313
 256   0.552013346826402264832490367218  -0.765799871472198757766874933210
 257   0.426032678267961024447764555763  -0.195781032815090875165546477986
 258   0.252225378798796126998124361406   0.462729828383749302690115167858
 259   0.504545381595728899225220114068   0.684242866072824477696267862881
 260   0.732276944230058464171883853150   0.444944486397096424089483739213
 261   0.830027506764921314918444447918  -0.163372794373519004710570246816
 262   0.146681965514240301855916464839   0.425353985477703769090344321293
 263   0.122675720739798070091672245728   0.828356995250915879288530980619
 264   0.842578487231468934363731305330   0.425710783368299650260548164755
 265   0.088999161216507466453000366727  -0.417999760092795587201283901328
 266   0.699345589924508507698614167116   0.210451267367127283633731398153
 267   0.688377942696106658078812672317  -0.480777821383855562981586316259
 268  -0.462789351076647883707896087523  -0.201489045180825768387401232998
 269  -0.344225398048837888808070295490  -0.832190521581988775144735969017
