   1  -0.417992234895000000000000000000  -0.680084002504000000000000000000
   2   0.705829899841426375748770775618  -0.056259880862528579719231537488
   3   0.089415658361366981182454915285  -0.276823173372189575295335585742
   4  -0.303655423017361401504684964445  -0.665598016590451335759529226204
   5   0.470500594464099307225507568454   0.292525373416764746215660851667
   6   0.461059531430451516973427450119   0.471803342508804465047448747715
   7   0.586722910540010091671952766106   0.118870674969130506714977298738
   8   0.344055307893610737265970136227  -0.169259630671493197112588475583
   9  -0.362697996263662178343051551108  -0.875614056230029488417436167462
  10  -0.661278591630434345630372789765  -0.345075633435645591723483869540
  11  -0.582135613544251591118542993634  -0.413283289027939036872889650811
  12   0.320111214121921933910904954101   0.191873895208361454177048852739
  13   0.396686536466744526969892594404   0.746795035093826256878665142164
  14   0.458573736688781877169896681245  -0.716528297019121636438203054259
  15   0.506416735121632512258105341642  -0.249174915403017230718795140816
  16  -0.501918892512764726562863307551  -0.043989383669910560620850701275
  17  -0.520652249581400855627459895996   0.791941315355568135544036149651
  18  -0.293418354132631961025038094372  -0.030165254685324388332580478812
  19   0.528611752502054699448730167280   0.205698024192947626465319075202
  20   0.009109482942989401768607490821  -0.644868763744337312729108025296
  21  -0.928486103711165051043493284089  -0.190166682614332847986914473892
  22  -0.317362447904320764380103276498   0.330968271194530262957056849510
  23   0.518388782007476913935637932705  -0.429741678342944556363613804976
  24   0.795604269050702329301996091275  -0.515037531670827272688268417298
  25   0.369890229576498432718748322925  -0.771765339192037581787330562391
  26  -0.088041504606502712781711532300   0.828136140557754439954048218174
  27  -0.166973067562143391065500662145   0.431619749402933554995668848438
  28   0.099638628855944766695547149860   0.358616529163702607533597294437
  29   0.610667004311698895027017948232  -0.242262850910724144574660029584
  30  -0.016583687219966017750898047792   0.532271227611336847034280847366
  31  -0.187433106941450616980702769635  -0.839252715038085575208319398350
  32  -0.755614836210827209624164323078  -0.160250129296851432112589144263
  33   0.282700592255440643830055839999   0.904616044020723656163203896433
  34   0.043276547209255990636764907522  -0.370562587088299781189812473438
  35   0.400417389540299513324752378566   0.559919485580509191610821292292
  36   0.181411431214993303178466893327   0.930236370276828350383226578467
  37   0.251777085589388756174590120700  -0.356738458103713608901542250975
  38   0.077443611475522579504922324222  -0.096256410432262249650516921581
  39   0.133799003702000000000000000000   0.633024092445000000000000000000
  40  -0.049001675094965990454615108005  -0.558041414520520192978766248831
  41  -0.143028973790454587710435480019   0.070486223523078903706031520116
  42   0.460277623969521521712415333879  -0.342914329119127436613272028512
  43  -0.211363102322987765446750313421  -0.478126129788996159372559583598
  44  -0.385696576436853942116418109899  -0.217644082117544800121534254204
  45   0.354278278388188522779062370802   0.466180071864398985716344404596
  46  -0.724215128613840980184164951231   0.355627371894669476168654716550
  47   0.789895505523465789918926081641  -0.331921560649763613616553674925
  48  -0.729775686181547152904666593695  -0.539996000692016274044184076859
  49  -0.004611640334121616073365456729   0.351704464671409521389462183205
  50  -0.155001020676298989387968071082   0.251052986463006229350850184277
  51   0.014547510710798655624584465802   0.808352581778469349172905430149
  52  -0.851728302342319852264944883575  -0.119285548377020948813438846671
  53   0.936643051188725840151074585661   0.144739789350249683722037304152
  54  -0.932499869836000000000000000000   0.169390198472000000000000000000
  55   0.471687371205237405103304450335   0.822046735780133927240311986284
  56  -0.631134634662949920067234393547  -0.505559998934373597280353302609
  57  -0.442287185571217678332836824103  -0.807927601107065512576051730593
  58   0.448305577083677120034882742816  -0.162347566179200110968453364351
  59   0.690973179730076474440865372696   0.125782739461423592859112409969
  60   0.227832991817699952819524938575   0.004395067776141042388095077346
  61   0.683921004652000000000000000000   0.498997285936000000000000000000
  62   0.531286576972235661821548923206   0.394446653488273741176505855133
  63  -0.028250609777261947986088440841   0.713041427423712055747303028010
  64   0.157749786893900158918769748686   0.271789179939885487783255517972
  65  -0.060973721980810392132147699068  -0.377474651580592867333947584670
  66   0.290715327793000000000000000000   0.752705885495000000000000000000
  67  -0.283195383638054175511945859796   0.605274447850567794496352401367
  68   0.285944149855655345042747537401  -0.082432281447676077362246699118
  69   0.946883379412022633343766605913   0.040763681808054807995626125836
  70   0.077917685040147033058477920964   0.944552087668681823599763752124
  71  -0.050750751486232606619055464493   0.257965050955299315494985295509
  72   0.882277767351155686188030884894   0.346173010500733213584966349410
  73  -0.026806657714543803263990282367  -0.103168474924555335794652032813
  74   0.215860944931855551141992347512   0.184961830716068368032913741507
  75   0.922702330159688511798539747600  -0.216495316067488911373300353768
  76  -0.269474260360943157669972912247  -0.391298780565179039622217807133
  77   0.819331749317656046983269320223  -0.231674850913054955110633492778
  78   0.849667063540000000000000000000  -0.417637013483000000000000000000
  79  -0.699141798060247230019324921904  -0.639883237916391453270871422932
  80  -0.375473605942276156603325875324   0.417795620418347382707398625975
  81   0.031304500323411588959232316459  -0.189995824148372455544993809278
  82   0.715081480127589664214356713634  -0.238586915405348041254768604010
  83  -0.014834610828699401586457691305  -0.283735237864482661439470696974
  84  -0.947211976913073488672184157356   0.032237908643519084976859558974
  85  -0.153251944285032373223527714594  -0.564953479012813279122901360062
  86  -0.815493150249240405859545667969   0.185910681640414112279089892450
  87   0.019332453437567187281699725396  -0.009429061208445129900175145117
  88  -0.230918040088116690315571072171   0.702821551164238097505093189484
  89  -0.901912718741877140640119693975  -0.291209992501830824479830381643
  90  -0.361766581055316793727907563271  -0.578770667366634216009187449739
  91  -0.120833956410032400519810654381   0.525359163119043760890145736134
  92  -0.271223336752209773834413268734   0.424707684910640468851533737206
  93   0.273972102969810943365214946338   0.098134481492251248282571965043
  94   0.412389436426143915002284969628   0.379352722640581865966002628131
  95  -0.199391055437144234876474808094  -0.658692892728923056253073386501
  96   0.147526816399322373405677514111  -0.363650522596006695045677362207
  97   0.552555846273743502803795349406  -0.155435501686907024824318253119
  98   0.161483823483763173609455379764  -0.933901914932368881907328999244
  99  -0.652308272854942099877465921903  -0.144640861878313852659462700203
 100   0.831197906142000000000000000000  -0.030187863232000000000000000000
 101   0.739694418675746498296162879961   0.408147292883713381836677968889
 102   0.229728236160312627745089687584  -0.811513393165667372179338205304
 103  -0.467751828246498137694705890850   0.230316792986126970918444850582
 104   0.629830658746708381151990235735  -0.606411833091479598821030092012
 105  -0.247279242980520970479348086609   0.063574159030785817561896408885
 106   0.915020257521773698216638729368   0.246956960392023958219427615778
 107  -0.443807734474809334339640708725  -0.130816732893727680371192477740
 108  -0.002862563942854999908925100242  -0.464302000804409987084289361134
 109  -0.548058003664875717108553315314  -0.137728797386020766515327588971
 110   0.159498863285166775083210105174  -0.544217285535934020690496026368
 111  -0.479723875132342539372238481913   0.410883555926054296563263514743
 112   0.576646348185806318223159726775   0.491008947216762377529640454899
 113  -0.767391013359416590616894661777  -0.349865460139647207160294825061
 114   0.180122064803599721461394275673   0.726780493503004004834876026781
 115   0.029555423932144972794791959972   0.626010641327447052928757735062
 116  -0.329334494790165166057635867560   0.511535034134457588601875513671
 117  -0.421612717094387147149015883087   0.324056206702237176812921738278
 118   0.424361483311988316679817560691   0.198785959700654540321183963970
 119   0.426110559703254932844257917179  -0.617220505775164968152567580369
 120  -0.513890939398609128240395898613   0.136577379270016765023967962886
 121   0.436333530197832718357350151754   0.018219196760727214676365299810
 122   0.847660293308970226368783857603   0.073484843858525620816132671444
 123   0.263297536526945279190152113816  -0.910452755073058506875436708808
 124   0.633822043641000000000000000000   0.213245109077000000000000000000
 125   0.205637974437277765628900112937  -0.450477871819823814796019138671
 126   0.785155593078953515820188822021   0.530830016689069221447852519346
 127  -0.397668623322698343793950700961  -0.037077319177617474476715590043
 128  -0.395100422866000000000000000000   0.607141305135000000000000000000
 129   0.576499940045432306158860531531  -0.516569027566761676113955581440
 130   0.214549144299709337542500818925   0.825424659367567286876541645489
 131  -0.572002097436564520463618497440   0.223404728493833884774309739351
 132  -0.720685739419000000000000000000  -0.053782814070000000000000000000
 133  -0.339557465284742951570728102135  -0.123904668401434594227057366508
 134  -0.526721149146981255676074965604  -0.501856041030519274058937322858
 135   0.332083261007766335588437545164   0.011307132268434128532230188578
 136   0.482472641349943708903040159517   0.111958610476837420570842187506
 137  -0.264115014089793705442537144677  -0.910215947615525366813306984627
 138  -0.192290069374455545075767683511   0.821198417187017724326467889660
 139  -0.505786161651052025007493378315   0.580140208972842914744465116794
 140   0.783158705357676526469034131798   0.313138077304497473019968076655
 141   0.456127470510192737569340849020  -0.830781284458944706179358909714
 142   0.626852583310670979285250115729  -0.710848542769849845802089591495
 143   0.250028009198122140010149764213   0.459268007372105899572209293364
 144   0.123582722627633570050612331985  -0.002516996716152043756040033885
 145  -0.201140131828409979933658078846   0.157313572746896023456373296581
 146  -0.433584763980231548826548474150   0.504622969642164502457740402439
 147   0.684163671063150158937682543819  -0.338386636569296116392436781676
 148  -0.417718558214767166907433906531   0.850741451960733437765859969378
 149  -0.594197114816986707654243323077  -0.231468211102130972409804476668
 150  -0.522338990186266568495574921997  -0.674777136672081414439786459233
 151  -0.235307196094676568801815495546  -0.116992603909141508082922255276
 152   0.414138512817410531166725326116  -0.436653742835237642507748916208
 153   0.378222372159877326134127552927   0.105046545984544334426707076274
 154   0.540583799387899101126262758343   0.025131261253020300820500411041
 155   0.053499517703833776149857142097   0.264877115447592401639120406740
 156   0.549508413292168230937190737407   0.661114091822943413881845217573
 157   0.111610675741789168373079740923   0.178049766223775281888778630276
 158   0.402166465931566129489192735053  -0.256086979895310316862930252047
 159  -0.551925272803163015553183386079   0.486400795256732708849988229098
 160  -0.213112178714254381611190669908   0.337880335686823349101191960742
 161   0.055248594095100392314297498585  -0.551129350028227106834631137599
 162  -0.373724537868685471087439431404  -0.398210850624263404692930975801
 163   0.057539137132194672633919017248  -0.923347416317040346487349207073
 164  -0.044291047850144197945910542480  -0.946724941596880600140992720907
 165  -0.864378925385163794595135482596  -0.388714400699627010422183451073
 166   0.263749132475233157852122711764  -0.537305221043640934546360915136
 167   0.678742108856885806147533602634   0.309522882020977912112664018693
 168  -0.351529512170587353248260693198   0.056662094538492731417761297653
 169  -0.426508606805691516571323184122   0.746632709256212642881451548535
 170  -0.646068915578872354609320097953   0.531709401356088201512572830215
 171   0.945616797578547657622712634125  -0.063707802493672398519953436879
 172  -0.108861909524187998842278063319   0.344792400179116435245327071973
 173  -0.600500746541649997181892721756  -0.605447236158748776507040648682
 174  -0.624461491663913149139985959298  -0.712949968363952783467898560561
 175   0.007360406551722785604167134333   0.171137701731482195744643519044
 176   0.279375208654388660188585488286  -0.719583673357982867105253130982
 177   0.297916196741499746720280128464  -0.262999044387603403007065363279
 178   0.740637790548870615894823486331   0.217702931443189160189160006834
 179  -0.618141208588675511009308505203   0.129665314777723678879832851654
 180  -0.363501559056431754925793284261   0.237228857478420057062579961814
 181  -0.130839625094563316392384438942   0.732824986202997146528445816036
 182   0.504673428395938837052114980826   0.566743972658550042303628679310
 183  -0.148228283094858936778924254418  -0.936097317618222375055143227664
 184   0.893266086365498254734196509018  -0.316742025804197569879220535916
 185  -0.096889862638343597164745472256   0.164225637239189109600508407812
 186  -0.072945768866654793809680290130  -0.196907888640665541689128920509
 187   0.494444688235788110580572750580  -0.068608152463089905073976476655
 188   0.681001453869130887303368933031  -0.509488284600590790099204957207
 189   0.564527893159587904481327940468  -0.336002264626834350469136917280
 190   0.622639051197543296704550539295  -0.422829613850651470219478693744
 191  -0.872572306640800186344704248182   0.369955918515752518649236178347
 192   0.101387705247211382859987506348  -0.457389936312116900940154249903
 193   0.656806115463809885572707955995  -0.148523437194613938680183141888
 194  -0.525862986284453529917928489676   0.317144142209944090668786627047
 195   0.544800344048832265682538474823  -0.775527173660313942679459736130
 196  -0.221451962797805930622628682880   0.921525279161825231554036944727
 197   0.559304284707397277797846350401   0.765133013971575685933149895233
 198  -0.908189168839000000000000000000   0.271001710231000000000000000000
 199  -0.178945114447987792743033253207   0.612186512342860880640487512599
 200  -0.465934309732616435055597672207  -0.586831657625864709242987135829
 201  -0.945004963519932536217294674382  -0.072217940180897728708181482056
 202  -0.510514285287224299878305588667   0.684512332208063113284834690878
 203  -0.768355600223738712452885884925   0.045103659728180686279355640139
 204   0.203888898046011149464459756449   0.365528593655995693677732405668
 205  -0.627978406075000000000000000000   0.414763789660000000000000000000
 206   0.721956176947182402845895771603   0.614026946093646120106844428521
 207   0.742526073734737749536500937556  -0.425045307319235436272163045139
 208  -0.704014590175514943199284816673   0.634518139048272192622291162433
 209  -0.477975656868115242915878662730  -0.405122487169523286613624802520
 210  -0.409640670208542745471483292024   0.143489443762309851168103074118
 211  -0.711547652214000000000000000000   0.243999978391000000000000000000
 212  -0.853935315735460804719834366549  -0.014829699552604135128397805641
 213  -0.321538996517031418272475209584   0.891550607469986082623057897536
 214   0.065471564589678177827389733159   0.084310352507665075994301742580
 215   0.761220591279700654760046721397  -0.144847501689237835360291716314
 216  -0.189168084942565578256125487783  -0.023253190193031302188445367580
 217  -0.281446307246787559347505503309  -0.210732017625251713977399142972
 218  -0.259251289866365372156880677672   0.244140921970713143206715073045
 219   0.598694957425854493349485357169  -0.061696087970796818929841365423
 220  -0.722216489071627721907195877162   0.138843073444290892173832527835
 221   0.021081529828833803446140081882  -0.825435526684264638373926689455
 222   0.472249670855365923389947924942  -0.523481092059054762258090692673
 223  -0.177196038056721176578592896720  -0.203819953132958627833264031741
 224   0.838813480669225658015159633057   0.441182226079949122401676241644
 225   0.749091816501875663886967867971   0.038841653450074722728962547345
 226   0.356027354779455138943502727290  -0.349826393611420522757407139743
 227   0.635277822174955777974662350797   0.404532097600193820929373910927
 228   0.181693880665588962273834930812  -0.089344345939969163506381810350
 229   0.113359752133055784537520097411  -0.637956699252044226584972914064
 230   0.864591172121733119575317148774  -0.129667966843671791622958577304
 231  -0.826549199018147895292672811058   0.463752340763622333443347298414
 232  -0.722134392444970450603023909731   0.460085812428417044503011702275
 233   0.574750863654165689994420175043   0.299437437909057832359795962899
 234   0.734079649185095467068864086750  -0.599480508952182626515310329366
 235  -0.542192476483867845699939737506  -0.777352642245185373224824130381
 236   0.644834068577965483895175364932   0.032043325745313386964635522273
 237   0.445252374436528907209828135147   0.654289604744902563189037830555
 238  -0.861632261401351396405235675733   0.092171267924303906384613004754
 239   0.041527470817989374472324551034   0.445443878387519727283939070901
 240  -0.327585418398898549893195511073  -0.304471431341361919871876030669
 241  -0.131056926904610186032902888957  -0.110080539416848421938787144045
 242  -0.664280319740786501554998512966   0.035925901061613472985355963958
 243   0.193665927551433363951367521874  -0.269911108879896489151200474511
 244   0.127334499230000000000000000000  -0.834557234209000000000000000000
 245  -0.804924806716129936661878873156  -0.252361051941851021217941755630
 246   0.361911551342383130837617948312  -0.875939404848434892744954225356
 247  -0.292377103093681032725614210215   0.791223745495178575395488842469
 248  -0.315613371513055022825317885537  -0.485038194281288815028488235852
 249   0.239805038703544354497057529637  -0.176171695163786283256723586814
 250   0.621481333082035712108235483356   0.585379066381155749107856993162
 251  -0.118673755198865424604203102274   0.940301202694264614671635589025
 252   0.262000056083966541687682355275   0.278701244432178573927390629203
 253   0.309888243627344148397812719526  -0.443565807327530728651884027440
 254   0.135554769513477971728144923048  -0.183083759656079369400858698046
 255  -0.084917815752499195487212881193  -0.016341125700738216044310256348
 256  -0.305390401018476362702570685435   0.150401508254602937312238185349
 257   0.087666581970100365018014558797   0.539183292103629933178415958598
 258  -0.769578496036443000433507035908   0.553171537951445248896451422221
 259  -0.599929804426761364063630090190   0.625448815072198407407049717911
 260   0.169721833779744560596302339749   0.091222416999958162138436853811
 261   0.367999401665299540621035318353  -0.530393156551347848402225803905
 262   0.296167120350233130555839771976   0.553007421088216105466686181061
 263  -0.062722798372077008296588055555   0.438531813895226641139803959670
 264  -0.560030050550720118786085906377   0.042837965553906559129491075190
 265  -0.119084880018765784355370297894  -0.290647302356775747583605808205
 266   0.217610021323122167306432704000  -0.631044634759751140440837802832
 267  -0.604657928062933638934442300541   0.729820938307418605947419291994
 268  -0.335168309278183073084483678760   0.695909486671945011360958078252
 269  -0.420831467738119129054969086261  -0.492589263207183191673447401518
 270  -0.816340849488870552120055985426  -0.481494994176543793757833004069
 271   0.171470910171011176760742696237  -0.724784048475861346335314690528
 272   0.145777740008055757241237157623   0.452355942879812813428074182133
 273  -0.165223991170876774901060305657  -0.384386716072885953478082695902
 274  -0.805433270829421953304777521542   0.289904403026878767116003514879
 275  -0.083370370793000000000000000000  -0.849828093746000000000000000000
 276   0.649983257157314921674851025655   0.689761971535433784880832652933
 277  -0.349794534169472392049766752468  -0.759337430306561541654305483366
 278   0.531473313395000000000000000000  -0.641681825008000000000000000000
 279  -0.455779781360653736017173299787   0.049750030046199645273626186421
 280   0.238055962312277738332617173150   0.639834770312033225217027957525
 281  -0.038778704600388204941522873430   0.077398288015371989850166631348
 282   0.321860290513188550075345310590  -0.624132570267458054296702691601
 283  -0.074713912041000000000000000000   0.619392407202000000000000000000
 284   0.370465148633902829145370568663   0.847930261804733591194006658420
 285  -0.037029628209121952403359372198  -0.738608177460447761988656287216
 286  -0.630113255474519912686841096266   0.310232077717651004524651515815
 287  -0.245544264979406009280898994186  -0.752425365814268455509493953655
 288  -0.431835687588964932662108117662  -0.311383495833655006016011141901
 289   0.308139167236077532233372363039   0.372440658148288779821867516900
 290   0.067220640980944793991830089647  -0.731696112968154432479449801760
 291  -0.710277612749132674579064189678  -0.437352343342080152130947521337
 292  -0.536776169973000000000000000000  -0.318753559376000000000000000000
 293  -0.095140786247076981000305115768  -0.651780828236630398873243136527
 294   0.075690331402007996768878735236   0.723632745024202961810062934659
 295  -0.257502213475099630602095286711  -0.571865543505105934778830012317
 296   0.837040122303878638876703886820   0.177422840902770873667422481109
 297  -0.223335149208832167124282904483  -0.297559366849068833727740919437
 298  -0.225084225600098783288723260971   0.518447098626750674746010624902
 299   0.390194419045721727811660143990  -0.075520216955382991218111587886
 300  -0.489946845626920324885330716488  -0.224556146609837886265669365436
 301   0.366250325274032924456594961864   0.285613308924471660071525740435
 302  -0.606169161702831109331775914140  -0.050901448162203646764985812507
 303  -0.141279897399188364119467755057  -0.745520241952740411540662471127
 304  -0.107112833132921382677837706831  -0.471214065296703073228424472366
 305   0.340857402781456810044846764906   0.658483070481452270097492169082
 306  -0.019613932467728481705939793749   0.907089054582125773358317537524
 307   0.191916851160166747786927165387   0.546095356595923019322551069829
 308   0.112079128218674170389002180514   0.845815614865025399414351644749
 309  -0.697503678172871817400941724252  -0.247077478520668551862930920727
