   1  -0.782994487015283414006977435867  -0.413483002917242391095988191431
   2   0.932450339319888804972089161086  -0.167488799792829975617039863615
   3   0.219419002904699578037898072396  -0.409849142087302667664031376372
   4  -0.531315963936672979312745205782  -0.028526011550371192764138647973
   5  -0.848437453410633404052664332583   0.102011411994037672908912087268
   6  -0.410553971524767737726222668182  -0.760612063042788826156692258666
   7   0.815631912103271611033018245355   0.313030853534442665912372496818
   8   0.572220503662838861091389429075  -0.180102148324587122629011392354
   9  -0.470870086641950376397423160168   0.555302943344467053275194788471
  10   0.384536761952495721753728609530  -0.084771365690354253904038210254
  11  -0.161589976181623449542881137295  -0.114085437061041609592843425118
  12   0.641244273381830791540349213859   0.297870360437463294514210681717
  13  -0.734079561543234146324742903591   0.385580856804539587791341252938
  14  -0.289317922354000000000000000000   0.564249783058000000000000000000
  15   0.063293174963052759631596701062  -0.746895980897633910106369465250
  16   0.473435703990714966592716967987   0.703461690732947838049530252377
  17   0.014810774197446191983864541044   0.000788059820316162924666566891
  18   0.693606817350262785161707998437  -0.498026121690442272560248759424
  19   0.699105112904166707834474639097   0.484060673397582279111714212228
  20   0.737250269136000000000000000000   0.384130644392000000000000000000
  21  -0.554127726274000000000000000000   0.392261425383000000000000000000
  22  -0.238507360039884772495338835260  -0.381726465017311137094081595231
  23   0.853455866672179408663777853835   0.411253227338895880127478257575
  24  -0.206648682220444838232536916865   0.726735587685374372501300970298
  25  -0.349273717891966588880541956840  -0.018754654426808740867870243019
  26  -0.824703449532777729172216587218   0.204554004680874247885928505617
  27  -0.343632222226329839975084386237  -0.123856794184604061489111830073
  28  -0.384161230345713068327070219698   0.865988615660209725849550899259
  29  -0.249790351371158270306253976465  -0.171522185501720495851598421123
  30  -0.366198204888876835596914668648   0.296551764846577220995854518144
  31  -0.067748105326451879874050727523  -0.161750828378158043955330016168
  32   0.741775504636471668648304430846   0.589309115893455572185209256792
  33   0.196853020242152582416067789986   0.010559416943878614820934971845
  34   0.091728158055707514936322239008   0.268429087776585690425904737003
  35  -0.255431847036795019211711547067  -0.066420045743925175230356834069
  36   0.279411899766050654273983058553   0.173098305142352821700931554904
  37   0.478378632807667291422559019303  -0.132436757007470688266524801304
  38  -0.272356334033705265928084258875   0.248886373529460786633367927094
  39   0.419998840334000000000000000000  -0.623214838222000000000000000000
  40  -0.689152616160111844338147026095  -0.461148394234358825458474782480
  41   0.739143110855335968885719742898   0.142103941966173293196354166609
  42   0.467095641476393793611643878097   0.077767522508119952975958372804
  43  -0.630799330457481297887033186156   0.124241519524540562219589530130
  44   0.076202627883522384372317313887  -0.851354739651061170608604041417
  45  -0.139023993519076453921050854885  -0.534493996092222892077809773335
  46  -0.167231471847260198448338707898  -0.008983297303246288971601838064
  47   0.671703870183647179665677409450  -0.332869679399498877612739570458
  48  -0.389290051863802817237078085730  -0.863695194425496479828176206784
  49  -0.755338818720198543749985226682   0.488664949851411886502284353652
  50   0.370134016179229149632035099695  -0.762586217115434872163669215339
  51  -0.409266614753317665116626942996  -0.601702101656464230232833174294
  52   0.566579007997202112185931858472  -0.075000008566791802007769805300
  53   0.407102744615042717375558891941  -0.505179924721535536389004558471
  54   0.125577132049528008369067662624  -0.362183750770186233301544785322
  55  -0.079031096657725377684965868728   0.048453451137432597287153157940
  56  -0.559070461831485197160795999338   0.497866194903788167016439792466
  57  -0.590238379623003655025445099306   0.741036293695409682912956617600
  58   0.208136011573426080226982931191  -0.199644862571712026421548202263
  59   0.584011247967000000000000000000  -0.391093437052000000000000000000
  60   0.080445166724434017125407097803   0.478633367292176331668387911112
  61   0.666062374518010430760219838847  -0.227767539641703556991497983404
  62   0.654779383186736932949304697642  -0.017563260126112915749014809295
  63   0.374397128498585685024505629667  -0.870254516521363404951281589606
  64  -0.031715469141057187060655969352  -0.701600906104549482451861118464
  65   0.089811385195385416813928124503   0.826990727609553792668998004361
  66   0.539011023543000000000000000000   0.451553474121000000000000000000
  67   0.444529658813846797989813595686   0.498176081539301235460924721021
  68  -0.933723488069000000000000000000  -0.160142167108000000000000000000
  69  -0.946342707503760802419269062805  -0.044177067673962706381961747181
  70  -0.619516339126207800076118044951  -0.085962759991050079022893643978
  71   0.256845917103503658652152776142   0.593506864173534104185897903121
  72   0.748621254041908502618135107414  -0.065228651443229350111501400344
  73  -0.809669383498051476234215660502   0.004157832548696492699991979816
  74   0.236265910274532550660371294210  -0.725159696835766054270183935697
  75  -0.062106609660815130968593156920  -0.266852968135953364576571603222
  76   0.450171154479483546895271166289   0.393073941781505914839683133967
  77   0.009169278531809443078406970441   0.105890199578111483545908153945
  78   0.119935636383891259463610092022  -0.257081611012390912680303198268
  79   0.103011149386981012747237380214   0.058224808260995049183421562895
  80  -0.798564427590554093268695989068  -0.290550653089272687371029228091
  81   0.851331380386121136775313202657  -0.415633268788339382467094591475
  82   0.273770404100413905368525487950   0.278200444900148142322173141958
  83  -0.050823618329541633157678015715  -0.477057247651544005819054777331
  84   0.373253770621222223942813468325   0.125432913825236387338444963854
  85  -0.520032972605399481501830064576  -0.238730291065961834006621822082
  86   0.733501615189699219980262172296   0.247206081723968613817595753663
  87  -0.625157834791844548981575615554   0.019139379766745241598347943076
  88  -0.195438950175443942975626560911   0.516527401485730314134606097207
  89   0.285053395431687403179440629156   0.067996165384557501079689967850
  90  -0.184155958844170445164711419706   0.306323121970139672892122923099
  91  -0.207119362320943491900668881982   0.831987973479025304920678463776
  92  -0.843539193909733364513358065851   0.431228201410733000243529357648
  93  -0.613874843460571051170660474349  -0.191064899748845399644135231032
  94   0.026093765528719689794779682249  -0.209416219695274478317816607218
  95  -0.360556709223240086691457098045   0.191449625088781900374612931090
  96   0.438234999965177284056952720215   0.604268965742054311162777705995
  97  -0.793049716273964472501881297550  -0.518255034583941984655283954405
  98  -0.707716714315742620839490884121  -0.143399508431728965281648639982
  99   0.632280942193685047269180910184   0.402741447725734277912326722757
 100   0.031911775433774523032226247159  -0.946835662584845183710921514442
 101   0.131218627715164757274525233227  -0.467285890527981553922786372376
 102   0.251204421437866909746695205540   0.698609003931329424807139490175
 103  -0.150306984850349951731965996090  -0.324289716576632250835326599227
 104  -0.908824427494000000000000000000  -0.262428854918000000000000000000
 105   0.136860123380801506179982803829  -0.572388030285776874544027959430
 106  -0.221582873042974525778966123452  -0.697032884290697098957806356394
 107  -0.090314087988998875495881009933   0.258657730653023238529636332049
 108  -0.155948480515986700637423566693  -0.219187576818836930214085012173
 109  -0.101597079320272373306796151139   0.468862010168613879772119506157
 110  -0.478935399363083795044838738222  -0.680597898160527436737283182878
 111   0.213777507239062829132440501794  -0.304747002329507347042789789317
 112   0.455812650145120295800728736892   0.287971802023710594218441546913
 113  -0.672145303304323483163787713614  -0.667635248170554161737863456448
 114  -0.118692439147100013107801731886  -0.849562043239493460253802313988
 115   0.378895266286858972848271038928   0.020330774067441066717203376800
 116  -0.508397840394023195564495009044  -0.799404634235073577007982477448
 117   0.671826223370480227855021144641   0.667956330118650840062546851900
 118  -0.285705496410000000000000000000   0.903255655642000000000000000000
 119  -0.636506832077113659274518044412   0.569153604859505347862207532113
 120   0.851335047413133231278862092781   0.096754364164641284730546380772
 121  -0.220629425485183761560195513890  -0.823348743727187397605432084155
 122   0.465544489933316563054328645779  -0.718143807718180824577818726509
 123  -0.572777270218255364713669147994  -0.632932506843411002374796591828
 124  -0.642082321788754795697948327362   0.334445799040131203462072704239
 125   0.031735261194356438700237252852  -0.314518359453069798939058194272
 126  -0.326707735229419593258711674429  -0.439163213457990023352836591235
 127   0.142424039419360980991540884438  -0.677494305518649619907697344648
 128  -0.244148855705521521400796405862  -0.276624325259515816472840008177
 129  -0.804205923256190842174153559671  -0.185448513331477366749787641036
 130   0.577861999328475609996846999677  -0.285204288082382443250252979408
 131   0.313260873759871147706728482169  -0.457514533404419102026517967421
 132  -0.822279936732768967088115742761   0.328144108363860701532586256934
 133  -0.488695385193947392912290456730   0.713335995188115813699851162027
 134   0.545289500352640619927068235420  -0.649448687307525486322054915943
 135  -0.127741002187802956110135713679  -0.744698275607813533320292947443
 136  -0.696433722984469123028575742916  -0.353603787947319606524131814090
 137  -0.387854968151647101136685258503   0.620008247277401680194010254419
 138  -0.460040075744048405265745078420   0.344217156163693655358341109194
 139  -0.525674468271036230407287635179  -0.133628151308166513385380235027
 140   0.307619378094234398801270911566  -0.352412393646623781405276380367
 141  -0.068389568674683436983966035564   0.944901582309136156535518120837
 142  -0.133382497853439705015593284282  -0.639596135850018212699051360389
 143  -0.448757084412774907454829937215   0.134012876648103014115857935085
 144   0.074803671058797268219949527200   0.583735507049971652289629498166
 145   0.179928533245242335699695078178   0.325865836217264576684659733008
 146   0.108652645052617761652694950816  -0.046877331496800271437820024159
 147   0.484020128473304040328016589905  -0.237538896765266008887766388358
 148   0.395819753283769219564643750736  -0.294975645205944895146521384363
 149   0.549654521000291865469559146664   0.240306410706594159855954955863
 150   0.532076870820348853725783129987   0.556603574424937876800291114944
 151   0.318902369425507896612186052771  -0.562616673162214422647759554476
 152   0.588359137782327067450998936607  -0.496925121882238611349550301020
 153  -0.945402730595802267257169617661   0.061072173170924354272858712434
 154  -0.172784226993451298324139076134   0.931483625329019913510610090624
 155  -0.713358209981379369744948454724  -0.038297368673933644660407052928
 156   0.844249964130353984208716321916  -0.224925548233508861875794859619
 157   0.761445829793088681124555338960   0.039240561781599616253296160896
 158   0.225060498570336326943355642999  -0.514951281845097988285272963426
 159   0.003527782866172694172949399839   0.210992339335906804167149740999
 160   0.230701994235973075848813213601  -0.620053421602893308906514550480
 161  -0.503108485608489234785457352768  -0.554036710339347795870346583244
 162  -0.317186646332000000000000000000  -0.652831068894000000000000000000
 163  -0.045182122663904884252220445112  -0.582159387409339326440296364385
 164   0.386921289242939644501912362521   0.763407852377063584503068451558
 165  -0.932793390111421021094586797387   0.165567583536937474027397298623
 166   0.157362550582695340077864795767   0.746274395248445859169626081225
 167   0.280058267705000000000000000000   0.905023604864000000000000000000
 168  -0.548240450933583226029117917590   0.286780407723014769099586113189
 169  -0.514391476939762732596372493974  -0.343832430823757154627863409136
 170  -0.536957459602309728218202776384   0.076576128207424127857102939081
 171   0.892182944006650447926937157327  -0.318631021367104939394781027791
 172  -0.305889769722655400531111042263   0.795619128615428228391357380787
 173  -0.371839700554513584502372239250   0.401653904604372541617096105198
 174  -0.291078882988629021456772645020  -0.901548233447279551225260136504
 175  -0.261073342702431768117169117670   0.038682094013870145390884752986
 176  -0.019038199796374301448880882572   0.631400898367088086652116089216
 177   0.174287037579605586794237507575   0.430967975975059897305901320062
 178  -0.189234773003000000000000000000  -0.928274832106000000000000000000
 179  -0.702075218650105871934033313518  -0.248501648189524285902890227036
 180  -0.431832597415864660738457225407  -0.181293542625282947747866826077
 181  -0.002113712799464054732508170764   0.316094479093702124788391328053
 182  -0.189797454509807194070168990308   0.411425261727934993513364510153
 183   0.660420878852373681854762268244  -0.122665399883908236370256396349
 184  -0.739102184196781164562946052705   0.592658497508781038001305336334
 185  -0.414908110418954414022084513599  -0.496599961898668909611591587240
 186   0.472737137142030542517101448700  -0.027334617249675367645283214250
 187  -0.608233347794934302265202903746  -0.296167039506640720265376818086
 188  -0.655435746827046118204128954899   0.455533960108813554674760370128
 189  -0.724641201312652867555863595929   0.171906910841656996582076121180
 190  -0.073316451370380865995840090332  -0.944532070028473427322761932488
 191  -0.593937135822680222771826119856  -0.738075072092649365421634687188
 192   0.738737555110111158401150136418  -0.593112938675050261273998378341
 193  -0.056465113995178382063135586318  -0.371955107893748685197813190276
 194  -0.111671950178422471898313374249   0.681373636386621581862472797138
 195  -0.321066239563782844353254103827  -0.544265353215785343974078178290
 196  -0.377481196220150333407829809853   0.506756044362167862238337692253
 197  -0.007755208465100803637965741366   0.421196618851497445409632915107
 198  -0.699207845418792902833050887778  -0.565920425901058419017770545455
 199   0.301977882428597649895813340963  -0.247310253888828460784034793313
 200   0.239892543095314437670512931503  -0.916497518338746598800903059303
 201   0.176665306413000000000000000000  -0.815793235003000000000000000000
 202   0.643496391855463435138389556436   0.192641019389477725493468364813
 203   0.842463124897080072286965517186  -0.112894042760345784473987991394
 204   0.262487412769140407557610346745   0.488404724415738783564656316067
 205   0.047415395315251034299288214023  -0.632199230725565192253188997862
 206  -0.454398580078411656360287507817   0.239115016405898334737099522140
 207   0.324543865091144645517643623374  -0.667718812920009743269001141530
 208   0.802568848675338442562114871662   0.503387898632615280206732482882
 209   0.567277574845886536261547377759   0.655796299415831403687043661326
 210   0.754262749707545251523592678017  -0.170330791201024670732742987399
 211   0.560937512331565363280474287869   0.030102131191003518613471781754
 212   0.136746106496089621942092422437  -0.937452204494703062384895209708
 213  -0.636440826123118046792490756759   0.229343659282335882840831117185
 214  -0.020882045584000000000000000000  -0.810657496619000000000000000000
 215   0.193489362214067828610265653812   0.845133586709654298063595725896
 216   0.351123339267000000000000000000   0.664279323750000000000000000000
 217  -0.012060251235030889713098913968   0.853456855887063807839784731053
 218  -0.023471574988887651134940535079   0.738810384827300468121227793143
 219   0.746433455079284128496391860898  -0.406989686120615194827783883932
 220   0.560361130485000000000000000000  -0.763872318625000000000000000000
 221  -0.730282696978289616461321166532   0.277009050599452317203317708234
 222  -0.105422372575077706568650674092   0.804858496306735247079671252270
 223   0.356329283624311977226440756517   0.440739333098622349202169725017
 224   0.772846937226000000000000000000  -0.303437126112000000000000000000
 225   0.361970779289948726131898327120   0.335637193340827028580928137962
 226  -0.508749981274125983690914923371  -0.448934570581552475249104996190
 227  -0.084672592323362126590423439331   0.153555590895227917908394744995
 228   0.564256531921792066677118210258   0.761006372862547126330612807686
 229  -0.602591852129297553359745333144  -0.401269179264436040886618405140
 230   0.799971601504268588836090074824  -0.507505241490680715627399663546
 231   0.378724972946000000000000000000   0.868368198231000000000000000000
 232  -0.144665489184713202826508425487  -0.429391856334427571456568186281
 233  -0.603444989759982865654161858719  -0.522242494046602987602217119072
 234   0.268128908434777156463067917347   0.383302584657943462943414729012
 235  -0.724909516088000000000000000000   0.066619170162000000000000000000
 236   0.636625519344942545319256896869   0.568763605127757313175794305517
 237   0.036849240730041901319434327002   0.946656361522721651364264291837
 238   0.544013025334655116564101576062   0.345408550464389480477196542917
 239   0.461454145810757044706186307495   0.182869662265915273597199959858
 240  -0.332349230895056342164169245032  -0.334061073700194702731595004181
 241   0.367612274955585475037355897722   0.230535053583031707959686550908
 242   0.495303119804577538138931731111  -0.447743176280856650130249562467
 243  -0.420549606084591162927542084202  -0.391497822140873588990350000186
 244   0.168645541913968837888779936973   0.536070115732855217927142907117
 245   0.202494515907789331321525360588  -0.094542722813916705800306615209
 246  -0.232865864374248023589881264657  -0.486828604775106457715323182285
 247  -0.283639325364978763738999400081   0.459090653045051427875851101203
 248   0.933278336987653114993618320533   0.162811790308254532362676563110
 249  -0.437474093081501409643914796009  -0.076191402867487627126625239023
 250  -0.266714838368068517022626688273   0.143784233771665466012126340040
 251   0.827514687609882665065440047325   0.199276931016316544023945409316
 252   0.633489875542175440690441074589  -0.592011938866846600063299919938
 253  -0.013396704130737552543423311969   0.526298758609292766030874502162
 254   0.946108556437000000000000000000   0.048726350186000000000000000000
 255   0.141633209913052427823751558676   0.936726303251672163885911717253
 256   0.114294140718254510558152521419  -0.151979471254595592059061611213
 257   0.555296016665928614375016717267   0.135204270948798839234713368809
 258   0.350687787958675228320983185915   0.545841472856417669823411312071
 259  -0.107238574985909122212253721741   0.573964149926409200393361093211
 260   0.641638197921000000000000000000  -0.696996677415000000000000000000
 261  -0.095955583654635624401338580536   0.363759870410818559150877919103
 262   0.281917192484460178501352248019  -0.819997699174501992669088771239
 263   0.476356674280196252039251847028   0.818901979618152753312964839025
 264  -0.465681571409685154171202649022   0.449319295921488975979582696248
 265   0.945274915071068983478509392632  -0.063019586568001009252242302375
 266  -0.073389600992088628779508298126  -0.056648688620362723334088429114
 267  -0.227224368708611274684423694054  -0.591930744532901778336564769339
 268  -0.172872967512896947353796278501   0.096118842454549031649639748990
 269   0.037376756859993187605694823454  -0.419620499210865119560299781326
 270  -0.443115588747138158549372366612   0.028910736890307693494616348031
 271   0.185570028910879084605152648780   0.220763696459469256063418145954
 272  -0.542598955267946477123660346987   0.181678267965219448478344526135
 273   0.296336386762960900990355770361  -0.142208114131033140162793206259
 274   0.043018252525629936511152394057  -0.524722638968660440181541368380
 275  -0.477853345537588508730188685659   0.818029530953713487826916280959
 276  -0.294889070340750779065386882275   0.669360330305643968090517504762
 277   0.020452269863082940889322111646  -0.104314079937479157696575020164
 278   0.086086662390070766030864668406   0.373531227534381011047146324058
 279   0.290694891097324152084898199758  -0.037105974373237819541551619205
 280   0.649137887521100184043847127039   0.087538879631682404872226777759
 281   0.069162175393160519314491956598   0.688837646807766972910871085221
 282   0.287331233069239398279096063585   0.797468195392537863701109134846
 283  -0.548306456887578838511145205243   0.626590353300184234120962528118
 284   0.468622715146609036136432916661  -0.823352223657918214725360893552
 285  -0.277997829699342014833541829478   0.353988513287256107254609514148
 286   0.909457977184402548780196275076   0.265334357159929791656075591654
 287  -0.354915213557603337785999527443   0.086347485330986579753371344036
 288   0.390178257618132470659186180133  -0.189873505448149574525279797308
 289  -0.426191101750227911832999654804  -0.286395682383078268369108413132
 290   0.489661624138940789233474160508  -0.342641036523061329509007975412
 291   0.163004046248332088983322366370   0.641172255490650538548384494171
 292   0.097369653721344263841779809611   0.163326948018790369804663149949
 293  -0.201080445841080691881084131514   0.621629541243525634755847684261
 294  -0.178514463178533696259253849103   0.201220982212344352270881336044
 295  -0.668797859038496045582966483385   0.670988492523785705891822846357
 296  -0.852560609171457105678356533247  -0.091959954646211026409092338013
 297   0.401461248949405968470101321338  -0.400077784963740215767762971417
 298  -0.305300751399415876799572834805  -0.760826325164415666835586489961
 299   0.191211524576515833510610219383   0.115661556701673935442176558899
 300  -0.875190892496739650217541773810  -0.362707919743391808784664592821
 301  -0.337990726560693091069626815634  -0.228958933942399382110353417127
 302   0.500158762592792246687626097438  -0.554361870322917497608305297025
 303   0.855287700648260250793385748732  -0.008424829535516818109190430154
 304  -0.908670326576933737291816641003   0.268019348093355085376685508796
 305  -0.384112176878335609083896073571   0.725195117981387172329231935776
