   1   0.405131727350019560564637593367  -0.618323586299217924131429396110
   2  -0.287816939396000000000000000000  -0.903103934124000000000000000000
   3  -0.181742055158824240772005801194  -0.401383529962038688180903672093
   4   0.592705019571000000000000000000  -0.600059474735000000000000000000
   5   0.610600875797776973942081938915  -0.212862253937547627219836910614
   6  -0.939351202701788150937882713273   0.126715594566006694703005436015
   7  -0.144459398041205717450037236125   0.451379566880036079965260712077
   8  -0.234522700842822933146532212233  -0.093024713643882739248790463589
   9  -0.805588908832198439291851829953  -0.499463746322053236112150493232
  10   0.086352293251074677911861502755   0.173493670555539035360343331736
  11   0.467756927312161065871060551767  -0.448907718143310497501774877778
  12  -0.555397694936720544204925927221  -0.359543097843304513857924258915
  13  -0.197456502303588452803068624776   0.760003477705438987288396252241
  14   0.094101287534264762438140425740  -0.407067286024576323178795464600
  15   0.174320036057739165202738854487  -0.340437689974720879526512015769
  16  -0.136710403758015632923758313140  -0.129181389700079278573878084259
  17  -0.164148506597491343313830330847  -0.504169802068090671158274741594
  18  -0.011175247416102955914450519788  -0.848331639632217304887399876367
  19   0.638038978637252684332153956623   0.162126158430463765364559746721
  20  -0.332334997927630233369306111327  -0.056868037587686199923702842920
  21  -0.119116855196682735465582842793  -0.231967661806131261551249153760
  22   0.776136390348581208759535195728   0.403105195138873680701568665197
  23   0.673226075759918479248504897316  -0.043446385781640200590182392281
  24  -0.146554958036158445855654860501  -0.606956074174142654135645811094
  25  -0.799268555014513258831653347896  -0.310975066603537933529571183404
  26  -0.545553140658577731273029379860   0.118231586630758861703843467920
  27  -0.109272300918539922533686295432   0.245807022667932114010518573075
  28  -0.046647100956398417227263337032   0.415222890823839540640173091408
  29  -0.213037531740341550316120217122  -0.828969801918084053463926925570
  30  -0.199335603720157138230181271540  -0.298597257855986705203532602591
  31   0.327008538821497886205656788996   0.373382458705105366317193678230
  32   0.031476087572123257131717467340  -0.576483154180483749808449982933
  33  -0.465334392135103328508430951113   0.184861182680614305356126916752
  34  -0.701432593211296795143860769203  -0.494363491356028599736304364845
  35  -0.126865849479872819991861765779   0.348593294773984096987889642576
  36   0.429774059596454487870902904857  -0.844826480184833968639992971850
  37  -0.081255711327413878281502339350  -0.925553911435206798591254216311
  38   0.585318177408788291814954363397   0.470412859072873937290254626120
  39  -0.101523306635349838007407372447  -0.334753933912183244528620223261
  40  -0.091678752357207025075510825086   0.143020750561880131033147503574
  41   0.125086171107798230017526193118   0.939569568324295558362206327767
  42  -0.252116249404155830604707682580   0.009761558462169243728580605911
  43  -0.585172446540000000000000000000  -0.258333661749000000000000000000
  44  -0.162052946602538614908212706472   0.554165838986088062942631781578
  45   0.711342295405466398333588271842  -0.248474384477223443511318391296
  46   0.156726487496406267744563384141  -0.237651417868668896549140946268
  47   0.432569830189495270954709611075  -0.243335173931206531547032738776
  48   0.219351687458547773050986342541  -0.068235549712761469919486427936
  49   0.281976887420689278357409300942   0.101180318443145956710168090397
  50  -0.359773100767105943759378129034  -0.431856449955697592508099500254
  51   0.690071504249000000000000000000   0.463206418022000000000000000000
  52   0.420714678109715298954041359614   0.849374289431079446998075920623
  53   0.051165196128408882995510562062   0.379066214767643001315085470738
  54  -0.628276602445102648706168297016  -0.568678709847639425365720402911
  55   0.113790396090550388301933520462   0.548482082923550427944739989071
  56   0.254538784581213567967337283234  -0.273808093924865435874228566937
  57   0.309414990260164988747481318650   0.476168730811157349294564747731
  58  -0.643365437743385031495803278954   0.154388262686955401028931088590
  59  -0.242271695126013017672811135218   0.487536242936232619290348332747
  60   0.068758744689741780453686032408   0.276279942661591018337714401237
  61  -0.707147032197072449142555368368   0.631173984554484831861013732714
  62   0.076507738972931864979964955394  -0.304281013918524340201424395099
  63   0.379789184505496578580183200035   0.065023642386949417385080469727
  64  -0.304896895088154522979234093619   0.318120374780325192660693814414
  65   0.058914190411598967521789485047  -0.201494741812472357224053325598
  66   0.747335224420513163409332363160  -0.583033091911474353848108118114
  67  -0.185460670732297008915359257910  -0.929538521813399074889101504669
  68   0.103945841812407575370036973101   0.070707398449487052382972262235
  69  -0.437896289295627618118358933405   0.559849595048625697940523574086
  70   0.934412523056000000000000000000   0.159085840802000000000000000000
  71   0.806859122216583538009705337372  -0.497409168411074611798170106081
  72   0.078603298967884593385582579770   0.754054627135654393899482128072
  73  -0.882357519397188693000033550537   0.346240858199537530424590510240
  74   0.360560674204000000000000000000   0.762929606970000000000000000000
  75   0.006133544727600275147263074008   0.106864074505683591708059882905
  76   0.673393915383073863206153467614   0.667066832220405059789170437883
  77  -0.479033041455000000000000000000   0.683995016219000000000000000000
  78   0.749779111578826010955714367474  -0.410137047604755103841084132452
  79   0.946627701214894051781228056580   0.048306513185260543025974650187
  80   0.146881933218263454812666836780  -0.715426102342732272110908673103
  81  -0.481706451307120605381629821454  -0.816331071742717092898976964243
  82   0.344602087382830783663832259342   0.270596186599053383339822608729
  83  -0.279554352243631540994779700287  -0.365226853905842148855816051423
  84  -0.642464520931000000000000000000   0.548243095892000000000000000000
  85  -0.394960197889771738675729069727  -0.226283905743593626553357361252
  86  -0.772202466553109375055463300556   0.549673425383478469883313221482
  87  -0.357677540772153215353760504658   0.626479191098481141592807022918
  88   0.851483166167415374512397772257  -0.012358740261185706941417306889
  89   0.620445430075919786873978486277   0.264912430536515748341930816222
  90  -0.154303952319348530381933783486  -0.026395117594027295596507014758
  91  -0.482927940696436225966606421459   0.287647454786666288333497986253
  92   0.227541727759698803506064850843   0.920142535725657881651016347505
  93   0.176415596052691893608356478863   0.717897951079457854574394507403
  94   0.033571647567075985537335091715   0.481852486873694984292456540239
  95  -0.081834198079064212143614277725   0.620795435035943506594915230410
  96  -0.226773706559632848620253289248  -0.673585670223998097787929259926
  97  -0.385319263742000000000000000000  -0.865970503734000000000000000000
  98   0.452325949937642689760501372120   0.712133434203833860021218380094
  99  -0.064240649517731314685438807378   0.518009162929891523617544160909
 100   0.272132333142546465425512753580  -0.376594366030917418851599636438
 101   0.575413778675111179025730998222  -0.007289709725443661265094771612
 102   0.013882539010790359673541996993  -0.473696882074431766831078913432
 103   0.049069636133456154589892937686  -0.679269426286535732785821052434
 104   0.873948687433388508982309094821   0.366948519082677141376481044527
 105   0.077247488697602984340304565323  -0.793050807306670124070751573626
 106   0.010353446639616798920059720483   0.947802896211123150916609587243
 107   0.754013269191057373486341603876   0.127861023022371725052802846224
 108   0.352351081666020868190111182328  -0.309964769981061975199316187607
 109   0.522633132991112486651204587183   0.301069106592712287667018436891
 110  -0.066336209512684043091056431754  -0.540326478124287210483362362263
 111  -0.809496138534975635003940213571  -0.027722564408793101677596610092
 112  -0.171897500880681427840109253833   0.076391154512024687380864054743
 113   0.631123546881991995568989843095  -0.315103980527078887163601840127
 114  -0.715166647616031680397462738820   0.462372417126894008788850771262
 115  -0.611926000756475554209158108534   0.447678216894837736943481047502
 116  -0.610029256962213878334478688410   0.669156722974335895645690128274
 117  -0.510366043535911936356678439167  -0.087340957581345104250898671082
 118  -0.738319074580000000000000000000  -0.114179072904000000000000000000
 119   0.896006357957411847967511354876  -0.309208878306245957838703825901
 120  -0.297147900804964438452955170634  -0.262440581799790165878444981922
 121   0.472920518304095760793014986711   0.609906165638940523635200082824
 122   0.645821452046370498092542633107  -0.418344099997264868534378150457
 123   0.324912978826545157800039164620  -0.684953182349073367783712844942
 124  -0.216929152281490035688356741887  -0.195810985749934722226161533091
 125   0.246789790298023483441058360249   0.306752862655249922664910229399
 126  -0.676271874875509542192183701255   0.365616294127352140969298904093
 127  -0.827911280095147707255032601154   0.461519702953976121921701934450
 128   0.432200173483000000000000000000  -0.734176231721000000000000000000
 129  -0.430147295012437533592080010420  -0.020711361531489660598615222250
 130   0.771184413387946930877593906876  -0.079205507325555733402896706734
 131  -0.568465908693186847307198549450  -0.758474808136131724033340248984
 132   0.565569224396968366093834450861  -0.485064394199507036826862498447
 133  -0.412553746451104636133904540074  -0.123497633637541643575986291751
 134   0.811136845872000000000000000000  -0.212156690832000000000000000000
 135  -0.029053552395065519769087866685   0.312436618717787557662802021907
 136   0.505039584429779589193029116837   0.403855378698764270644389506392
 137   0.530382127274302571177483510168  -0.279491849987403070872120359445
 138  -0.083929758074016940549231902100  -0.437540206018235227505991292762
 139   0.387538178788686663106462123021  -0.515537314193165941154058326609
 140  -0.038898106673208332700984414046  -0.165338065756275817898965704929
 141  -0.563249519935540699222030333812   0.762356545335511247864903260829
 142  -0.524378291650578061063624364463  -0.559751689152933135855730514225
 143   0.191913584619072062660914324834  -0.443223962080772862503883085270
 144   0.299570435982022175815584771288  -0.001605953662906026267202979104
 145  -0.288856108924794432563307654057  -0.757373055915458349853227224348
 146   0.791871424910477920496933702263  -0.314728516315203341151661251340
 147  -0.568596420346115300511985511203  -0.654193776058635537137961986802
 148   0.236945236019880670509161812888  -0.171021821818813452896857497436
 149  -0.277457421749629691421723771661   0.693112494453973513351404563321
 150  -0.749781078922000000000000000000   0.080180789596000000000000000000
 151  -0.003711009550542537784633473353  -0.370910609968379783853707843931
 152   0.946205296850450711714304889233  -0.055973745056614932452353833270
 153  -0.457585397851913243982152028128  -0.395699773899501053183011879585
 154   0.264383338859356380899233830595   0.203966590549197939687539159898
 155   0.369944630227353765648286652674  -0.412751042087113958176687257108
 156   0.362195635944163681122007729689   0.167809914493001400362451539228
 157  -0.422398300729247449065801087435  -0.601272318111605019137754018587
 158   0.318234350185967124462899127127   0.868670223538563826199136503801
 159   0.209507133180404960119089795180  -0.546010234186824845481254154771
 160   0.307319430265212260341863694273  -0.582166910243021384806341775440
 161   0.924550671364984678508856451166  -0.208910459293134904925498151800
 162   0.678765695114377325145171166421  -0.661600071840540720123898104999
 163  -0.608178340620719236579452338261  -0.051184281525148564925811050412
 164   0.908969244048828076331670882106   0.268723719267232718301612619209
 165  -0.179646495163871512366388176818   0.656952111092140045920002851079
 166  -0.590584792059386339121276867914  -0.153970553631200547903182119913
 167   0.742596482872535411446244391706   0.589056862746588071232418851815
 168  -0.580740237781243526189380320553   0.323804130842862827658585606922
 169   0.802810775856477456738423163916   0.503917038898500820251942907380
 170   0.184164590335881978134635401848   0.137336994499342496035255711066
 171  -0.741928714072857872842857918893   0.188444557900018690322837712233
 172  -0.385115643611628925743832522366   0.251490778730469749008410365583
 173   0.244694230303070755035440735873  -0.751582778398928811435996293773
 174   0.702506191731745922591638575370   0.329259785423138973257238809781
 175   0.256634344576166296372954907610   0.784527547129313298226677956235
 176   0.502944024434826860787411492460  -0.654480262355414463456517016780
 177  -0.475178946413246141440327498474  -0.292913501793449070205640810084
 178  -0.048742660951351145632880961408  -0.643112750230339193460733431764
 179  -0.314741449366297335911130640980  -0.159654309693738182901073912421
 180   0.061493565029660220685097891893   0.856922540932924103629881532444
 181   0.324738314562363142423859667698  -0.890495677125222299842931308303
 182  -0.784984324816859968137222604877  -0.207676898894232515056800657817
 183  -0.518115037819102020882957362152   0.493219998998770254288240125255
 184  -0.390888087853680967916572814015   0.863506819137871930615817383714
 185  -0.844621742836309347930827848989   0.170314678478790682180259935934
 186  -0.741258009087649039936595545290  -0.590740288017439428015454891430
 187   0.460007933028970981344781628782   0.131653238436804861037363918559
 188   0.163807824380000000000000000000   0.833492610876000000000000000000
 189   0.201758138897214875592810872195   0.034550722393290513057884641566
 190   0.424820835906305186428430688089   0.337225782648908826992106057561
 191   0.690819624321251376706680367662  -0.146232657887692183567553461782
 192  -0.367522095050296028285657052019   0.148704506624417766031039296082
 193   0.111694836095597659896315896087  -0.509853558130628306156166534101
 194  -0.680710679480357189685170265069  -0.206428871379883902154611680355
 195   0.485350475873493963329236022114  -0.551693990249362480479145947279
 196   0.800318488816553222814412474463   0.293103109366942433932151189111
 197  -0.269709797965488728062883152926   0.112547830568221226705951675413
 198   0.317163984543355073273760241635  -0.104392225768958009244574048605
 199  -0.947645610120972615716889069929   0.020132598986768690164095775644
 200   0.397382733066829476038358670382  -0.037762629719102565592290599774
 201  -0.808976164600915780972583655481   0.268314389890119722150822418192
 202   0.442414384467638083886606158436   0.234439510542856844014734988060
 203  -0.375271089162983542093359313838   0.729265463233717423030899552895
 204   0.120702038044298631776231044347  -0.918200662569360664844738484216
 205  -0.915052431087766283873446178043   0.247217661755549359230644675116
 206  -0.461972906389898113882045920814   0.787208069094949090688412882754
 207   0.020660969747577230184827483302  -0.947634237589905873815717490430
 208   0.227100681741737857577265265527  -0.648796506292876828458625224272
 209  -0.349928546488963130827481581673   0.045918234518365783053668226581
 210   0.540226681552445384109380057529   0.198282834486660304689647367390
 211  -0.500521489257769123424781891806   0.390433726892718271310869055754
 212  -0.244367255120965746078428759594  -0.570799398117946114810558190425
 213  -0.056491655234541230159159884393  -0.062551793650223834921594635428
 214   0.407227287344972288970255217743   0.440012054754960809969477127062
 215  -0.001615449555589809379015848978   0.687425031085798950247198679241
 216  -0.854228558518848373442736715670   0.066477017792115632973955767465
 217   0.477601481590303878802957099129   0.028866966330752878059992849058
 218  -0.129242410647000000000000000000  -0.710495043399000000000000000000
 219  -0.901791499698230715176602185559  -0.291906860137833054099339971762
 220   0.643346361651223373575304309725   0.557057423345339106692931681115
 221  -0.021304558111875435242808943700  -0.268124337862327800876336774430
 222  -0.402709192172961823202007992712   0.354277050836521731985781435084
 223   0.121539390373740472828212443448  -0.032078873656564930594398807266
 224   0.655632527198585581790329426969   0.059339886324411782387188677219
 225   0.148977493213216183218284461155   0.342909538711446461989997850069
 226   0.334757533104687970731935711981  -0.207178497875009992221945118106
 227  -0.377366649328438841217553599381  -0.329070177849645609530728430753
 228  -0.563146689219910628731204850206   0.221017858736810844681214537421
 229   0.557820230113778281567555527876   0.095496562380608321712276297889
 230   0.129288384656930557354491366433  -0.612639830236680289133537603602
 231   0.096196847529217490843758050116   0.651268355029602410922111058572
 232   0.194009144614024791066531949209   0.615111678973405871597023437902
 233  -0.649853729405099356997714906292  -0.403731424774155521838296195344
 234  -0.928400159492735147367170287102  -0.191077648555178783289637340112
 235  -0.099427746640397109601789748071   0.723581707141995489572286299911
 236  -0.705990637705526536802226237354  -0.015027605468952025600723429743
 237   0.229196241736690585982882889903   0.409539134761301905642281298900
 238   0.835339045431992790163774261748   0.194878309551498010857282763793
 239  -0.189491049442014325298284724179   0.179177426618076670358235124244
 240  -0.420302740734294720660183463059   0.457063322942573714963152504585
 241  -0.207084598003347222756460194525   0.281963698724128653335606193745
 242   0.224951265869719335059464007745  -0.920779263399824464760822588288
 243   0.414976281628162373496534140728  -0.140548901825154548569661669275
 244   0.015978099005743088079159621369   0.584638758979746967269827609740
 245   0.041320641850266070063614014701  -0.098708469706420374246682256097
 246  -0.694994909678010480379601008088  -0.309727039089189320627382205943
 247  -0.393059003416879942651584499140  -0.761411306020470925542995138409
 248   0.342506527387878055258214634967  -0.787739454455125350761083914442
 249   0.596040690704398882612113272078   0.737002726554071564774132322103
 250  -0.342179552205773046301202658688  -0.534642722061749575485470569755
 251   0.450163378750828168412885081421  -0.346121446037258514524403808277
 252  -0.093826218774837202421993381077   0.943204200899216130603662903765
 253  -0.259865243687345915130986605565   0.590322515042284602267719402248
 254  -0.492772494974579038898502968821  -0.190127229687397087228269740583
 255  -0.322490443649487420437409563966   0.420906646886377175638064883916
 256   0.291821441698832091289305848303   0.578955002917209332271935817232
 257  -0.189384602506294940740771011800   0.901453201113931804242962740874
 258   0.495195030151636776261132569475  -0.073919305775299104917378220443
 259   0.593007327236444076483906468569  -0.110075981831495644242465841113
 260   0.131383944651883285760108990809   0.445695810817498444967368919569
 261  -0.944122115440691478491805551419  -0.084088971091969661860489037815
 262  -0.019037794583970920728159508583   0.790671119791794172755334305325
 263   0.289725881703879362883688223927  -0.479380638136969401828970705940
 264  -0.757927701388102691346875227037  -0.406711603546750137050045552357
 265  -0.011460003833732622310912396339   0.209650346611735574685430952406
 266  -0.287303346526821625521058623273   0.215334102674273209683322744913
 267  -0.527959592097244833814853909514   0.015445314524706878726472398419
 268  -0.340083992210820317895585034312   0.523692918992429158615435953417
 269   0.720099740293078820049814045716   0.226473513317086990279867740280
 270  -0.074085203795874127617335354739   0.040234478455828148055776434073
 271  -0.109779910598593951184224208744  -0.814395359884625000444638017838
 272   0.511473080463612153434458784364   0.798018052355067844823015007296
 273  -0.848039582840062590398931471725  -0.124619177278077643868479062148
 274   0.856616920327247788119165643127  -0.405764680242839878641179927614
 275   0.851905570531858714579320939603   0.091921517980689768536911176568
 276   0.605749366854492090143162855813   0.368152812220385645795880079034
 277   0.139132938935073370286387913794  -0.134865145762616913571769876767
 278  -0.031149112390018248174705491061  -0.745899022336391176438104501265
 279  -0.261960803682298643536604229941  -0.468013126011894131833187120924
 280   0.023727093288933172605438544354   0.004077802399631608730688813404
 281   0.547975675835635468635658980515  -0.382278122093455053849491428946
 282  -0.625771889182052134037627808607   0.051601990580903418051560019089
 283   0.519978054297449246121131813695  -0.792502584836511053584923160230
 284  -0.295019727108000000000000000000   0.796853605767000000000000000000
 285   0.175059785782410284563078464416  -0.829207483362866663395839194295
 286   0.574124818377256082050385524007   0.635050555294310180419205781603
 287  -0.333732561042000000000000000000  -0.659478416083000000000000000000
 288  -0.224678146564680120214635664872   0.384749970830180636312977263246
 289   0.512788578712969673719308039822  -0.176705577881351087894749289944
 290  -0.861937643072000000000000000000  -0.394335818294000000000000000000
 291  -0.780509292393675960156125474890   0.368634815881918699689443442238
 292  -0.447740843573770431050255480767   0.082074910574562322378755847251
 293   0.211602693175357688524707419556   0.512325406867353888619652368401
 294  -0.667660683864000000000000000000   0.261671476697000000000000000000
 295  -0.439991849290580346523976557781  -0.498486046005553036160382949086
 296   0.166571041774549080676459931502   0.240123266605394479012626780567
 297   0.487446035868446691734853646490   0.506641650804816253621760575893
 298   0.753590864826614033419418436530   0.023580764780496249574474362767
 299  -0.293665456290429850499695521403   0.901220352469497945194170240648
 300  -0.564357498498060921901772844938  -0.463438586699084633810689526086
 301   0.274227893137499193831130377956   0.681741275023261315249306886734
 302  -0.471839972417131775324371538531  -0.693087740482505193802560863814
 303   0.865999243858692166060718780373  -0.122618622938733966778673318009
 304   0.588589905786204758521237878789  -0.713972561789753345462605453177
 305  -0.117018674810398682568888082537   0.826368427736424339777426356929
 306   0.663415000607703395550718103453  -0.521130372103316851511749219958
 307   0.389633738783639391512079747397   0.542798326861012792946848196563
 308  -0.535708586380434918341132832499   0.596006271104822237265611194756
 309  -0.671878616147709060651541216913  -0.668593036971633366433087378600
 310   0.372040190222306494053904277049   0.645584598967064775924219266063
