   1   0.569664516253748769146444404653   0.757168445190966868592040642189
   2  -0.371449406092019485779315312434  -0.751126312794551517999885903549
   3  -0.272288476259826215411706892809  -0.907568565546221334085048485872
   4  -0.366983541958540041361262643099   0.005594305985698976407542243599
   5  -0.541402171329021101599569561597   0.341324232794542847486486922221
   6  -0.740934703073999491320520637950   0.405698322380271585829371954264
   7  -0.119470008162200035071821970724   0.874502485723017737741889478834
   8  -0.845500396707898599498531664341   0.052388406887355148693332426217
   9   0.624736470455132967580640817407  -0.582963080683883896475710767285
  10  -0.416170396938468451200468457461   0.209610568717860939310129465788
  11   0.614806499557380208514116419275  -0.189452889754229309391802598685
  12   0.082555473430994331778969857982  -0.695637713615394188722617908049
  13   0.641514723011797876830999796955   0.087023241939642889698538856018
  14   0.109350128113706355315538866267  -0.419252218954947674846593971036
  15  -0.821185478831786931827263232353  -0.049686469106601889666165226193
  16  -0.786620514399299469779378362579  -0.344670708317713129425409111404
  17  -0.373863842920074890544751889844   0.759111119131893090336808159608
  18  -0.521274607972536341098019323752  -0.517404517351788628372234836022
  19   0.842676297387289326954432259136   0.027224914767033830809373532137
  20  -0.217158340078023186042558631781  -0.228127489457063913220108823928
  21   0.388936378266239112635517118183  -0.028033692966946474490381296914
  22  -0.087547132782285446445090488914   0.396970102279930358225279384475
  23  -0.553793866793021339520863350347   0.651723313789254167902693459594
  24   0.187659684465062221676520724272   0.031377372454255378959746393762
  25  -0.170921500082860070712114353317   0.700191755701456701564366101982
  26   0.563355007636720172873824036682  -0.363763619775790345569325975536
  27   0.592327868031869466991793982594   0.291039504671804852601126078207
  28  -0.015881646276846295083562237870  -0.287538554878265766670236514603
  29   0.189774480429515685073801194772   0.409861635514208559501381459557
  30  -0.716498626627560537115193790862   0.303652383174404344305247114906
  31   0.567734440541905262072191075413   0.393047636037885834052419689302
  32   0.372517614499688807861305441542   0.745684241551376851881066700227
  33  -0.396042833581983690698918219615  -0.649118181428470536548592292454
  34   0.181900462343622361188230292688   0.800177777515465982292050469707
  35   0.726591544623749768445926707066  -0.608182902384469571387226288080
  36   0.570986824875889490419600063333  -0.756171780278578037543437815102
  37  -0.170172712290842594820318918523  -0.810537378215753371450013594225
  38   0.491689521131281021512295785639   0.320745037382405779326189923545
  39  -0.568260235759716932320259037010   0.065005371406900829857669934275
  40  -0.094876580672235830152219063543   0.772494354356936756290595867739
  41  -0.264230399093498132484483975644   0.354373036335051230224113464056
  42   0.717559642422422117390895086732   0.159325840595122944424768621775
  43   0.514168152656791763034618222320  -0.159747357043628382666738753347
  44   0.587017222234432490676671912014  -0.468761523420632052189347146800
  45   0.061742486702106320853730996279   0.945520798717491998584774766317
  46  -0.668898582660305377799757233966   0.094710904117501756582733779613
  47  -0.619711727680376967960551419603  -0.109305358614660206319853442576
  48   0.084756700623742150395935959086  -0.317244087588866693395300359941
  49  -0.563860241866377637325443919075   0.450351213042952155895580922940
  50   0.547433089309626984332833232210  -0.653918579441741921054584864473
  51   0.162380833602694766333229193235   0.915815266006891071859710920980
  52  -0.693492010150269582719360141147   0.196719035483582738034027390708
  53   0.181811842903842024099516361192  -0.729676935985673306609716346017
  54   0.411265168815471691754033457133  -0.508368817086750455021785507049
  55   0.901881039776973067301043354118  -0.290572375772938399382067081982
  56   0.214367907919479889993404101953   0.307853504148127578050087848463
  57   0.160801620034366390955831248860  -0.244941488933386638669070594184
  58   0.337484886345579076995224735590  -0.202344422988507510667904673765
  59  -0.094127792880218354260423628748  -0.738234779560273316723783828468
  60  -0.920650787144000000000000000000  -0.223901424913000000000000000000
  61   0.257856762314466264659411650966  -0.657374337330193251883486580260
  62   0.473155961400277253340803638497   0.715978708840775925156002854889
  63  -0.040475073766810500003165145051  -0.185530423512184785218942903509
  64  -0.167971485098094776203352817418  -0.432143752189225876122696046117
  65  -0.881387431464336998326421408373   0.175517360580065082442999449820
  66  -0.639755320300723715481533111118   0.377891344081241919707826690429
  67  -0.784434795020943961888788755052  -0.531492020478175593652230253378
  68  -0.319997914171359450139022929841  -0.576815582772990481822362526698
  69  -0.695756647091001208520446709378  -0.181607957270140261046083208333
  70  -0.163592052192909687004985778688   0.324667503624450303499049618718
  71   0.310626821914883246274535260178  -0.478663284376149528296721661711
  72  -0.194766139780806799739921825704  -0.708529246849672389998719983130
  73   0.238961335409444094913007009133   0.205845372782046596598794237368
  74  -0.418435033879200077001555025692  -0.168716424035862059769981133252
  75  -0.112140560272249651364693396095   0.498978233646011339676572995570
  76  -0.416641262597561873553912911716   0.506642198710032511087675252527
  77   0.222853430389000000000000000000   0.702303509998000000000000000000
  78  -0.369248178899271667162349211330  -0.372732686768024022672568355441
  79  -0.905980858954301203246024315554   0.277525491946146063894293060915
  80   0.006510554020370091219074568207  -0.767940312270874243448847673806
  81   0.762677547531000000000000000000  -0.316747970143000000000000000000
  82   0.543141013051941057152588168232   0.495055767403966815503713300396
  83   0.848521249641161433482143977961   0.421702981230777632727039583197
  84   0.312891458855614872075621828409  -0.100336291622426529216611062671
  85  -0.592853663249681137239861944191   0.167013502772981811308963545370
  86   0.487310088226095932313928746908  -0.436066218431270400295555741292
  87  -0.465507092894675023443480369555   0.413784101756253083674241154732
  88  -0.627310822047467039577578318699   0.576851738203992237441294126541
  89  -0.013617009336114669282475669639   0.090788437875457232409874084437
  90  -0.089661928746738909842370959413   0.018485839219977177683644318681
  91   0.039949278548998829755097183453   0.643583430956971449129032527084
  92  -0.043183374148565565777403554463   0.946550004843203618530827110357
  93  -0.067019989677762855274853975088  -0.945161381169965256865413002988
  94   0.827623361168000000000000000000   0.131526766586000000000000000000
  95   0.643906781795971790561669434949   0.465380871000204788030561906016
  96  -0.783073359174512639887046121894  -0.239799772256690821479932482313
  97   0.770941167506086392491626114636  -0.049355544107477410117434736937
  98  -0.792543546038184777675089080637   0.231349784518924289579017349149
  99  -0.188185479682873891924588685869   0.426675634990531284950343229813
 100  -0.597319527383160581657914613526  -0.589707116007268683098464601779
 101   0.565619644577451798674910604913   0.014563372977932653510784623505
 102  -0.494479953289824317561450315467  -0.241019022691342114496210899009
 103   0.386671741325507486834430549952  -0.406360685720669473570491895954
 104  -0.243952994760735209579127640066  -0.504512984117510427096132760941
 105   0.630505857976598382280084523320   0.671676769117402838364208456496
 106  -0.391576969448504246280865550280   0.107602437351779957858835854694
 107   0.359682834034601493869157551957  -0.682711003617407087602021900311
 108  -0.595118300190412763040948512422  -0.211313489980741187771147053671
 109  -0.720402922518241467361666336856  -0.079612552696625088399642659204
 110   0.663062141645056731236567201788  -0.396458924765151997463117381044
 111  -0.212778907172838096844191593051   0.528683766356612266401636840907
 112   0.140587625449587275234595380409   0.613877898246370522403968681746
 113   0.820204692142186035028043969354  -0.224697723762129413472431831564
 114   0.138322988508855649433508812178   0.235550905492647523323858082705
 115  -0.420636261071947895618521126796  -0.547110050062389555097298681360
 116  -0.842593254781876150922616186443  -0.433426259550120171796800605393
 117   0.744507957285131810831144179001   0.435549661474174288920997911213
 118   0.440238029210620985872003403044   0.146434307360844743148666546693
 119  -0.516808743839056896679966654417   0.239316101428461866035193311126
 120  -0.440571547228677256992782032406   0.608807931800817723191034816699
 121   0.377714168288000000000000000000   0.868219718420000000000000000000
 122   0.335220249404847451194138167359  -0.580671415742230509748015272806
 123  -0.467621888859128486840760840054   0.035299838696299903132606088937
 124   0.113729561018891444513905904998   0.337559036858728504775151693800
 125  -0.167653075688723930596788690996  -0.915438031082630351263015295414
 126  -0.042676300959558318620131246155  -0.563924049538712280546260451617
 127   0.864221995569448456686422884622  -0.388512622504705767766476646184
 128   0.719670166535593825183732011035   0.616357499240622888080180025343
 129  -0.572592625355608872732078997558   0.754956555610914033443155256082
 130   0.764811913708066460291369334326  -0.422100286383235512910246174473
 131   0.947331364281660327900820460739   0.019621460694147446450468825365
 132   0.165181052939551480154198287590   0.511869766880289540952675070652
 133   0.793604561833046357950790376506   0.231628439250602999150998387532
 134   0.087021337564473776197022527317   0.061082905164856305684810239099
 135  -0.271752927218000000000000000000   0.730100214607000000000000000000
 136   0.666257991478040244154408801869  -0.015142159732668273214279221833
 137   0.533280931631000000000000000000   0.627614384757000000000000000000
 138  -0.116519993177434740563060434825  -0.257833022167664839945172669265
 139  -0.091926565687470535643457527644  -0.359841153533745821396466280360
 140  -0.118721220370182559180026535929  -0.636226648194192335272490217374
 141  -0.472087752992607931258813509389  -0.721420780083950591274822058211
 142  -0.114255356236703114761973866594   0.120493970586058159134937929775
 143  -0.889783582789000000000000000000  -0.324233408209000000000000000000
 144  -0.628638400302000000000000000000  -0.489108631673000000000000000000
 145   0.286668589302993635158758456334   0.806020303846499815726834033112
 146  -0.440763824428432656120071364642   0.311618700083941920761423076883
 147  -0.018589946658601360857800647282   0.844541873477122637079533499263
 148  -0.841573049974587936800018834905   0.435403855090872512554435799603
 149   0.341864319250764166193591774320   0.554466832825168668953840991071
 150   0.010976418153849535637127237542  -0.011219693490623749041419526657
 151   0.074029971458403581931431633033  -0.848262313051061116113619666078
 152   0.277304013536000000000000000000  -0.796973767842000000000000000000
 153   0.471847056266000000000000000000   0.821694373887000000000000000000
 154   0.245060164005655168841029808505  -0.915296253400528885445278873425
 155  -0.545868035462500546017622230933  -0.415396385985707646920941224927
 156   0.619186062598517762680183478813   0.567358229187521983776319853675
 157   0.943692100476759303258575650218  -0.085246319388498047340330874746
 158   0.538761580146755967954221129501  -0.261755488409709364118032364441
 159   0.687528617913384701844094295159  -0.498893813064349278099046175406
 160  -0.364868745994086577963982172599   0.384078569045652156949177309394
 161   0.462716660736131727394325839727  -0.334058087065189418844262130198
 162  -0.526327763380219475548489106149   0.548340031788714349885572982661
 163  -0.519073380779788522481053222648  -0.139010891325261133044917287914
 164  -0.617447090739645342159464851372   0.269021634139062792760257156464
 165   0.467096093641316816592692878457   0.422753168748486760777483534639
 166   0.344762816585318639971462174353  -0.882587285072520027299518752410
 167  -0.293203259488647426602453921555  -0.300430088112543967946338589684
 168   0.033305208703082114755643576492  -0.491554817610427729572823736793
 169  -0.543666808269752727400656129829  -0.037002759959180151593623676820
 170  -0.817136973528148982594691987818   0.333357915885005271030310960244
 171   0.261439966934954836435329445816  -0.274647021643987565394134439522
 172   0.464981297676863353195412407958   0.044268905688533580235848468843
 173  -0.727949168948055485057076515655   0.606557270914593164166357971879
 174  -0.654427918813000000000000000000   0.681448452746000000000000000000
 175  -0.239487130627255765161074970731   0.252207634662740067311295386207
 176   0.263704603875686462236416014047   0.103679971109735433685976159518
 177   0.364342950776274907715914211002   0.073974438399134506960912314180
 178  -0.141113420667398945482663342007  -0.155824890801583858493879058171
 179  -0.315532050037880005720970260506   0.179905036007260012585065620451
 180   0.489574725166827558115015315139  -0.057739225677547401215445142252
 181   0.889946461695057890849651806302   0.325295267085106316204846418028
 182  -0.651232989093851314472365071415  -0.688271246956758705335589772123
 183  -0.485605239282617060212025684207   0.813639519107077310160472956454
 184   0.212253111955026426596123631453  -0.070630758911825602491547217333
 185   0.057962045941030126859366950800  -0.593629582249313207271324296955
 186  -0.067333138197506330723854620463  -0.461849284899826802847759891455
 187  -0.295404486681395245219420022659  -0.678823714139071463273656137793
 188   0.438123233246167522474722932546  -0.232049955699108437392968519103
 189  -0.841490947880163105712780590034  -0.152633948275492658630331624404
 190   0.692966214932457912471292179550   0.261333971961203925876062232870
 191   0.209988475014294800795037063222  -0.448957751665548601571657816374
 192   0.086335914192070525773333903461   0.843512667351411017133481155223
 193  -0.469886525799860112641847408285  -0.343027154057423095947504510103
 194   0.267097275684307124156045821063   0.909109872784112400534428875600
 195   0.383236569600863999955924383080  -0.784964204454243204090874850939
 196  -0.018082873469594113700528338974  -0.665932180904793261997554062712
 197  -0.443028461369164281921157932873  -0.066708292669781078318687522157
 198  -0.065068501256774704922768052232  -0.083522292146103803767649292414
 199  -0.363536524646823236842567805076  -0.855758439064345111134546344965
 200   0.413529805756203317555120025364  -0.130041824333027455941674908009
 201  -0.288331013200825283578416113620   0.851145466941509411760826396537
 202   0.690851418968004449074011709050  -0.117150291098749254665572832928
 203   0.789383692082001502709380184818  -0.524113634764934953010561696201
 204   0.391051174230692576032797588683   0.350450570093006706051253768882
 205  -0.192564912588058981122955724600  -0.330135620823144894671402435022
 206  -0.393841606389235872081952118511  -0.270724555401943041221274744346
 207  -0.392662601482662423755967537054   0.862344360953552955877269956096
 208  -0.062953705292321241525487581733   0.294961970913849376773985773381
 209  -0.190300275647327355321869156369   0.048191371930578104408708164018
 210  -0.268609831998683221682851014374  -0.402438219478624949397632200779
 211  -0.136733987762213856284296303277   0.600986365012092321127866606664
 212   0.111614765054437981116625434498  -0.040925226201224675766483371995
 213  -0.496681180482572136178416416571  -0.619412648717869609823528447116
 214  -0.060689068351589615724401013502   0.673288963667572375854096372421
 215  -0.317796686978611631522056828737  -0.198421956746462986495044978590
 216  -0.737742322496432070319757197611  -0.437522299024659175797945548043
 217  -0.165706848157363150402266249188  -0.053816759435502877042585447076
 218  -0.571136864936497419739017746628  -0.756058461352052390821494533757
 219   0.616921295521833671911396889776   0.189031373305723871149832467113
 220   0.017973314822745830306089885912   0.746187293256624545546469756201
 221   0.668372787442493707551689272369   0.363342103327284907327355843964
 222   0.415644601720656780952400495865   0.248442438726925724599960157788
 223  -0.340125477527844210640573167687   0.281913167373340994036359231545
 224   0.064542706038963034674700090635   0.541575299590890467677738915989
 225   0.590213072067416003594513512095  -0.087444758388148327940508987590
 226  -0.766901808978507759341179339351   0.509124281762244108997817217332
 227   0.742153069912386322310497993909   0.057317709229041962973475010680
 228  -0.744943502070929618359652523740   0.022408305462021701856504013856
 229  -0.212286093790201043018520823846   0.923448065596989466487056162294
 230   0.163066256975098016756917817091   0.133385503820336360411040004856
 231  -0.195514927572824275631717260499   0.802199887067537683015659713077
 232  -0.466806480720029527000810036996   0.710406277285417444620011159966
 233   0.035569845643813740556730144724  -0.113227824856704730492713137752
 234  -0.644305155170341172880154326784  -0.007297227248579224868559831482
 235   0.234581902504259005714639970404  -0.550965883031629583022951427468
 236   0.037898490483471567753310177047  -0.946776330444840604177959350235
 237   0.008711781213117909836040669311  -0.389546686244346748121530125698
 238   0.178059842444311584503531578679  -0.834540743054916434398219910203
 239  -0.492215316349092691760363747235   0.137307970062380884583899700032
 240   0.483874916501452445435422580036  -0.814669737164844130815938696277
 241   0.060163273133777945476333051905  -0.215235956222785711944006748846
 242  -0.570524872700448558121345605241  -0.313321621346822169222440664765
 243  -0.038210436826078874202078576820   0.192796569241538213861167695532
 244   0.286033394424919041354932352997  -0.376655153010068546845428050617
 245   0.317270891760799961273988867139   0.656474964191249650405134602166
 246   0.290412827330104130553299391727   0.380156102803607632776317614220
 247  -0.344591341661323655058625837022  -0.474807451406909500371068915603
 248  -0.940258303796981505792746063677  -0.117200843053055845102742337030
 249  -0.702033106723613688081739971718  -0.596457067282233116880577156603
 250  -0.246966419493484311272009643091   0.627889157045976646838136336225
 251  -0.943182366351870362664899031959   0.090712398680720575516413616927
 252   0.845759898500039285203933835389  -0.122926279002259278121985787791
 253   0.897961778675427450617244116224   0.220670938010994873117752415950
 254   0.158600392841618572338865147756  -0.623335114959914133996388142292
 255  -0.464174871547411682322066002031  -0.826052906353744184409482499627
 256  -0.219359567270771004659524732885  -0.606521115483591408547426372036
 257  -0.347628909428722620536723885254   0.657512773647293368907831816342
 258  -0.138848783726667319681576773775   0.222502101952139140586231540870
 259  -0.214893703137291560241472063550   0.150199503296659085860001775113
 260   0.928479806653920890002696255510  -0.189068675637773154352268066101
 261   0.089136133528927239594302997816   0.439567168224809486226445304895
 262   0.939352967718072089372551187000   0.124248611705621924992208480639
 263   0.435858596305435896673636364315  -0.610376948452831436473079118143
 264   0.366457746740728371113194681502   0.452458701459087687502547379977
 265  -0.666263462077919313861681142396   0.479418749051643182272753371994
 266  -0.773008886510916406526317250582   0.128253263638452941493379091598
 267  -0.342390114468575836441659735918  -0.096413825380382005043751367495
 268   0.136208192544402186036228341679  -0.142933357567305657217776983090
 269   0.118611661723334275785588082867   0.716481760546023618821405910864
 270   0.784641193872000000000000000000   0.338396552503000000000000000000
 271   0.133943555603670560235141773448  -0.521260350321028656297887582130
 272  -0.290938622547915800801367353324   0.077896904641179031133772009356
 273  -0.323698624797607237097854764563   0.555347040556508156804472252169
 274  -0.069539450369000000000000000000  -0.840260444473000000000000000000
 275   0.516282948621245226431898692820   0.218736906016324797874896312450
 276  -0.274544720951000000000000000000  -0.792570706502000000000000000000
 277   0.417909238661388406753487064094   0.626769431480648723680070756828
 278  -0.927530931997365287833412853765  -0.013044664419342062692633129558
 279  -0.241751767567987390962161538962  -0.126119358090982931768815212833
 280   0.715414768197629321829219981497  -0.219260134204450273140020918463
 281   0.236846539444990631515726538635  -0.172638890277906583942840828428
 282   0.362078313835543281914827642771  -0.304352554354588492119198284860
 283   0.142352200019013408222239166670  -0.936780426045116825230351018868
 284   0.339599682310032540392505206088   0.176139840071445669873730392030
 285  -0.684598406170000000000000000000  -0.286516555331000000000000000000
 286   0.442502666151352611673089971276   0.524761300114567742228777145734
 287   0.265819399840139925633696484546   0.482164234169688614227611225314
 288  -0.143314647860146764099629443111  -0.534218516828111353821196606279
 289  -0.011502213371661205885195199140   0.469272700935410412951509150232
 290  -0.288823826583462337404086882825   0.456381167701132211675407075150
 291   0.013091214118302999034407708042   0.367264569569329431500215539138
 292   0.185395047524330595875434156041  -0.346949620299467620120364205279
 293   0.641523539346155748150644094999  -0.293762361280712368926305277457
 294   0.037684641608267203954010615223   0.265256438203248450048921928043
 295   0.241225972350175720714093577364   0.584172365535769595678904836409
 296   0.540876376111209431351501599999   0.116728774650243816423602701355
 297   0.650479176319000000000000000000  -0.685287145229000000000000000000
 298   0.783408628500370791316928850707   0.533003411117313413405626219721
 299   0.062427910074509571277419620136   0.163091036530937287136103850194
 300   0.522970504679872941657813847612  -0.551878991566565343200578236968
 301  -0.036095640861625410804798106321   0.571280832301491394402802761327
 302  -0.266345195057951595881764446143  -0.024111226724901950317521601738
 303  -0.445229688561912100538124033978  -0.445101918696308573646005070265
 304  -0.646506382363088991497120427889  -0.385690853275106720195877379589
 305   0.460321180935189939348655748912  -0.712416536328008014327085745649
 306   0.315006254820068335472902298909   0.278147971437526651325024003125
 307   0.288298031365650667156018921228   0.001671839743654452234682548424
