   1  -0.468487127803171012202500350914   0.448196394736455024668752981139
   2  -0.430611337704415831627325211803   0.844173508337599781338853546608
   3   0.638094477849499242784892674849   0.700635763914869694944347413310
   4   0.201106389008926668483142533440   0.723191929803933401778104692381
   5   0.905758904656904293758079360666  -0.162600528264616162534669749650
   6  -0.947359235964526486363321921604  -0.023780546068303997438367951661
   7   0.020103652658533053819874171145  -0.819268716343069140758056836896
   8  -0.235048658587684841180707350564   0.918045295415606425577760281885
   9   0.657723377364235244373354570849  -0.543917196040839635390295757636
  10   0.372836283987002470361372351348  -0.766492772103851225811414585089
  11  -0.765702957945079465600061602627   0.215278325561138250451022319358
  12  -0.597148330183324313344813186160   0.283024279545778652578219647694
  13  -0.114280218274807010997692963535  -0.424848278284553198428294653993
  14   0.946855968205405932326007387719   0.038971936215710573093018205902
  15   0.425807039506843482807258177086   0.419118719488604241219957398231
  16  -0.518435683621465646410411544520   0.089014352207776825223320173220
  17  -0.107420996178425754955563781677   0.764536258128237692507004274005
  18   0.465163362787772816274458997907   0.322113755819603327542507660994
  19   0.218021822606965322273219792199   0.444683554974149317619398821930
  20   0.583235242273880181724167028267   0.031120254567039345609681496030
  21   0.000055741127500190513222180036   0.017334360923163833862024085314
  22  -0.607740562720689614085523558946  -0.173162726651900460544662897463
  23   0.282393418203215300493223331526   0.527567541197289223840051439037
  24   0.304976415713304581762578764817   0.708966839383273542813209877880
  25  -0.361010390497748312541608261240  -0.299005502468226829486478775728
  26  -0.904641117116536083507362641607   0.282275548995558148103164104372
  27   0.243037094922285967026022510706   0.624572504866290137517501176274
  28  -0.068064672896905312737896326328   0.667531294459476600238664437430
  29   0.622591565554809515191367849086  -0.065884709101961568067768241207
  30  -0.039300582153429142953978640784   0.114339324592164747539473822550
  31  -0.811308152448000000000000000000   0.027501260622000000000000000000
  32  -0.504053638249683630047166320503  -0.187581632725563188176845967977
  33   0.300524282003240704830156285069  -0.482109363494871636258549338899
  34  -0.236082198558075810289982744884   0.599364142937169315926722508735
  35   0.618475526081885027948105594862  -0.446868294303953772106159309787
  36   0.455110563721215150618758282592  -0.831221637788595988828548293119
  37  -0.321654067216818979074407440421  -0.396010466137227743163928512965
  38   0.639364891325649567389213236615  -0.344288970956946800718376417287
  39   0.533169969754000000000000000000  -0.331268115845000000000000000000
  40  -0.632846343036000000000000000000  -0.352807003343000000000000000000
  41  -0.196725875277146476822781924064   0.502359179268168402249272771498
  42   0.910891265938488976716163510650   0.261404165949158229741966008900
  43   0.064386342317664704026951360150   0.099920418519133845806149084523
  44  -0.429130804522241678735299530094   0.351191431067454110991303243903
  45  -0.043090394988349104384407364055   0.847122315723575878552270940728
  46   0.791560025330615992778315954784   0.007358821039809086322115128193
  47   0.261167958722311371362955464250  -0.385104399825870722581099601662
  48   0.025030019036735370559750539330   0.196925382188134759483598821760
  49  -0.182343829905364460459536700047   0.225763194334828388849106630301
  50  -0.521094753114115638127285532190   0.791527191330491800191929385081
  51   0.369244851661724012905694346466   0.791601283166487310103671517206
  52  -0.937727991134382282897638334646  -0.136825622533478596282390069561
  53  -0.532817728993247662773656768537   0.365610337141116838623486314417
  54  -0.454105082431388995839255126897   0.171600409803115011268586839943
  55   0.429185484383394005972469120315  -0.316937248304195264168016005452
  56  -0.336298736176051094122443725991  -0.853744620420346396276775741380
  57  -0.675860976745182980279214827800   0.477034206883780479933119122167
  58   0.010647973664953354196505315313   0.473521367121474772883764962957
  59   0.153691221416888671702063374576   0.362097497378811131574132155206
  60  -0.325443880051235694696942291651   0.336772524993791383359120173389
  61  -0.425340991687824963112764678863  -0.381591560063565015531745442451
  62   0.697579497766666728239647465185   0.474546125741680530036581324061
  63  -0.450315269596972280216720275666  -0.561182581327904115254461846410
  64   0.282673788557000000000000000000  -0.670361183017000000000000000000
  65  -0.103631183343505793525135058407   0.031753266996826561494207155827
  66   0.404211206474246688868513523512  -0.496528269568534363890732409412
  67   0.074978574855030004767661732935   0.556107424716812958929031629680
  68   0.797897215848152750152665438460   0.291139043467480078913347249171
  69   0.503092438090072286355581630047  -0.679597828114038241864849246317
  70  -0.139254496183954328101648560338  -0.604439299548892298151011057952
  71   0.529678203299959147716210324354   0.406093187219981019428154015158
  72  -0.572174052274176996240857589357   0.462615300810117752300936051653
  73  -0.003734071706828662166739908705   0.750117352054814786283931104153
  74  -0.268076120346000000000000000000  -0.770793194571000000000000000000
  75  -0.493461405712318329306455947717   0.268605373472115924946036577180
  76   0.171863079622999540745270687333  -0.647281478686179834247941004831
  77   0.089360620226812021130906956953   0.279511439783472945528865488483
  78  -0.854878846697073682401139395138  -0.072834197915619174555325879222
  79   0.414803439011611989609223896298  -0.040341263370855250767849864255
  80  -0.514645870787048930787876693289  -0.643768638923242301299728513133
  81  -0.338663324765002937788773933406   0.620244653101810790481914799542
  82   0.909199583328358439831147526344  -0.267228654927082063685767163871
  83   0.118124710970288190914824642496  -0.273680530083838907170325126397
  84   0.556922349689657735759174306880   0.766741503216533002926114132911
  85  -0.554002194067978264255077514109  -0.546763675254241387622278775896
  86   0.061540502143634261553383187883   0.850477688128171605014165637266
  87   0.143098988879523370961353001790  -0.094089508818867981548750389951
  88   0.360651524064494689841749566593  -0.876347827365684356091492153330
  89  -0.557792006902394979877612365340   0.186019315876777738900769910457
  90   0.518534267532110666344533824346  -0.054440851062277499125123937637
  91  -0.804425962408588744573310712173   0.312537834525230023295726482517
  92   0.399397886716640227645746779254  -0.665233874129154170053085818143
  93   0.078768387689358857447623821676  -0.176675566414837993492875389160
  94  -0.221700153186293793926737520866   0.322768158003829302526556367538
  95  -0.350418157960383011800897888454   0.157181503729452283636403769429
  96  -0.014326304244193962907450281490   0.293930345857135673161048558997
  97  -0.282297743935889645607206619601  -0.493015429806228656841378250202
  98  -0.064274860062576460057934237587  -0.065251696672174352183242581410
  99  -0.489671592877901613683921096486  -0.464177617658903201577012109174
 100   0.193047544697818005169264195396   0.265092533709810217896682417970
 101  -0.410958946316042946749519454846  -0.658187544996905028931911583647
 102   0.339880605284170038297357105890  -0.579114327163872549935999076135
 103   0.261791486970786581028274636878  -0.910780024862327875451603633199
 104   0.229594914595366264943479183546   0.919424391415925279077160393518
 105   0.221811635441382037895754643429  -0.288099436156869808903649864425
 106   0.028763029477128306507865095728  -0.536272148027216839737927461743
 107   0.157481034251217524382025463316  -0.370685493752839820847774863634
 108   0.114334898135959338234862553756   0.459102461047812045251581892443
 109  -0.307272021845036962711162216404  -0.672606451070567756564094654161
 110  -0.035567571712948344063291321895  -0.618858205622555025783194128466
 111  -0.311061834679453678333697067635   0.060176540060451369958954032192
 112  -0.400366713778677646008809082060  -0.202000538799225915809029038491
 113   0.493516085573470656543625537938  -0.234351190708857078122749338729
 114  -0.024918536781647126590733416767  -0.162256660341175265860692318647
 115   0.124455595722000000000000000000  -0.835534327688000000000000000000
 116   0.068119352758057639975065916548  -0.633277111696217753415377198980
 117   0.597246914093969333278935465986  -0.248450778400279326480023412111
 118   0.439821620970251999410132182706   0.139569076275724328229775536836
 119   0.934165898887908137545242304067   0.159339604912101790571388060454
 120  -0.543409961530612963514367141323  -0.090576669056562274499396230740
 121   0.401761204819190139068520130686   0.237089781159483228097217340517
 122   0.454159762292541323076424717118  -0.137346227039856164445299601491
 123  -0.697123115900348624979535950723  -0.435909839931726960102517357582
 124   0.557890590813039999811734645167  -0.151445814731278412802573674874
 125  -0.439723037059606979476009902880  -0.104995575130225002131579301254
 126  -0.672071163910766264656679976569  -0.255748784247238646589929564186
 127   0.236193680813076191316427104956  -0.564695421090841648202674338108
 128  -0.364800203332165028164143112471   0.433777488662792297036569910626
 129   0.751818611764222070970516719459   0.104206656360801411555057070211
 130   0.126493957173000000000000000000   0.939176770840000000000000000000
 131  -0.808291197774679302157958439140   0.494692203232042431886849857804
 132   0.569034526580888481183411145174   0.309088223550980105750704277921
 133  -0.142987506624435126992335879227   0.128758230665827475171656893064
 134   0.742894959189170149615956704482  -0.359794073561961391395035087850
 135  -0.229961499142000000000000000000   0.797647514639000000000000000000
 136   0.752811197828344958766412118579   0.385617263908673691505708633924
 137  -0.657766792619419291512335129903  -0.532914803600727873779967094819
 138   0.039412064408429523980423000856  -0.079670602745837079815425651923
 139  -0.010593293803801026959335725092  -0.439267184358215926060477724506
 140  -0.717903469993394693283297469951  -0.618602977773338194575544735986
 141   0.056381761869209649340139422220  -0.917466384088873722177095868512
 142  -0.375392435869530328904853485257  -0.022409517534886816086312634531
 143   0.361106064765073967427624973167   0.333557613859287396485151964564
 144   0.311116514540606005570866657856  -0.025922357297192523135666793741
 145  -0.153636541555736344464893784355  -0.327843314615552284750844916756
 146   0.182455312160452704428553822610  -0.191094472487868895226200127188
 147  -0.342679368369716857217213831340   0.782125220620868742686312307347
 148  -0.232349188117595011399295425995  -0.133833387277550457395945442282
 149   0.350472837821535339038067478676  -0.122927320966193436813116530978
 150  -0.019252670622396279647326649675  -0.722263752674068227080607099659
 151   0.726278490025815499229725087529  -0.080303615175624295699951311720
 152   0.364854883193317355401312702692  -0.399523305899533450213282672175
 153  -0.080437233716212891460366048539  -0.848430563431304697034925689862
 154   0.723801844154303349419652559319  -0.462722865048515583844390020673
 155  -0.300412799748152460861139162506   0.516778085341831129881455842012
 156   0.196837357532146857849226284135  -0.467690457421840734525224600871
 157  -0.217967142745812995036050201978  -0.410429372210890470796111583479
 158   0.265336419231197257247941256505   0.805856229088832770244680695636
 159   0.828454379814784165510683287629  -0.460128652557411862138228717178
 160   0.864093298076831031980124428707  -0.361697200959214094738834181684
 161  -0.879784588568000000000000000000  -0.352184465071000000000000000000
 162  -0.385984668406895629645563858043  -0.478596523732565929209195179688
 163   0.207429590069600021532509419413  -0.011503451223529795503483723228
 164   0.672745835055404329238639161045   0.294845764033009738812482566919
 165  -0.207374910208447694295339829192   0.045757633986788642326770961678
 166  -0.120133065886779408437516515953  -0.750228534273770261262033996104
 167   0.463908596803117800956615935472  -0.582523064449036365556341049145
 168  -0.274332723575429533025511387822   0.702830710697540981016929898089
 169   0.505818502841888987915354155426   0.225645923119799159154573036948
 170  -0.078656905434358476421179461604   0.211344288261165661216923559787
 171   0.139309176045106655338818150558   0.638693482312151144974298296403
 172  -0.404156526613094361631343933292   0.530782452331793210714019647863
 173   0.165326478646946833800363601897   0.836789947632711511786698754191
 174   0.286142236631458688466911061052  -0.205513378561531622858383197701
 175  -0.913287001001000000000000000000  -0.252906263065000000000000000000
 176  -0.475289547506119597320675872469  -0.740773602592243214977178250370
 177  -0.044159124505536295940100797464  -0.946628231177109278453964721478
 178   0.468954149227215861014975102475   0.823490766348461408553115266649
 179  -0.773105271057009290423087100700  -0.363898762614647801531914367151
 180   0.855562004236930229575377082187   0.090199812431105913007435438023
 181  -0.930255959863341202354512083647   0.180773021984287868826122853143
 182   0.633389511774474995771438340225   0.391850727702010652489932304156
 183  -0.414748759150459662372054306077   0.074595446134114097591137102706
 184   0.647565843463956832295323445889   0.113706312162377531654948162753
 185  -0.168018586927518360828139008372  -0.051247329682212271350678775559
 186   0.159736832396472508840292525990  -0.934098057333671663345988559082
 187  -0.443062653777689312237583501735   0.627968852757313520898101246136
 188  -0.507843451084100345669701171734   0.545201358405455938346202718376
 189   0.479177944251181332877333003527   0.042564112606723414552325799600
 190   0.468541807664323339439669941135  -0.413942211973196177845465742689
 191  -0.647096886001618947552724379766  -0.076157762982899546867213160226
 192  -0.203585097374030978672804977961  -0.687025357144230484196277724675
 193   0.612534041965138816255172081364   0.591795716578834408063188357383
 194  -0.250633223830801835457896127751  -0.913913575482264783540846600852
 195  -0.171751597368502405526720199300   0.681950200532899506461737607282
 196  -0.605219297092919118488741944945   0.729221940677151462661353597114
 197  -0.479079360340536312943210723700  -0.007990611461224088454129564017
 198   0.804834279980188764352512958594  -0.275399739044977986099326386244
 199  -0.271705511398524344866496246815  -0.036828423608549543718495705045
 200   0.297004382073000000000000000000   0.250782738488000000000000000000
 201  -0.132395274086981963309052743950   0.584945236864138414193397770707
 202  -0.593358517348907597722278334929  -0.449758711585240473944829038660
 203  -0.296679789307671661970451843618  -0.216419444872888643441212109005
 204  -0.082643575355820411736188547776   0.944047178795109231093634986300
 205   0.271760191259676672103665837036   0.071082606371808390541782943496
 206   0.035622251574100671300460912115   0.653112388385813872606481366917
 207  -0.834836256824032287310345441847  -0.448445604985305333024820920719
 208  -0.434759183583382897596930939561   0.732323706699760646781569495554
 209  -0.686453209282548281019925200586   0.020847200686101366810236577011
 210  -0.636504653464253646812014006980   0.380029243214779566255669384931
 211   0.188177980713551605161235359553  -0.750687025737693035545353976024
 212  -0.118013228715287809888380282423   0.308349251930166574894373297024
 213   0.386450716225914149340057356266   0.516123683157605154897407135467
 214   0.701304212116668182125769490726  -0.259894636439963395422667715681
 215   0.232403867978747338636465016215   0.168087570040809304219232680732
 216   0.128716943507741354598107777773   0.182506476114472031851415751246
 217   0.536752821235012777285776258898   0.664018218219729698726344238400
 218   0.434090158375000000000000000000   0.706754219011000000000000000000
 219   0.544015930952237254522239115466  -0.775952126879467178802830158882
 220  -0.700835254654330297383170424603   0.297443185619441380210402718207
 221  -0.334873211674843375673659303336   0.886518453525460261433803854937
 222  -0.568384239439760280618322738126  -0.270167690320901374222112634700
 223  -0.731423208410157696531545112007   0.565756929852729581218588372638
 224  -0.762043266943793152418382361642  -0.523679000381981471326863467440
 225   0.014437786499282206876467404053  -0.259261624010176179538142055884
 226  -0.257323466026742328503251022798  -0.313424408541889557118661846242
 227   0.389829161102464672505268299495  -0.219932284635194350490566268215
 228   0.830531426693922636598856932998  -0.089801423064439995801171416601
 229   0.329604855179616688391056838153   0.888490672872046537535142334962
 230   0.661947888835738848658568669907  -0.162889672770962481745217978444
 231   0.336090792449753322674822254658   0.153668663967146576587049610219
 232   0.257378145887894655740420613019   0.347678591305148403941949084693
 233   0.246785913350529354999710240233  -0.108508414892530709180933460464
 234   0.084434253848609704391030588768  -0.736682658747730954712790170173
 235  -0.157369551996217143355581103243   0.405354215599167488571823034261
 236   0.451335137821414850855929743204   0.603497952862813382990935189084
 237   0.528239197993194451527772353095  -0.499937006853698179511074382423
 238  -0.242941420654960312140005798781  -0.590020393475229570518827987438
 239  -0.371602623035113613282318634026  -0.755192508665905942609361320884
 240   0.771377166469000000000000000000  -0.176173131660000000000000000000
 241  -0.178610819464883661568849381158  -0.507434335879891384473561320716
 242  -0.529027916158830947151121917306  -0.367172653989902287899562371937
 243  -0.661478931373400963915969603783   0.200438221950440466532952980971
 244  -0.918258631047506387934345381138   0.076778083357920349493406861095
 245  -0.622122608092471630448768782963   0.103433258281439552855503243734
 246   0.776183392417644636209512687065   0.543685918222676407600533946493
 247  -0.261056476467223127393938341686   0.419773121672830216204006104775
 248   0.375447115730682656142023075478   0.056663700298145662909599872982
 249   0.100896825425154703771050643233   0.753472724459410512745825800691
 250   0.876501110499130658122530660340   0.360278835948475956477299871602
 251  -0.148301026071033254676125115283  -0.935981753029874412014731033168
 252  -0.184003747302328347040001025807  -0.833170798615483641397238363711
 253   0.945377302191761933945457808666  -0.065702304672090001517329520032
 254  -0.723661998449000000000000000000  -0.164657999002000000000000000000
 255   0.321749741484144633960424152346   0.430562577528288310162601701800
 256  -0.751176956662000000000000000000   0.402790596841000000000000000000
 257   0.021987321776162954201602004163   0.947402551199704957555529682838
 258   0.728543978814802910141437926042   0.206271217397857850725635018657
 259  -0.857923077731665213718140155572   0.402520842980863825290583688782
 260   0.711479997679163770355134519730   0.625980230711046672034266598182
 261   0.609635805755000000000000000000   0.211303787568000000000000000000
 262  -0.725809532563477614487126021406   0.117852164355102280487686314248
 263  -0.546749578248695296275940740178   0.642387758830976248530284316650
 264   0.093150433061140873810869045693  -0.453271551348178006893041530358
 265   0.686930409419026756782171027900   0.016704693073899646068339800875
 266  -0.089305940365659693893737366732  -0.245257257020214098705578250033
 267   0.543878918992950848256966207446   0.128125218236040259287131233267
 268   0.347094392944984815872856535446   0.613128646826606068574856872704
 269   0.765364415391000000000000000000  -0.558808679331000000000000000000
 270   0.276353806426205499661015847927  -0.807113144853833672152589186849
 271  -0.074923894993877677530492142715  -0.521853241953554112105744391229
 272  -0.776696419357088111328960339470  -0.259275692441267549814904557877
 273  -0.146974176545897062307344965398   0.861461121199771045048368319577
 274  -0.681958405554070158342079551576   0.658018061631098751536013334103
 275   0.050004296945882687663706136133   0.376516403452473859206315225720
 276  -0.582766284811542296981567962143   0.006428294612438639178053506497
 277  -0.246731233489377027762540650012   0.142762597655789556004220698915
 278   0.608493221709022214992870547709  -0.693480543074606124354136097370
 279  -0.623682007134000000000000000000   0.569360505601000000000000000000
 280  -0.128662263646589027360938187552  -0.148252293351213185028128512796
 281  -0.286087556770306361229741470832   0.239767561324790469681670436152
 282   0.178665499326035988806018971378   0.541688518643150231296848559166
 283  -0.439985660647057078160800964434  -0.839325714346683668644592670866
 284  -0.336036112588600995437652664438  -0.119414481203887729763762371768
 285  -0.093038950806052629841851923130   0.487940273195137500515948033470
 286  -0.829495751762501365730744281357   0.132276141158647338334700586074
 287   0.168073266788670688065308598593   0.085501512445471118173966014009
 288   0.132506756342070207278069866513  -0.550276515017178920570491267594
 289  -0.049949617084730360426536545912  -0.342262220689215012383027987269
 290   0.103742665598594037494152180970   0.002915454850132932128699347286
 291  -0.840885219572304809419144697539  -0.176579373989064345147139070309
 292  -0.464697314968754296579965499683  -0.284586596394564101854295705214
 293   0.832287371287511068746298288770   0.192264373468162352178013386469
 294   0.593868189292150880184419449314   0.488788585259650896974803035063
 295   0.567569728846857246826213062289  -0.597126244309177187416155184805
 296   0.325498559912388021934111881872  -0.302518342230532536535832934938
 297   0.831415092479322866736277340459   0.454757056389669569069661256355
 298  -0.346628345125966296178363037223  -0.575601487401566842886644916924
 299  -0.389774481241312345268098709274   0.254186467398453197313853506666
 300  -0.028708349615975979270695505507   0.570526330790475686561214700193
 301  -0.750783810472624931591081618208  -0.061738856909236819235030089712
 302  -0.192992864836665677932094605175  -0.230838350946551371073395179519
 303   0.053794109780211540343668224873  -0.356266587679177093215591793121
 304   0.698646870226400212540012056268  -0.640271494806268572328276670201
 305  -0.618944568528695874729472004333  -0.652749997841233394192860539397
 306  -0.579588245247766541262271183514  -0.749754961510234307870310276633
 307  -0.053682627525123296374651102310   0.390935309526136586838498296233
 308   0.490691461102344184323130564024   0.506492989193812469313485451848
