   1  -0.405380946239274171424812504750  -0.079900226214913450714546384066
   2  -0.136040832800425565406317515544   0.386284113449170340681691950376
   3   0.671414129190714559830140489387  -0.080226647543280407294934926085
   4   0.222670989660801797804600774791  -0.339127274765447247909403850214
   5  -0.046292204894443013001209572625   0.438064238893603708804585735201
   6   0.581665501284732007425032546468  -0.132006772987713775417828710911
   7   0.581602681470798041556251772836  -0.339236081874902900102866697554
   8  -0.116525701031944088165532160906  -0.851948204316185431592265741847
   9  -0.811107847136416616310445920854  -0.491094085191240070082269802192
  10   0.937903701511583761746433205249  -0.139305372785702476409632475609
  11   0.585600567531418700070431692444  -0.745748828697017713919629067561
  12   0.222828039195636712476552708870   0.178945997452525563803191116393
  13  -0.404787187059931139422286520726   0.542482961647944466512299893022
  14  -0.583789187128814592986105797854  -0.747167668724745772760807876973
  15  -0.584921584883985423639476856099  -0.287095860280302117186180066039
  16   0.497598212135000000000000000000  -0.807057288049000000000000000000
  17  -0.136072242707392548340707902360   0.282669459005575778339172957054
  18   0.043205143755803675928775275768  -0.339072871210719421812672426544
  19  -0.584815382237305310366247616957   0.023768831783408937724704032925
  20  -0.405286716518373222621641344302   0.230943737115870236313010595898
  21   0.132859509516455481598759210651  -0.598136765218492899458100809743
  22  -0.947414171411000000000000000000   0.025145405738000000000000000000
  23   0.851744478488984883819923145964  -0.081750304458144793525323956925
  24   0.764610139770398561248337253558   0.387162314566646372540004172926
  25   0.333068918830407691178078412004   0.887769359408870811323679968937
  26  -0.046323614801409995935599959441   0.334449584450009146462066741880
  27   0.581571271563831058621861386021  -0.442850736318497462445385690875
  28  -0.046649165144742492293174720291  -0.598156398508334890475799275282
  29   0.761148021565031411683995918860  -0.132032305162910003132129105170
  30   0.761194167003664095169638819122   0.075168132344747523170477852062
  31   0.505708351275936735149870429967   0.688368150999822039249880413158
  32   0.400710908045386002676227675996  -0.859360290198200714914365938564
  33   0.761116611658064428749605532045  -0.235646959606504565474648098491
  34  -0.136440535256984587393090707445  -0.649862369685889645540691303610
  35   0.222922268916537661279723869317   0.489789960783309250830748096357
  36  -0.495003934517388792092358900406   0.282778266115031430532635804394
  37  -0.584846792144272293300638003772  -0.079845822660185624617814960397
  38  -0.938492578625574590574497694048   0.135281262785402914609967722225
  39   0.133173641010555108874615926398   0.438009835338875882707854311531
  40   0.312702306729487196619222199052   0.645184740671337181296160874504
  41  -0.858575183250153509689324532730   0.402390351404030144694144305062
  42  -0.584783972330338327431857230141   0.127383486227003500067223026247
  43   0.402356704914568800221158981524   0.386120902784986862391497679366
  44  -0.225915100334276049548987005727  -0.079954629769641276811277807736
  45  -0.763813108590828331977108679219   0.231747805426616431678205760398
  46  -0.046512074243211893541942280336  -0.287238342211558227593047218049
  47  -0.584315852778863227166892793381   0.335308056315483167923993330049
  48   0.434410724439308401229930243310   0.842826591113622142434329943587
  49   0.606909768281000000000000000000   0.728458487437000000000000000000
  50   0.402042605844898970877255088972  -0.650025641650958761033692253841
  51   0.133142231103588125940225539582   0.334395180895281320365335318210
  52   0.156129904286969656409357620749   0.850700889850819967573907919254
  53   0.852019855681533498807755694460   0.125034873548063703769632629743
  54  -0.188799289449309710956278546355   0.890231974662962067638243590751
  55  -0.494567224872880674761784850462   0.387088181759916536046887114875
  56  -0.136323534767971943212897249760  -0.546247776539299831503868414412
  57   0.312419617566784350209708717710  -0.287347149321013879786510065389
  58   0.761166404133174741342004119440   0.282554128638279998300464890031
  59  -0.674532600236320879836965173060   0.075603360782570131944329241421
  60  -0.046355024708376978869990346257   0.230834930006414584119547748558
  61  -0.584250531181575423034977747237   0.542541695145342062237350028310
  62   0.403067862604058454204683045158  -0.755772441648015451365672678444
  63  -0.226057703834576190127683345422  -0.494442598188348740929860498882
  64   0.861252378661974477103954498681  -0.209023177595182325906671586653
  65   0.897418014658504585709291738285  -0.306121294853006906840071887103
  66   0.133236460824489074743396700029   0.645239144226065007392892298174
  67   0.611908698553911418221137992271  -0.645529669629745939558794757332
  68   0.283048018223173320041665415515  -0.904960308287621909972244601795
  69   0.761619075735000000000000000000   0.178781941016000000000000000000
  70   0.581822550819566922096984480547   0.386066499230259036294766255696
  71  -0.585443244823633317724293763511  -0.391508947135729012433755397716
  72  -0.680761962478124150816887269353   0.504838363314596376649256279843
  73   0.312639486915553230750441425421   0.437955431784148056611122887862
  74   0.043142323941869710059994502136  -0.546302180097908546497710413187
  75   0.312670896822520213684831812236   0.541570086227742618953641881183
  76  -0.225946510241243032483377392543  -0.183569284213235839153796801057
  77   0.858660891275086481810603338897   0.021633257273012526807411071337
  78  -0.045824085342967912736245135865   0.645988808982083376661356039003
  79  -0.136103652614359531275098289176   0.179054804561981215996653963733
  80   0.222953678823504644214114256133   0.593404615226903813173267089679
  81   0.491822643657848506216753443101  -0.494630861762930830568279475701
  82  -0.559349664789939089285653510975  -0.628016601934581731813664855809
  83   0.222576759939854063351594208681  -0.649971238096230920754286403422
  84  -0.661829103134127994321686902795  -0.679007789676060575799867473509
  85  -0.496484408545873718830318787996  -0.807819640926703081266955247251
  86  -0.495066754331322757961139674037   0.075548957227842305847597817751
  87  -0.405376690759147811918488141205  -0.857169224123950794923169446495
  88  -0.317607768841966133645326640278  -0.802100049919651783200813552523
  89  -0.494501903275592870629869804318   0.594321820589775430360243813136
  90  -0.674501190329353896902574786244   0.179218015226164694286848234742
  91   0.043299373476704624731946436215  -0.028228907879935734785115446580
  92   0.492105332820551352626266924443   0.437901028229420230514391464192
  93  -0.687001143064895404821564091440  -0.479761175307546579026369068020
  94   0.581728321098665973293813320100   0.075222535899475349267209275732
  95  -0.495035344424355775026749287222   0.179163611671436868190116811072
  96  -0.495192393959189776555803614804  -0.338909660546537526240199266907
  97   0.043173733848836692994384888952  -0.442687525654313984155191419866
  98   0.054359497615000000000000000000   0.821319550425000000000000000000
  99   0.043362193290638590600727209847   0.179000401007253389899922540063
 100  -0.315663728240258601954094948646  -0.131734755214074644934171592562
 101   0.312513847287685299012879878157   0.023496814009769807241046914576
 102  -0.315506678705423687282143014567   0.386338517003898166778423374046
 103   0.043330783383671607666336823031   0.075385746563658827557403546741
 104  -0.225820870613375100745815845279   0.230889333561142410216279172228
 105  -0.859849644862555208459606054968  -0.399659765833178696552398757854
 106   0.491948283285716437954314990364  -0.080172243988552581198203502415
 107   0.491916873378749455019924603549  -0.183786898432147143540722495737
 108  -0.226009330055176085209260559677  -0.390798593100426546556555899072
 109  -0.584531066125487464332242429474  -0.495119591048747982698133085713
 110   0.402168245472766902614816660629  -0.235567023876580511663616280563
 111   0.245441822548444091483891513724   0.798171099650368230182550393600
 112  -0.854947186817747973632640713732  -0.029578112387199293868540625270
 113  -0.584752562423371344497466843325   0.230998140670598062409742019568
 114  -0.756279976837111169419807965585  -0.402712873618220146017313689032
 115   0.312356797752850384340927944078  -0.494576458208203004471548052032
 116   0.581696911191698990359422933284  -0.028392118544119213075309717590
 117  -0.225852280520342083680206232095   0.127274679117547847873760178907
 118  -0.225289931247966034612070634888   0.646043212536811202758087462673
 119  -0.674626826766340594833861977229  -0.235240608078852766599737567309
 120   0.090077723575762182920401651871  -0.845129302866009589868869024770
 121  -0.405475175960174207085086058700  -0.390744189545698720459824475403
 122  -0.135572713248950465141353078784   0.594208683537650008538462254178
 123   0.764647767750939416515975046402   0.560698788539442948273133375475
 124   0.003885393222242812069382562325   0.948184709809012947489230775632
 125  -0.046480664336244910607551893520  -0.183623687767963665250528224727
 126  -0.388070880755781540440060080552  -0.726133297577137552628254801452
 127   0.222765219381702746607771935238  -0.028283311434663560881846870250
 128  -0.494813848126471894861524873371  -0.546954120047909176917758294209
 129   0.581539861656864075687470999205  -0.546465390762092024787904684197
 130  -0.225977920148210015417767779358  -0.287183938656830401496315794379
 131  -0.867594556397014464509444195798  -0.296334967515586196012856557807
 132   0.402388114821535783155549368340   0.489735557228581424734016672687
 133   0.402450934635469749024330141972   0.696964866115770549419054659330
 134   0.674597812366000000000000000000   0.442450523043000000000000000000
 135   0.133673170468997192073970749973   0.749549059870950112907143608655
 136   0.671384509340025138195334864782  -0.287455971813685964239584297288
 137  -0.136229292242227463012659836439  -0.235403813212397033373422009553
 138  -0.854915776910782780397043329061   0.074036542056395269016510434460
 139   0.491979693192683420888705377180   0.023442410455041981144315490906
 140  -0.499988748329000000000000000000   0.805418995427000000000000000000
 141   0.762379908929601596176967640965  -0.440508170272067235583869407951
 142  -0.136009422893458582471927128728   0.489898767892764903024210943697
 143   0.581853960726533905031374867363   0.489681153673853598637285249017
 144   0.133016591475720194202663992319  -0.080063436879096929004740655076
 145   0.222985088730471627148504642949   0.697019269670498375515786083000
 146  -0.495257705743422447056968800401  -0.442524299166853171305733840206
 147  -0.099596819111055104267274644411   0.942947407769411768253234544895
 148  -0.405540487744406877586251244298  -0.494358828166014365525359048702
 149  -0.495139117241661013389682707272   0.697934520392498521868290770569
 150   0.043924542563014639668862807054   0.697768934426516744784249823829
 151  -0.136197882335260480078269449623  -0.131789158768802471030903016232
 152  -0.405255306611406239687250957486   0.334558391559464798655529589220
 153   0.492136742727518335560657311259   0.541515682673014792856910457513
 154   0.132985181568753211268273605503  -0.183678091322691491347259648397
 155  -0.315823269745391308115533688194  -0.546193357165175559744984257198
 156   0.132890951847852262465102445056  -0.494522054653475178374816628362
 157  -0.588034019875138420638694677404   0.743831521021782766258859734918
 158  -0.147620942496842608491302179785  -0.753109529900310034433088597723
 159   0.671382719283747576895750102571  -0.183841301986874969637453919407
 160  -0.225321341154933017546461021704   0.542428558093216640415568469352
 161   0.133110821196621143005835152766   0.230780526451686758022816324889
 162  -0.188008805986000000000000000000  -0.929346177914000000000000000000
 163   0.402199655379733885549207047445  -0.131952369432985949321097287241
 164   0.222702399567768780738991161606  -0.235512620321852685566884856893
 165   0.491854053564815489151143829917  -0.391016207319336268225760482380
 166   0.193391413799820625826013858367  -0.853021008279610441165781340674
 167   0.107321209164904258208236362175   0.942099516112537027702373926146
 168   0.677349262250000000000000000000  -0.500061604338000000000000000000
 169   0.492073922913584369691876537628   0.334286373785825668171872470870
 170  -0.649066882788954658756371067079  -0.576182072935420537594039647313
 171  -0.762473635039310297512288365118   0.441126510655132258349552205064
 172   0.571404737277939297920432456401   0.608243357906025860732624160415
 173  -0.674064480684845779572000736300   0.283527930871049799801099545223
 174   0.492011103099650403823095763996   0.127057064898636543486834484227
 175  -0.674033070777878796637610349484   0.387142585314644362143618538545
 176  -0.764498929571000000000000000000   0.127851504874000000000000000000
 177   0.402074015751865953811645500182  -0.546410987207364198691173260527
 178   0.947571472422000000000000000000  -0.033685429648000000000000000000
 179  -0.247558586653888237378940685059  -0.725751443666300724066480100357
 180   0.491658500600324824888663330660  -0.702035150485711305460093898328
 181   0.348250553365059882157477870521   0.785272942032925314275624054634
 182  -0.315695138147225584888485335462  -0.235349409657669207276690585884
 183   0.402105425658832936746035886998  -0.442796332763769636348654267206
 184  -0.071904037754200924541178472007  -0.945462399860901920830319012719
 185  -0.764399389550282653597595629510  -0.287020723503163621945892127589
 186   0.043267963569737641797556049399  -0.131843562323530297127634439902
 187   0.777284509341011869336200911611  -0.543045239123404871108077528661
 188   0.132922361754819245399492831871  -0.390907400209880616032297635040
 189  -0.315757957961158637614368502597  -0.442578718544859914679449683898
 190   0.132953771661786228333883218687  -0.287292745766286053689778641719
 191  -0.674682171551267084126878073406  -0.338855252502324816165517336084
 192  -0.405443766053207224150695671884  -0.287129535102104158117305482081
 193  -0.046260794987476030066819185809   0.541678893337198271147104728523
 194   0.581634091377765024490642159652  -0.235621427431308337760347704233
 195  -0.764344044765356164304579533333  -0.183406079079691572380112358813
 196   0.132111075164482050478708491640  -0.702972956843394187400609486896
 197   0.043236553662770658863165662584  -0.235458216767124859470153433223
 198   0.671508358911615508633311649835   0.230617315787503279732622053879
 199   0.491840048568000000000000000000  -0.598330212907000000000000000000
 200  -0.405318126425340205556031731118   0.127329082672275673970491602577
 201  -0.405349536332307188490422117934   0.023714428228681111627972609255
 202  -0.405412356146241154359202891565  -0.183514880658508013057065377388
 203   0.041662997632434723214903638235  -0.753521377914724610579785125875
 204  -0.046386434615343961804380733072   0.127220275562820021777028755237
 205   0.043393603197605573535117596663   0.282615055450847952242441533384
 206  -0.854978590470803579694957156742  -0.133192766832689487865447660099
 207   0.673508984964881317889846639367   0.337800616914023559454657253412
 208   0.492042513006617386757486150812   0.230671719342231105829353477549
 209  -0.046574900462929487585723609994  -0.494467662186128279668038671837
 210   0.043456423011539539403898370294   0.489844364338037076927479520027
 211   0.312451027473751333144099104526  -0.183732494877419317443991072067
 212   0.762900760063574428492428036579  -0.028432471621521090197946883426
 213   0.682785502786000000000000000000   0.657896831877000000000000000000
 214   0.402293885100634834352378207893   0.178891593897797737706459692723
 215   0.312388207659817367275318330894  -0.390961803764608442129029058710
 216  -0.752680420602204771990087454906  -0.576664135037182334602879973465
 217   0.312576667101619264881660651789   0.230726122896958931926084901219
 218  -0.044157080500973531317514928573   0.752336555599344804464320340757
 219  -0.764281228142303432242073115979   0.023823235338136763821435456594
 220   0.134900151320429886732353194025  -0.938547435865560640181737385472
 221   0.312325387845859996299063507257  -0.598191112651838077284019856518
 222   0.043487832918506522338288757110   0.593459018781631639269998513349
 223  -0.315569498519357653150923788199   0.179109208116709042093385387403
 224   0.312482437380718316078489491342  -0.080117840433824755101472078746
 225  -0.136135062521326514209488675992   0.075440150118386653654134970411
 226  -0.315600908426324636085314175014   0.075494553673114479750866394081
 227   0.581791140912599939162594093731   0.282451844786664473952247262375
 228   0.312179676956886758113164238525  -0.805525183399732199915602175215
 229   0.234213361001526215046490817042   0.918810884635386926427684049061
 230  -0.944695811598416502770629651842  -0.081358243248626603206360924934
 231  -0.315538088612390670216533401383   0.282723862560303604435904380724
 232   0.777354683693969325579966606373  -0.337981326358854821355523284686
 233  -0.225758050799441134877035071648   0.438118642448331534901317158871
 234   0.927771130421689885086973186036   0.195729583231951019882605523239
 235   0.713390497217994167651951869472  -0.624614552084048551079786708672
 236  -0.315007149246981604082788190991   0.697877741535972396977712671169
 237  -0.315038559153948587017178577807   0.594263087092377834635193677848
 238  -0.776793881683984298462128463549   0.543746821208567386198003405384
 239   0.671476949004648525698921263019   0.127002661343908717390103060558
 240   0.222523072533534063897512681377  -0.753585883391720731109138914094
 241  -0.495129574145256723829920447668  -0.131680351659346818837440168893
 242  -0.291331744441020724660953096255  -0.902327631671027424774230758412
 243   0.222608169846867831935820001159  -0.546356583652636372594441836857
 244  -0.046417844522310944738771119888   0.023605621119225459434509761916
 245  -0.291720196956362124548284871463   0.902202120859752155053090488912
 246   0.868068792536945265305242661445   0.381478586056338717374784763456
 247   0.043110819629493630345662633989  -0.649916834512841899439868301333
 248   0.133048001382687177137054379135   0.023551217564497633337778338246
 249   0.671445539097681542764530876203   0.023388006900314155047584067236
 250  -0.046449254429277927673161506704  -0.080009033324369102908009231406
 251  -0.046543484150178876476332667151  -0.390852996655152789935566211370
 252  -0.674564010143287862771355559875  -0.028011293661024430398189751902
 253   0.031687249215994132028299060438  -0.947663051106888425406607183271
 254  -0.924676892216492958972808513689  -0.209861824057978223531473450437
 255  -0.043320076330819470767179536872   0.855947834068761012949870337602
 256   0.312545257194652281947270264973   0.127111468453364369583565907897
 257  -0.013464429591692673170641592012  -0.841253722974550200779167567132
 258  -0.315632318333291619019704561830  -0.028120100770480082591652599240
 259  -0.495098164238289740895530060853  -0.028065697215752256494921175570
 260  -0.315726548054191654679978115781  -0.338964064101265352336930690577
 261  -0.316060914478508643614478774591   0.801487042184536716986812314214
 262   0.133205050917522091809006313214   0.541624489782470445050373304853
 263  -0.415155116244000000000000000000  -0.613270754273000000000000000000
 264   0.402419524728502766089939755156   0.593350211672175987076535666009
 265  -0.225883690427309066614596618911   0.023660024673953285531241185585
 266   0.491885463471782472085534216733  -0.287401552875741705883241489058
 267   0.523780127406555927885051898343   0.790394659856748769124313824401
 268   0.858658147710469357631409323141  -0.402213283677353613417875647909
 269  -0.405089280074777850168330023101   0.646680013973398223034537232259
 270  -0.217670124684920504757688135003  -0.829458136153661093567422049889
 271   0.944888799964874768627494676652   0.079085370941991666569531553038
 272  -0.764312638049269502033565896298  -0.079791419105459381238804648099
 273   0.043425013104572556469507983479   0.386229709894442514584960526706
 274  -0.674595420050253932562848340195  -0.131625948104620575458429856594
 275   0.222796629288669729542162322054   0.075331343008931001460672123072
 276   0.661121955276954867391150012504   0.556408828906864666512998951920
 277   0.312292164473000000000000000000  -0.701841207095000000000000000000
 278   0.581759731005632956228203706915   0.178837190343069911609728269053
 279  -0.136260702149194445947050223255  -0.339018467655991595715941002875
 280   0.222890859009570678345333482501   0.386175306339714688488229103036
 281  -0.135541303341983482206962691969   0.697823337981244570880981247499
 282  -0.494535814965913691827394463646   0.490702836203511098389406108196
 283  -0.404818596966898122356676907542   0.438868307204349904169780899700
 284  -0.408684443864204335705891752761   0.755044826408532524853098493769
 285   0.312608077008586247816051038605   0.334340777340553494268603894540
 286  -0.864665711695316637913264514736   0.207983335117006714358968942066
 287   0.864677356725348311155155745617   0.277919444667547820510072893831
 288  -0.318021698567703644173674125334  -0.649784691323786493493921349287
 289   0.402231065286700868483597434261  -0.028337714989391386978578293920
 290  -0.315069969060915569951568964623   0.490648432648783272292674684526
 291  -0.135398823449591207945587475623   0.801437899223996691816574218993
 292   0.133079411289654160071444765951   0.127165872008092195680297331567
 293   0.402325295007601817286768594708   0.282506248341392300048978686044
 294  -0.495160984052222793621413227988  -0.235295006102942963897680273586
 295  -0.489390912711701658495041100817  -0.704448078498255915592723173842
 296   0.821261719431812226296432257392   0.473918271848635184828785529948
 297   0.402136835565799919680426273814  -0.339181678320175074006135273884
 298  -0.402592817841414546778511768971   0.858480263732721551148580317272
 299  -0.052887204240399414545665446823  -0.711139106528517877848778094762
 300  -0.610694412591044086192620033565   0.642725120611083268779167075749
 301  -0.584878202051238363092130784091  -0.183460477103781769678055065090
 302  -0.584286941992013208639674040485   0.438927042338412019704465817696
 303   0.222733809474735763673381548422  -0.131897965878258123224365863571
 304  -0.227209757163267730340644948469  -0.599892919453015415376456361264
 305  -0.712826247380216081709509335727   0.625258411572313459691279227021
 306  -0.772262879924000000000000000000   0.336048128814000000000000000000
 307  -0.897354865888757590933601710804   0.306306357854131755485920991713
 308   0.222639579753834814870210387975  -0.442741929209041810251922843536
 309  -0.225789460706408117811425458464   0.334503988004736972558798165550
 310  -0.225330051659000000000000000000   0.749819612579000000000000000000
 311   0.402262475193667851417987821077   0.075276939454203175363940699402
 312   0.222859449102603695410943095685   0.282560651896120126145710109714
 313  -0.136292112056160515738543003574  -0.442633122099587740776181107568
 314  -0.136166472428293497143879062808  -0.028174504325207908688384022910
 315   0.671319899469813611026969328940  -0.391070610874064094322491906049
