1	1.000000000000000000000000000000		1.0000000000000000000000000000	1.000000000000000000000000000000	1		1		
2	0.500000000000000000000000000000	2.000000000000000000000000000000	2.0000000000000000000000000000	0.500000000000000000000000000000	3		2	D2	[2]
3	0.464101615137754587054892683012	1.732050807568877293527446341508	2.1547005383792515290182975610	0.646170927520417433011931705789	6		3	D3	[2]
4	0.414213562373095048801688724210	1.414213562373095048801688724211	2.4142135623730950488016887242	0.686291501015239609586490206323	8		4	D4	[2]
5	0.370191908158750137702237641058	1.175570504584946258337411909280	2.7013016167040798643630809941	0.685210244331082483838548913229	10		5	D5	[2]
6	0.333333333333333333333333333333	1.000000000000000000000000000000	3.0000000000000000000000000000	0.666666666666666666666666666667	12		6	D6	[2]
7	0.333333333333333333333333333333	1.000000000000000000000000000000	3.0000000000000000000000000000	0.777777777777777777777777777778	18		6	D6	[2]
8	0.302593388348611302909204224934	0.867767478235116240951536665699	3.3047648709624865052411502235	0.732502069378347956850484529036	14	1	8	D7	[2]
9	0.276768653914155215717770973808	0.765366864730179543456919968060	3.6131259297527530557132863469	0.689407990105080826889492036316	16	1	9	D8	[2]
10	0.262258924190165855095630653709	0.710978235561246550830725976904	3.8130256313981243982516251560	0.687797433173831611140030771305	20		8	D1	[2]
11	0.254854701717148909608835737700	0.684040286651337466088199229364	3.9238044001630872522327544134	0.714460108860706377135717039657	24		8	D1	[5]
12	0.248163470571686841544054487132	0.660152734957922721675778563975	4.0296019301161834974827410413	0.739021297514213772343815403033	24		9	D3	[10]
13	0.236067977499789696409173668731	0.618033988749894848204586834365	4.2360679774997896964091736687	0.724465170010935786722969225972	26		9	D1	[11]
14	0.231030727971008638446179972284	0.600884161109362022629266500691	4.3284285548608366814039093675	0.747252761735398705778039925469	29		10	D1	[3]
15	0.221172539086390937264316484926	0.567962867736951456830766814089	4.5213569647061642409073640084	0.733759380688816903352108642740	30		10	D5	[1]
16	0.216664742924422421010647936933	0.553185219144344529899886970209	4.6154255948731939855392441620	0.751097773224096888786106263744	32		11	D1	[3]
17	0.208679665570499743200080125264	0.527421466354574721643738409876	4.7920337483105791701491239533	0.740302447984465470514666718304	35		10	D1	[4]
18	0.205604646759568224693193969093	0.517638090205041524697797675249	4.8637033051562731469989727989	0.760918873844282912617123749834	42		12	D6	[1]
19	0.205604646759568224693193969093	0.517638090205041524697797675249	4.8637033051562731469989727989	0.803192144613409741095852847046	48		12	D6	[9]
20	0.195224011018748878291305694833	0.485163607492511844822024507427	5.1223207369915283214476857922	0.762248289564971668878211375641	38	1	13	D1	[3]
21	0.190392146849053511968808973057	0.470331768912710997642393806653	5.2523174750102422915460321681	0.761232561217622700067014658582	38	2	14	D1	[4]
22	0.183833026581681677264411480513	0.450478964645534302465138554635	5.4397189590722134554857208822	0.743480796567988207055753861794	44		13		[4]
23	0.180336009254436500349252193252	0.440024232589267455702324446521	5.5452042225748582685233836876	0.747984753377772763266889798945	46		13		[4]
24	0.176939130595961682695732682453	0.429953937001232286949050075276	5.6516610917654367675791591314	0.751378942465314807700999639995	44	2	16		[4]
25	0.173827661421222233359259594413	0.420802424153413593799114721521	5.7528243308571153542293693448	0.755401396879276808737517646335	48	1	13		[8]
26	0.171580252187166848283936226172	0.414235060523768160213886774470	5.8281765369429493922062904714	0.765434356455906124630201508913	48	2	15		[8]
27	0.169307931134573046568970317658	0.407631028344393935098817008051	5.9063978473941545445249130172	0.773959739716871887968754148584	54		15	C3	[8]
28	0.166252750038606935814942389058	0.398808511923260492016206089319	6.0149380973715121761530340729	0.773919353071186517946963017062	52	2	14	C2	[8]
29	0.162903649276644353945069772319	0.389211227921075714480725095515	6.1385979039781456873652132661	0.769590369481790565727596723802	50	4	17		[8]
30	0.161349109064689865167358846536	0.384782537784570553592550494241	6.1977410708792260252433165923	0.781006049879075556490552505972	60		16	D2	[8]
31	0.158944541560340043740860426196	0.377964473009227227214516536236	6.2915026221291811810032315073	0.783164386046626566224690873186	84		12	D6	[8]
32	0.155533985422770861614341265770	0.368360556228273831682910131413	6.4294629709501135719882575974	0.774106259887702364040296379534	62	1	16		[8]
33	0.154161517947058164731937622494	0.364517626516333052494698927769	6.4867031235604333384960709573	0.784270529319457508510885071100	66		17		[8]
34	0.151264028246755464100569487881	0.356445427744242923582241717245	6.6109570900010028498504099889	0.777947412208797987368785380651	66	2	16		[8]
35	0.149316776635116022601721177537	0.351051419691791672862212952289	6.6971710917902442087214203194	0.780342492464539555776282355442	66	2	19		[8]
36	0.148219429761119335369545525679	0.348022565763742191164389046650	6.7467537934241754287626593644	0.790883976913609973686910146248	66	3	19		[7]
37	0.147955904479076327030170123453	0.347296355333860697703433253537	6.7587704831436335362164371093	0.809965137798197658247408439273	90		18	C6	[7]
38	0.143639218073289832432495924488	0.335464260168754183187070633561	6.9618869652281487003392861751	0.784024548810832272768674363448	70	3	21		[7]
39	0.141685521745403170506570588310	0.330148273936900359737469243019	7.0578841626240042418445508455	0.782916695818417472994882020231	74	2	19		[8]
40	0.140373604202714704755923179430	0.326592121621675324895438444963	7.1238464359431248414143006495	0.788189950274416136874520224469	72	4	22		[8]
41	0.137740812925344543668333160976	0.319488188679441174592234255421	7.2600123286770460209996879266	0.777873793358725262727708303275	76	3	22		[8]
42	0.136113748715697869103282520606	0.315119608659921318712143392458	7.3467964069427686820835173680	0.778132008756486019051323843773	78	3	20		[8]
43	0.134771891080212409936044364810	0.311529155585273899379203437985	7.4199448563412109538502726317	0.781028892889475405788981697492	82	2	20		[8]
44	0.133368245886005585125775990829	0.307785273855688154315506438120	7.4980366829952483920611117219	0.782631916471242010001470100539	86	1	18		[8]
45	0.132049594251630179295715088299	0.304279123270352118408815944896	7.5729123263675215353211135129	0.784669290390907294122473122418	84	6	18	C3	[31]
46	0.130715880038233387098796307589	0.300743743125050100013369180605	7.6501799146936677467655841557	0.785985499531811797347224605323	88	2	21		[8]
47	0.129463747326957253958643624106	0.297434476575627307747608374517	7.7241700525980185827076359726	0.787760507981096881418108299816	86	4	22		[8]
48	0.128348756542845242582550782087	0.294495665568689369277429142016	7.7912714305586675904508387393	0.790723358692538854399593492955	94	1	22		[8]
49	0.126792996262206930030641666747	0.290407648402876024121331295841	7.8868709588028646183617076263	0.787746731156253005962519249119	87	6	22		[8]
50	0.125825489530404188680567705027	0.287872702814938589236646241499	7.9475152747835107452038821496	0.791602690778292704904499796758	94	3	21		[8]
51	0.124571676602365016800421876010	0.284595947544599523746821821010	8.0275069524191890919129301062	0.791423233187735004577888768080	92	5	24		[8]
52	0.123690164592469592698028160669	0.282297789194496775658322795786	8.0847171906898829801310519896	0.795561354479435363179611139788	100	2	24		[8]
53	0.122255623687619917741756548918	0.278567717405939641139614156579	8.1795828268410683199877039635	0.792161188732193413716604217828	101	6	18		[31]
54	0.121892021856964967683082110027	0.277624221373626952618380973743	8.2039823834693371921171485911	0.802313909588456572062784732362	103	6	18	D1	[8]
55	0.121786324527999580122322402646	0.277350098112614561009170866729	8.2111025509279785862384425349	0.815754986312157768363618347236	126	6	18	D6	[8]
56	0.119281497082362427277580294513	0.270873148882889570200703233373	8.3835299225789572914412054485	0.796772230587739630068902039443	108	2	25		[31]
57	0.118382637651500196288774808577	0.268557863552383204817645222578	8.4471846534104282557549363563	0.798823587147604338859629217157	101	7	25		[8]
58	0.117308193128286521431023410865	0.265796492535781687954456377210	8.5245537701396069588854198515	0.798150306151355404732710166126	107	5	26		[8]
59	0.116380564996047018242806338051	0.263417847968738657879421856161	8.5924999593700717605905863678	0.799121718619148345461168777160	112	3	25		[8]
60	0.115657480132814989492225867360	0.261567158729821131322131049208	8.6462198454579193847041425608	0.802599162640349639966068095190	115	3	25		[7]
61	0.115456141678356872441258327524	0.261052384440103183096812455791	8.6612975755403886690909628653	0.813137359726421708043676982650	144		24	C6	[7]
62	0.113253291982580375079587821923	0.255435494620083957110708347285	8.8297654089720517930686110274	0.795231104983279464431215758257	120	2	25		[7]
63	0.112456192917835928601006733985	0.253409898239367319735985125946	8.8923515375505536332378887958	0.796722905511132494890527073804	116	5	28		[8]
64	0.111582595825726250416836436490	0.251194079047640951893093373504	8.9619711084857383021613006266	0.796843244237272399621422283242	116	6	28		[12]
65	0.110896743722961708414948565804	0.249457513376617454993308354889	9.0173973232087350460475542013	0.799375704943156059975139569051	116	7	31		[8]
66	0.109935057298270566763797746509	0.247027047182805435913903057545	9.0962794269242756647629057074	0.797657310329486152006966071301	124	4	23		[13]
67	0.109063482023183282669061521591	0.244828851040588395544180130922	9.1689718817837957262351968737	0.796954488438421945334475958955	124	5	25		[13]
68	0.108345017704475043813745804917	0.243020046667704929599817635194	9.2297737467506672260419962729	0.798227714574044727085726573402	130	5	25		[31]
69	0.107877643364849125222196097586	0.241844949994830326720992374490	9.2697612666410936587426229785	0.802993429718796777967293556313	129	6	21	C3	[31]
70	0.107001616605762985305856949352	0.239645711785178854700425557341	9.3456531940484826092717512253	0.801454216937268513385948304036	132	4	26		[13]
71	0.106204499837112319528232240253	0.237648320712640257561793213780	9.4157968968708229531192841998	0.800837100781234540069532164225	136	3	25		[13]
72	0.105553253159066966103790581384	0.236019088966150348839054287398	9.4738908567130273495618118642	0.802187226177269793083565314195	137	3	28		[31]
73	0.104817999688188429991340483266	0.234182545340898312132405891702	9.5403461521378991406456140615	0.802037353280214095903050938109	138	4	26		[13]
74	0.104283629835208560624956037293	0.232849668285112941784469997264	9.5892327643391725982091723484	0.804755583418903277348291823937	142	3	22		[13]
75	0.103390915666444882543582730100	0.230626518229613553313633562007	9.6720296319471139991260731919	0.801726108175943838798440486625	141	5	31		[13]
76	0.102779181946967004822085630679	0.229105655773787284666289465103	9.7295968021616445662321924714	0.802830578368268868977560423475	142	5	28		[31]
77	0.102052146983690080204725628923	0.227300831870993851657704451981	9.7989119245067863939174480968	0.801927334206512693814628334785	142	6	30		[13]
78	0.101443439719369725871565738408	0.225791996193734740476745627686	9.8577098998848208566592136212	0.802680174043597147528667122756	149	4	29		[13]
79	0.100958464654456228989394032478	0.224591324616950344495907971710	9.9050634676610127017578531932	0.805216315245421928008959519318	162	6	30	D6	[31]
80	0.100319499416176579706634470175	0.223011389823558348816165354303	9.9681518131533798071034975412	0.805120157048980249328737563559	151	6	29		[31]
81	0.099891475491636197647565339548	0.221954292780854575118555269528	10.0108642412007307859864247798	0.808242856947588565896104989891	151	6	27		[31]
82	0.099494327805157122344380823339	0.220974350028590343449953361845	10.0508242234505218680194880060	0.811727943762805057932171805245	160	4	27		[31]
83	0.098844919276866715495742548545	0.219373826750326830670757935649	10.1168578751020959305277543283	0.810936399548574668479850817660	156	8	28		[13]
84	0.098526721390454986844991372393	0.218590442397638390788944823519	10.1495308672361587954446565027	0.815431245547996581531330839967	157	6	24		[31]
85	0.098395063692606173555669611507	0.218266470668610649119178947984	10.1631114658767610748858834751	0.822935027521122179578619213372	180	6	24	C6	[18]
86	0.097099624005301283457852264325	0.215083804563331787925723544964	10.2987010531101919248398041752	0.810836980449495788444095360865	158	7	31		[13]
87	0.096495211836180559104982863224	0.213601993260680937420709890962	10.3632085050778998566306887322	0.810085353935914378208612587630	160	8	33		[13]
88	0.095855792771800837413466921999	0.212036513656736972239096016544	10.4323376927323602163663622221	0.808573304696117458849009047854	168	5	31		[13]
89	0.095233634543869852947685381095	0.210515417415762662212514437495	10.5004918145736102113826359314	0.807180618210747158752860058138	170	4	32		[13]
90	0.094822059586947684161477476866	0.209510319139413236043238512215	10.5460691779537198089458029723	0.809210068587959149750819465768	172	4	32		[7]
91	0.094636278506046740904429941957	0.209056926535306942799668309605	10.5667722335056261337227772794	0.814998294062138036990640484359	210		30	C6	[7]
92	0.093592245754694587527484095059	0.206512456047160593733851872136	10.6846458479156644755133509374	0.805874778817457527832388041921	170	7	33		[13]
93	0.093167534622482290793569838070	0.205479045313394909290662162580	10.7333526002596364254447481500	0.807257624209723582530882524475	172	7	35		[13]
94	0.092781315283866927207328715190	0.204540133149700321155136630071	10.7780321602520198094572385731	0.809187011785605954339944978567	179	10	30		[13]
95	0.092249177760720922779845638651	0.203247797745105098971988547364	10.8402050215974201357665666039	0.808441525765263330069199970720	173	9	35		[31]
96	0.091884716482624623441391537005	0.202363550422211459226542352634	10.8832027597222846752088691255	0.810508907816861678588633778908	189	12	30	C3	[13]
97	0.091419459906364399990762380889	0.201235786751371503450568180428	10.9385901100732978319039055308	0.810679212008422698864083040884	184	5	33		[13]
98	0.091079798229366290362012569015	0.200413189302948962833221657470	10.9793831282069775936470182421	0.812961905259203334415236250366	181	8	33		[31]
99	0.090636019812819429591243809954	0.199339366386962460155125064572	11.0331411514449735781402495310	0.813273920663469822679092053122	186	9	36	C3	[13]
100	0.090235200288473715727578780782	0.198370392692893894911756979374	11.0821497243103699086257335782	0.814239137110096695005951826492	195	10	32		[13]
101	0.089710770521186578901395583644	0.197103882185996044188608244878	11.1469335754265382471061272191	0.812850257098004887430990733148	195	7	31		[14]
102	0.089310725493077718804886178995	0.196138744560121323869473766262	11.1968634727696600948764015011	0.813593380186187998552160662205	192	6	30	C3	[31]
103	0.088769396870677263021498957475	0.194834099218853876745044854052	11.2651435658263984646467821994	0.811640599540732044448555402044	190	8	34		[12]
104	0.088357498517843071900972931118	0.193842429185104077997349631071	11.3176585663304875527944341841	0.811932944610386627368037467584	195	8	33		[14]
105	0.088007564607859635466296569482	0.193000646041582491019902719823	11.3626596129066573160796587562	0.813259799961691730773321013218	198	6	32		[14]
106	0.087551611059319716667800814156	0.191904796195572187560862721930	11.4218343660456461684025658586	0.812520167502733819138852629840	204	6	36	C2	[14]
107	0.087168364837556393216523833349	0.190984539710971529774508109128	11.4720518374247524050529309749	0.813020649644507145707543353001	206	5	34		[14]
108	0.086775303710880891299237501842	0.190041517850955213700513839967	11.5240161340352466333679140104	0.813234960084486850288679238876	221	5	32		[14]
109	0.086489335895334841227481993905	0.189355941411156545385052747149	11.5621190710742770452156969698	0.815364169374150086757887393082	252	6	24	D6	[18]
110	0.086081769647551899933256492352	0.188379587557532113283815376181	11.6168615502950367091649046633	0.815107817221960630550035116123	221	8	25		[15]
111	0.085742621069746730575523439318	0.187567796652780093917987288163	11.6628111844931478192386377737	0.816049474538029533371191739044	220	9	31		[14]
112	0.085431571702315622335046543123	0.186823793734782981049011877580	11.7052745264300809400741383847	0.817437985675124284923050194411	215	8	35		[14]
113	0.085124290793257480302517599794	0.186089301391695808535858492077	11.7475281224804981254839799158	0.818814371785221805440709468579	220	11	38	D1	[14]
114	0.084780441044598247267792383137	0.185267983436375753713197813910	11.7951733640304600650106436911	0.819400442943692302458176618412	215	9	37		[14]
115	0.084463211728034257462108659831	0.184510798058600676048367667423	11.8394740093465938781728059434	0.820413925572695529701490099670	226	12	32	D1	[31]
116	0.084056891551102368170500986686	0.183541730432250043425269857026	11.8967045003329706358261958380	0.819605077999119023577526781519	215	10	41		[14]
117	0.083727722048957617442352374029	0.182757296196254228130952624147	11.9434755362778876721716233023	0.820208778422377917501408811864	221	12	42		[31]
118	0.083433794252409315419044354050	0.182057321618915976872645109941	11.9855510463150610827982323538	0.821421366755697626537277170007	217	11	37		[14]
119	0.083040377649437541702370667924	0.181121121640164017770611809771	12.0423344438724781128302537706	0.820588814099183516809028877958	233	10	38		[14]
120	0.082745752572886010199923920053	0.180420538373055779826173166557	12.0852124599284667980680472996	0.821623148262392613209175707752	231	10	38		[14]
121	0.082475566262400958293028521600	0.179778463068130082708600884431	12.1248030819023424730975444392	0.823068502666746632438066736376	252	6	30	C6	[18]
122	0.081937830936556106717541189316	0.178501704345675276762045013801	12.2043748116092193498124653150	0.819084592907693421085590114764	232	7	36		[31]
123	0.081457105292458718354757288238	0.177361570726414877303632630131	12.2763999090031473203286629900	0.816136980323084855700915891499	230	8	38		[31]
124	0.081157577700553840877353936618	0.176651786489033026805996982508	12.3217083152689478835464571738	0.816732499859457823201285529531	243	3	32		[14]
125	0.080852343328705946557160723544	0.175928954922245737464628376333	12.3682253207490942929251433460	0.817137677717867622800756894282	229	8	37		[14]
126	0.080533814252973230057400729655	0.175175151628970381786478268474	12.4171443917805119117063709701	0.817197600004681666281751106577	247	7	28		[21]
127	0.080246842401966631917112929101	0.174496476014355826304346053218	12.4615495148191989045474694885	0.817823575866730859904379445900	259	7	33		[14]
128	0.079985218277920293451196899771	0.173878115584630730216262443781	12.5023100709102814006803141105	0.818897298299718988016077093147	250	13	38		[14]
129	0.079657677067103360876003143471	0.173104452728533937380050408432	12.5537178187810239918347846675	0.818549571528773285919843701298	267	7	33		[14]
130	0.079362938013739723146095393501	0.172408740188050668169104942936	12.6003399701114242678867196832	0.818801870922450167031532149678	263	10	26		[21]
131	0.079053755252482429722582079133	0.171679412785173899827900364279	12.6496204614972823341873656230	0.818684004757040528317461501346	247	12	39		[14]
132	0.078818126663851405825095094530	0.171123920140555942599669037887	12.6874367905858006602768454626	0.820023215985457960066489438485	258	11	38		[31]
133	0.078522069613215335182311042489	0.170426370559425513046958633731	12.7352730885190409894259244830	0.820040150373570468049980989837	252	8	38		[14]
134	0.078299667964461864036926670507	0.169902657605732211374936702054	12.7714462397704341851621045399	0.821532292448226717906905995435	266	14	41		[14]
135	0.078038092564341362814328927486	0.169287021372490797067494180327	12.8142547714824447375210049106	0.822142425295895944486652996305	269	11	41		[14]
136	0.077725687011400492303568917450	0.168552210371191984812683532030	12.8657595506788380945789210298	0.821614409309610002247481098264	259	12	41		[14]
137	0.077432523961362649881829041896	0.167863112395520340149197370097	12.9144699002576862291979090665	0.821424020082699126156380640354	275	8	31		[21]
138	0.077152729078282255237131754121	0.167205845450946520862599927666	12.9613043108994870126762496160	0.821451017383301195019794306726	272	8	28		[21]
139	0.076869934722458099891741275619	0.166541937293195877072228703499	13.0089872407273277553253595350	0.821349174128660751441762550317	284	10	36		[14]
140	0.076570982894694051693046492984	0.165840538853160283758361444781	13.0597775057331085186544481710	0.820836159004334067821535569931	278	12	24		[21]
141	0.076293623455127429119632916560	0.165190206308857660027130013007	13.1072552949088365460563493543	0.820721094167700597574801488822	271	13	34		[15]
142	0.076066384385635250924607481877	0.164657683409549532947744999364	13.1464116255385592409290912748	0.821625466357456432055449204774	269	8	40		[14]
143	0.075772495907461911598932767628	0.163969359431387807000101355162	13.1974008249809039444391604958	0.821030372454625496324342793561	268	11	42		[14]
144	0.075484292738201939186589485986	0.163294776162903658090874233792	13.2477892250808460137655375892	0.820494496826865505439370649072	272	10	38	C2	[15]
145	0.075320099332049999051671428655	0.162910644597426453078518349030	13.2766686298630886563838107226	0.822602017691532413428615726504	308	9	29		[15]
146	0.075011811914668060331918260959	0.162189772541718287086414898948	13.3312337680574898736878361734	0.821508701301344427597677805018	298	9	30		[15]
147	0.074866480341627481119071487801	0.161850108661663677670089342684	13.3571124946283477390153814267	0.823933512175264230055767259835	283	8	30		[15]
148	0.074699673575154585430030517198	0.161460385221687976108987161590	13.3869393551487226056863245151	0.825846102370727939956671805251	310	10	36		[14]
149	0.074429413777863178404769207560	0.160829254701488814760822424319	13.4355485182851237313297932008	0.825420907662139000524009582089	314	12	40	D1	[15]
150	0.074289754450123223513201821321	0.160503256407181097771677858508	13.4608063709697900630016100898	0.827845142438940493736471169374	312	10	35		[14]
151	0.074204941313100149092273560790	0.160305330249544916815078601378	13.4761915083336893906389728645	0.831462370607376229128762874155	330	12	36	C6	[31]
152	0.073900279846132333922343596305	0.159594648908551890825153601434	13.5317484870436019681015714457	0.830110206923174267348705083990	312	11	28		[21]
153	0.073575197788348409348479843269	0.158836848091075552988497897291	13.5915366870867321243280845076	0.828236388627972065958481934337	307	7	39		[14]
154	0.073330461528316612135534327704	0.158266692675055273570452005807	13.6368976706064949274792757265	0.828112914545212099316173602798	301	10	32		[21]
155	0.073133048706552101578045397517	0.157807004779908340099142609335	13.6737086404331516954698616270	0.829008636032812912732961836740	302	13	45		[14]
156	0.072905623482700290985997272108	0.157277673836348336409336949423	13.7163630489668480714323185470	0.829175869922596576571942667801	324	12	31		[21]
157	0.072605865685131576608695706496	0.156580385832978466948292520099	13.7729919003607813871100061173	0.827643041906316616861897674477	311	13	45		[14]
158	0.072342013798320107443312992681	0.155966994030906567636753255948	13.8232259166556617798603884043	0.826871979742621217396641352185	306	10	42		[14]
159	0.072128249620314972055204488361	0.155470299835726434146416731116	13.8641933675643960056667989009	0.827195018533184238760329948584	314	12	32		[21]
160	0.071840902587110664716056915724	0.154802991830510308552466580505	13.9196469418998501901931865519	0.825778445524915807798582086606	301	11	35		[21]
161	0.071585034482445858460567405565	0.154209135227672833042752951202	13.9694002696222885742122189033	0.825031163058326977774362556172	319	9	44		[31]
162	0.071376709459977585452458337967	0.153725865347335578802506937330	14.0101723316444130131772331455	0.825330813840116705605391105299	319	11	31		[21]
163	0.071097441639828116615845433780	0.153078363279221059938183539146	14.0652037110686895148409147452	0.823939931859788687151941134603	314	9	31		[21]
164	0.070873724461997120025842626101	0.152559940081251660781293666661	14.1096013733016879545083043916	0.823785910334874589514492934697	315	8	33		[21]
165	0.070699661492232088104736604464	0.152156753984957507846908840270	14.1443392923440231950706097233	0.824742952294173786546164154257	352	11	40		[31]
166	0.070493632407107804081840148744	0.151679719181833088381322992262	14.1856784202138940569209761848	0.824912466851440976303050840984	346	7	37		[31]
167	0.070328203359510882665213476545	0.151296841775027651464214835968	14.2190465877266622408736345659	0.825991383358711873071725499236	345	15	27		[21]
168	0.070137505697464281753878467400	0.150855650436944433798541951847	14.2577069152339919549322094719	0.826437310517588210132923371130	345	12	34		[21]
169	0.069952776562409293859822263104	0.150428440190066026736911230012	14.2953582279587828443077204535	0.826983070345570675004093029260	363	10	38		[15]
170	0.069778069509620405968712252228	0.150024563434740597252502135894	14.3311502744014509653586224506	0.827726427363200883658760118781	343	13	30		[21]
171	0.069600749130159680959044854411	0.149614800452793116674355986248	14.3676614475788151339516887407	0.828369191790981433144895361126	365	11	41		[14]
172	0.069363635406184356840179642706	0.149067107293746726502027299662	14.4167760836659018626587512868	0.827545993683076402254304940022	363	11	41		[14]
173	0.069197728419754303745291981213	0.148684055749618303241304475783	14.4513414361521701591482587807	0.828380331992554534020555009297	373	9	33		[15]
174	0.068999546681581965876869139429	0.148226666132423340635287938057	14.4928488387725855082159684362	0.828403114953902744969820817953	387	9	37	D1	[31]
175	0.068792698084829538943215615414	0.147749481653219036177803614500	14.5364265080413278955989834125	0.828176179213339200159263711556	361	10	35		[21]
176	0.068614703724413506175450848843	0.147339031437986503571988940741	14.5741356548945390139077984623	0.828604051825271862907250826906	353	10	41		[31]
177	0.068425108047362976964127476462	0.146902001413841958760308636136	14.6145183915210320468996851148	0.828713187798913680543120415627	373	13	33		[21]
178	0.068218341861107542840701536068	0.146425595020542543238158032583	14.6588142238343864556255630608	0.828366105597650916271858299771	375	11	36		[15]
179	0.068027899252582729946077654321	0.145986986516068737429925682355	14.6998512520145806790959349327	0.828375318732798724625792857516	369	17	33		[21]
180	0.067847047531335201157089513460	0.145570632698534404279916063184	14.7390348789775911355004606392	0.828579934569466442454499655019	348	12	39	C3	[21]
181	0.067655200908091023832778169533	0.145129143153876677233716581561	14.7808296565180690340818711248	0.828477943994463049749221918156	386	11	42		[31]
182	0.067481252520330824803982383663	0.144728999181439094375288487557	14.8189306311218648106197091087	0.828776938391703263630838882028	400	12	38	C2	[14]
183	0.067269079944939160456706044166	0.144241127850609137431925114716	14.8656708374563219340090101863	0.828098628344866721196368701640	367	13	32		[21]
184	0.067089697153931000795187596642	0.143828826735555644123888412239	14.9054183044766775906142009154	0.828189053413936646790003882486	389	8	31		[21]
185	0.066942716850996510378299072016	0.143491119055562147396685008608	14.9381448354693417800672981997	0.829045557787648047136931341244	410	10	36	D1	[15]
186	0.066839622277083852309035329187	0.143254308418419754481381413793	14.9611856849593948227393846685	0.830961529742643379918222259678	406	9	36		[15]
187	0.066715116293831582126288551855	0.142968385020657626998743191085	14.9891067504960502330823151103	0.832319560772601312316075151010	398	11	31		[21]
188	0.066539130276478896865692633314	0.142564369722722103396445771242	15.0287506891789476085167729008	0.832361701294643352432725032678	362	7	30		[21]
189	0.066360966589624368757768419440	0.142155510245158719991217752071	15.0690993725873700315044812103	0.832314020588046685735520204363	390	14	27		[21]
190	0.066209373949943821853772606459	0.141807750266267172506078700163	15.1036015044641347546509774428	0.832899427780264916916273432975	385	7	37		[14]
191	0.066039914806236843243772230100	0.141419137398223895188756263152	15.1423575111208273373178607797	0.833002636394468864487384914655	361	12	30		[21]
192	0.065922032429183823026789253574	0.141148886319676544067926200955	15.1694352123357453910484765858	0.834377157042117814100626562038	394	9	38		[31]
193	0.065792181139066906800020556741	0.140851274867911980850977127902	15.1993744953715701206736462660	0.835421942113907706605217824715	382	12	34		[15]
194	0.065610647302416428402259261200	0.140435348739791145064376479028	15.2414286570096097634780346313	0.835122865651764325732150735480	409	15	32		[21]
195	0.065414321826151577300910463357	0.139985714212888739544224750250	15.2871721678572280992440819574	0.834411532495189472257701142467	389	15	44		[14]
196	0.065261371807548672584002896201	0.139635551242271222343200533982	15.3229999968270922864553524906	0.834773143439809304466791820283	403	12	32		[21]
197	0.065072404121613281269314673694	0.139203087829440331133822034094	15.3674973823175215478248241415	0.834180302298810971699444702079	425	11	30		[21]
198	0.064977666650342140302432567925	0.138986341465371837188928353982	15.3899032013753373808518175954	0.835975238337951065548544636641	420	14	31		[21]
199	0.064925535151151042604720832194	0.138867090465668946180464475993	15.4022604152885652734276720590	0.838849697818006577700359733643	438	6	36	C6	[31]
200	0.064669354186264187505944262919	0.138281268716480421167184657354	15.4632748785420938110388104429	0.836425074173697078676584166641	403	11	45		[14]
201	0.064432054376096068528082532162	0.137738909669736803345224662980	15.5202252928783596543164782444	0.834449415855964307459922725161	410	14	33		[21]
202	0.064234207841617766199016275470	0.137286933076403503822146135270	15.5680288369975571751706480510	0.833458758322110163878440517627	396	12	37		[21]
203	0.064056429030064484163512196842	0.136880963803579803525979244028	15.6112355175255907101923015973	0.832954898316988662251593492855	424	11	36		[21]
204	0.063928465234767290633221687760	0.136588845746282814286215036798	15.6424840847915931133367162355	0.833717128123661420379020998555	427	17	36		[21]
205	0.063730848744047195884573201225	0.136137880135334630503251136807	15.6909882687448969450810623795	0.832632321735507519245120784428	428	18	35		[21]
206	0.063554376999947141997322147893	0.135735328221921871587734104136	15.7345575112919712403610956488	0.832066720185390518738982623956	457	8	34		[21]
207	0.063410774626407793940990810949	0.135407866989104283295355299774	15.7701905692150945123135461445	0.832331752115264077344377318926	450	20	32		[21]
208	0.063244050097736125219939876036	0.135027805490500855580872508796	15.8117640861807465733913363753	0.831960453535111012316802459060	432	11	31		[21]
209	0.063131825845742271453414065257	0.134772057771593073032954718509	15.8398713581232796303756896272	0.832996133834980560470280603859	451	13	29		[21]
210	0.062977132770116453870927526410	0.134419628319841256247952429907	15.8787794237992720650577534603	0.832885042908423904283215822909	457	16	32		[21]
211	0.062883145090809512944029807663	0.134205557741041982668111872777	15.9025124865478752137832018924	0.834355176603989915611958556268	425	13	47		[31]
212	0.062753488406371386800433070181	0.133910316293777889823774868554	15.9353690989148198439139694000	0.834856065119740667741911317451	447	14	33		[21]
213	0.062617972490949547865965436329	0.133601820076169466407133139640	15.9698559410324953715443613693	0.835175232000867951096949818674	462	17	32		[21]
214	0.062429782822950242912223832491	0.133173562212591207965167844456	16.0179958151701771590155144937	0.834060245630636905005752505180	455	14	33		[21]
215	0.062307989324493220061097169430	0.132896491844069311043218141465	16.0493062100288447467174184439	0.834691389737149631679419078239	459	14	32		[21]
216	0.062169126200657221093188149212	0.132580677257504866976175146012	16.0851544989131357161671677554	0.834840054551500739028258614717	449	13	32		[21]
217	0.062047467282833326981655115550	0.132304066823269246777692416941	16.1166932961447405275777920035	0.835425738578497051078041552934	477	15	34		[21]
218	0.061921218738980871652993235416	0.132017097019810701501170888434	16.1495529378280203273406519054	0.835863737966316055082601164319	466	16	33		[21]
219	0.061846150521207228544384297460	0.131846499495934281657878463253	16.1691550981349604364503718083	0.837663247209908831179317082269	481	16	30		[21]
220	0.061636720618759530682694337989	0.131370700395273282952232338096	16.2240948246627448790290900350	0.835798772299703577839019991094	438	17	32		[21]
221	0.061505024207053757678405723905	0.131071611022930382681208437127	16.2588343455251273991584809410	0.836013828598969385677381665771	476	16	29		[21]
222	0.061354250228605587895970050982	0.130729298552831698159649664555	16.2987893466875673552837014101	0.835684372687385441279680591647	475	18	28		[21]
223	0.061210124410366466748047875393	0.130402182643739562913480724325	16.3371665983845199586055481870	0.835509490664156598083431753973	468	16	30		[21]
224	0.061091714988768315307916890362	0.130133509234158064834033743345	16.3688316850140736147914253855	0.836012271420233429708243133538	489	18	30		[21]
225	0.060962213749890186639756444065	0.129839745838839097238435708317	16.4036037815605299414074683744	0.836188088689642529569604679246	474	19	33		[21]
226	0.060796487298909256201610075217	0.129463926564887623453417148426	16.4483187175509875491623947907	0.835344108142334198588431073392	471	11	36		[21]
227	0.060648809113610562799479067019	0.129129147228484815632072889448	16.4883699220993278450742955515	0.834969116646111966848053216131	487	17	34		[21]
228	0.060514379227249235146371102470	0.128824492656895850157073438996	16.5249980710321232506193634558	0.834933741263128092231500335908	475	10	35		[21]
229	0.060376758442253510708047884568	0.128512696944699685079148589184	16.5626646047325600337319052078	0.834785827838678802116649237753	474	17	33		[21]
230	0.060267957404239474618281122785	0.128266260321964178165588765654	16.5925649892633700221577104950	0.835412138626221453622889889201	483	13	34		[21]
231	0.060135686795871754185621434552	0.127966741477524194400233363267	16.6290609333931952564866454479	0.835365490900983606878918076548	441	12	34		[21]
232	0.060007064108617018915861101473	0.127675563969452826801334063145	16.6647046452719209911230016299	0.835396676361076094923061884445	501	12	32		[21]
233	0.059898783243193606495266075332	0.127430498281524398287322794756	16.6948299423700160400567856120	0.835972366525516245880806604846	514	15	46		[31]
234	0.059857529921211104278963554169	0.127337146924539485347869956415	16.7063358831591239361001620372	0.838404189854871734865436079098	497	13	45		[31]
235	0.059835181171776612317920658375	0.127286577786121224518488086429	16.7125757859606098355610586350	0.841358492876942646050710771392	558	12	48	D6	[31]
236	0.059614677592478296223335067661	0.126787767039698462674020061637	16.7743924883051285901870675820	0.838722709131411593027221075880	512	10	32		[21]
237	0.059518201846882284457557274876	0.126569598611609196841235431407	16.8015828598555444433308416833	0.839552675207434561048925194868	550	8	36		[21]
238	0.059428621163812236316089432764	0.126367062619630214961703402711	16.8269089946331820033619547887	0.840559121196794970609664794981	537	14	33		[21]
239	0.059299651118754481303437505832	0.126075537633802873909244490668	16.8635056215994110479564115089	0.840431220850633905848905288052	535	17	33		[21]
240	0.059190958765594540736702230552	0.125829910579796249529119512704	16.8944720757127196725837745005	0.840856703901675167444606971218	538	17	36		[21]
241	0.059118899313165779990095924460	0.125667099211599739767634306036	16.9150645837091892739725163902	0.842305665696056233266064531369	546	12	54	C6	[31]
242	0.058959800565081925326479132165	0.125307719267437223101490919959	16.9607086593884323870043293906	0.841254456007164850893100782943	459	14	38		[21]
243	0.058822671447678052010872126778	0.124998062879726455158667233559	17.0002479552375666806669506754	0.840805922326679332636219990054	523	23	34		[21]
244	0.058703338201762024370835065791	0.124728665433947493140792609078	17.0348063778421421357905934808	0.840843987511430450288950818859	532	12	39		[21]
245	0.058566219740030845940311744398	0.124419201792096877214189631716	17.0746892054650702841474985398	0.840350513186206788320008660916	516	13	36		[21]
246	0.058452450971281583379437364574	0.124162504658590977035655545404	17.1079224802962059760579707339	0.840505500039319020769864537959	538	14	36		[21]
247	0.058370066289097847458039627360	0.123976658344038030526737117324	17.1320689451876882483482516695	0.841544965732638208316009063138	551	17	36		[21]
248	0.058199873510179505215137276448	0.123592834346064535522287291108	17.1821679273081930663749947977	0.840031868597021732269233905051	538	19	33		[21]
249	0.058075374681249419920764884075	0.123312148594897411187322319878	17.2190021241975091073202315427	0.839814536947509034453464825807	538	18	35		[21]
250	0.057930866196349120065576612805	0.122986443600907234598120297524	17.2619549069166399724674458495	0.838996314564826291506659222191	545	16	36		[21]
251	0.057818875775651875438976953808	0.122734099185549577945046236883	17.2953898979320920585299627468	0.839098621386026078430526667172	541	21	32		[21]
252	0.057719405065464012447366088394	0.122510015330357113066990077567	17.3251959001625737468828957916	0.839545489720000400156735782673	543	22	32		[21]
253	0.057650323879409750560754598987	0.122354419681537356555655558272	17.3459563226696384171750289274	0.840860640380413054263990353676	570	18	48	C6	[15]
254	0.057491871611917451958759222743	0.121997614408360581122722245870	17.3937631870852272416867552056	0.839550086566064748124648612399	552	18	31		[21]
255	0.057326264006863181374093412161	0.121624824831823993853797124011	17.4440113501950621832231588501	0.838006638971067159150903801110	509	13	38		[21]
256	0.057187786140711687070535155045	0.121313205959902382019441545344	17.4862513044215434116560941964	0.837233378220998583187773845136	549	14	36		[21]
257	0.057084256342620782854459366948	0.121080291058037726241921161402	17.5179649183477340172173568970	0.837463366802840556572539008499	575	18	35		[21]
258	0.057018277820522538426520345396	0.120931883364055840526206758405	17.5382357767401891317467251052	0.838779673449519448165551204153	531	20	35		[21]
259	0.056902388770663269602282627051	0.120671260520934759173854935323	17.5739546547044501183889622666	0.838611398582195688871249970733	573	19	35		[21]
260	0.056815484748987672691076832521	0.120475864118416340142348912928	17.6008354838126732064910786484	0.839279819888237215523557414090	542	14	36		[21]
261	0.056730376500649784294138892978	0.120284540257303989810252486611	17.6272406721740352959267775894	0.839985596273329566243559565416	570	14	34		[21]
262	0.056631854051549254164449808049	0.120063104302959654743722638636	17.6579067866954889917690322427	0.840277726048785626576826392839	590	16	35		[21]
263	0.056533542382071055080494937781	0.119842188189302159002277726600	17.6886138363963228876870238555	0.840558891951806571104841862776	572	14	34		[21]
264	0.056492790004188918480797294630	0.119750627034296285426653620480	17.7013739262275838673381489368	0.842538925128750269413791133839	594	15	57	D3	[31]
265	0.056365894314762878686693497801	0.119465572461122007034793985569	17.7412247628986603530561647299	0.841935221104299825505235697777	595	18	36		[21]
266	0.056255350968247209872093697670	0.119217313763766768017599381131	17.7760867684291997832061262765	0.841800760341138830006849262922	597	17	37		[21]
267	0.056188104681325511620380071942	0.119066320227620806324950049555	17.7973613039906757499024743622	0.842946529750451564294641110487	581	26	33		[21]
268	0.056078743728032858875851676034	0.118820809162655790408090829638	17.8320685079847132889880622687	0.842813233494655101459961190476	578	13	38		[21]
269	0.055982956604425487569178561237	0.118605817545535072179118613175	17.8625792679365094035830235717	0.843070594716533588288577984469	569	20	36		[21]
270	0.055905693948811231554084641860	0.118432435383801639618004463202	17.8872656677086791981316097681	0.843870586292500163221410540532	609	21	57	C3	[15]
271	0.055773400625361429808299189575	0.118135626897823387060607041735	17.9296938825221520940238860774	0.842992170892925083726289907461	602	20	36		[21]
272	0.055681799429631870200911985485	0.117930162515135400505003164174	17.9591897216567972703538947411	0.843325878260316561850295249827	621	20	35		[21]
273	0.055570067534055499106473280636	0.117679598292611967449952400498	17.9952993468500123591289536129	0.843032846766880502281347927258	610	21	35		[21]
274	0.055451742608774691953852283872	0.117414313508826826342009574510	18.0336983646346192925890396821	0.842521437787844838132477432166	611	18	34		[21]
275	0.055362850731620702240235013704	0.117215061411673646355757841446	18.0626536889807627993450987394	0.842887441311221604460371550928	627	19	33		[21]
276	0.055238192273770967890321791452	0.116935701299597343488685888334	18.1034164739463259370639403918	0.842147176446049019856339221256	618	19	37		[21]
277	0.055138708559255484657771320464	0.116712810777079911188116723514	18.1360794644897753007726797610	0.842156779298356390368981456677	533	21	32		[21]
278	0.055003818440129385671773483000	0.116410668134841762985425022814	18.1805559751907234415621152632	0.841066771952531449876229800903	600	18	32		[21]
279	0.054892067669889925896110305278	0.116160421031609886644710589368	18.2175684474813896643639711354	0.840665806968141179964142705488	624	21	32		[21]
280	0.054806750791533999782958804469	0.115969408028317731802500618259	18.2459274734905471891373076055	0.841058381051087559285919763308	562	13	40		[21]
281	0.054703372512454568273512416003	0.115738004181497625645494392366	18.2804085757660627473273188840	0.840880968950419977120646617830	609	16	39		[21]
282	0.054618574084521081396447932090	0.115548227598463970607944786090	18.3087899448367376783214195635	0.841259195077421643504475222344	625	15	39		[21]
283	0.054524923705242873522794249511	0.115338680145693072837988239232	18.3402365752204520601281282792	0.841349747332703418078073398157	615	18	35		[21]
284	0.054467842898031935139460840653	0.115210979317666960815179954821	18.3594566407206223596050390789	0.842555838429971367781093041853	630	22	56	D1	[15]
285	0.054339915509313778896809967493	0.114924836948320982363201915789	18.4026785950486345613963924160	0.841555529004417647470574752315	628	20	38		[21]
286	0.054261592141530102855714719807	0.114749684882524873004326622796	18.4292417626026806914550049532	0.842075629175855764341201264988	618	18	38		[21]
287	0.054147093168256579840237189860	0.114493686654998540708977533398	18.4682120772873587158495619508	0.841457509490123355419545903345	638	16	41		[21]
288	0.054070474736852463551301092261	0.114322416824468254920346286020	18.4943817280456846343046346020	0.842001476621356940407113540144	652	19	34		[21]
289	0.054020175841055345811172964526	0.114209995734494252115697690999	18.5116020899732017287755293981	0.843353845992677955435249901773	658	21	54		[31]
290	0.053912111952952560101178649087	0.113968506803823699017850644423	18.5487075867602665128184044655	0.842889586416030188141559168027	646	21	35		[21]
291	0.053857977669530976593332607843	0.113847554380624331970811496761	18.5673514541510359394045304942	0.844098391767643921451098168741	628	25	58		[31]
292	0.053779340202887762261812411064	0.113671879061315526230922181246	18.5945010895894833138219448013	0.844527490336118461953758013836	639	24	32		[21]
293	0.053695983981550105800503275639	0.113485693968571737049597324323	18.6233666998932200451240520027	0.844794797853837466989345601886	576	15	50		[31]
294	0.053634114314067506878690623395	0.113347522613187039156841403933	18.6448496966736234262731363747	0.845725756166811543964645784576	598	18	34		[21]
295	0.053604306613691310936498516199	0.113280960571342332280486800527	18.6552175221045694175036854011	0.847659397822715855480938098310	690	24	54	D3	[15]
296	0.053468072860302599128457232904	0.112976797352998990078344725616	18.7027500058348009842313378193	0.846215105356809699772279609949	642	18	35		[21]
297	0.053390905818124031932068338035	0.112804548670152145582796018877	18.7297814988660642283744261494	0.846624880751697809248702783741	675	18	40		[21]
298	0.053306765953402802185633859661	0.112616767578543799516788157982	18.7593447494851384936698246877	0.846800166330437520239955195860	652	20	38		[21]
299	0.053232750939480287520279681550	0.112451610450833239488402944228	18.7854278118538095087727881976	0.847284006002837090650450575497	683	19	37		[21]
300	0.053154299146851187500993025786	0.112276581282371291340798982052	18.8131537062931831269590797897	0.847613855337883463829289034860	679	24	39		[21]
301	0.053068800203794916687599810744	0.112085862658694066071099920781	18.8434635069908858780859009160	0.847705564076161320677202683912	681	24	39	C3	[21]
302	0.052933068278151217341370118385	0.111783162319719824575438011839	18.8917822550022562082180491229	0.846176734636504441660534420495	679	21	40		[21]
303	0.052826901822197819294547477445	0.111546457397972292508847864205	18.9297491525388083429270932632	0.845576511508034566017907333038	688	22	41		[21]
304	0.052730262938354104235599793287	0.111331040938601321247694834117	18.9644417508230520185586258663	0.845266111382579964866601171391	650	17	44		[21]
305	0.052626719104967340823947353803	0.111100281517857777502188373383	19.0017545651180791322037966311	0.844719326944706025689188079320	687	21	41		[21]
306	0.052547532191823317516896261911	0.110923838350194063453360146893	19.0303894072423338600255203012	0.844940400671916607585575974230	686	22	38		[21]
307	0.052465454206801072951270753135	0.110740984462748549021365084843	19.0601609214767925350406354244	0.845055532733663703695753441803	688	18	38		[21]
308	0.052342342225528099353449738459	0.110466774148064300581232907199	19.1049914367853007627721018146	0.843834003213524974358219443758	660	18	42		[21]
309	0.052239580927077992252203827123	0.110237945953002719936884865987	19.1425731648941607828586354586	0.843252908969949800041343627025	682	19	47		[21]
310	0.052140556873798679285197300709	0.110017486773841220715477433269	19.1789282653886124957679854388	0.842777678044048758089920189139	707	19	44		[21]
311	0.052052464039429051710409141202	0.109821402693311349233279215280	19.2113864051183677299875122219	0.842641752911152977793246961003	645	17	55		[31]
312	0.051992385510176379148067859091	0.109687695996316263637429082486	19.2335856527350863718482300496	0.843400943124105196092465875145	702	17	43		[21]
313	0.051928890823132265406410775840	0.109546404948923832607405656262	19.2571030143116321312672897778	0.844038836763807398025559704869	719	19	40		[21]
314	0.051850559049755200483170993322	0.109372123866444628233016223590	19.2861951409320677565957720670	0.844182868764455388532889380686	704	21	40		[21]
315	0.051807329602209198546692619287	0.109275954602084645447266275994	19.3022880676976142243201074794	0.845459811161261577075555051727	693	18	41		[21]
316	0.051722242700404807813723271736	0.109086693855804282686292436846	19.3340417543838142352433886059	0.845360163227226782608626699995	735	21	41		[21]
317	0.051632635094042734797463069856	0.108887414317895196469993925617	19.3675956723614500115986469430	0.845099495141199770729858295815	706	23	37		[21]
318	0.051568810653162315414949806868	0.108745497264122125310834316439	19.3915660907079258309661318770	0.845670829833782861682222157403	714	23	40		[21]
319	0.051481965443316711209597414219	0.108552422975021793408824991089	19.4242778298942753026185769892	0.845475292324287069533026265587	727	24	41		[21]
320	0.051397416700453499660415045066	0.108364488154094343355989701204	19.4562307640488204917027883836	0.845342221913618019852648574194	718	15	57		[31]
321	0.051300585945809811860654446068	0.108149294045794565158053192130	19.4929547404453992938108731847	0.844791788001077559649490693477	774	21	57	D3	[15]
322	0.051205534270349305788024925245	0.107938096436873190000076796565	19.5291390715759513290428324896	0.844286170251637342231465553099	704	20	64		[31]
323	0.051140230235909712804790935235	0.107793020350360987570161727695	19.5540770033103744348878094858	0.844749376991938841933881788663	682	18	60		[31]
324	0.051079149267290072048212160642	0.107657344082700405697807224013	19.5774599683941350418140732011	0.845341754717912368956494328239	735	19	61		[31]
325	0.051015713623419756617308070362	0.107516455974647129274002586528	19.6018036203835543319803520815	0.845845986864702249688948283366	741	18	62		[31]
326	0.050947689962880133358617470617	0.107365398986042062765722821774	19.6279752963988715767619069236	0.846187478692524809515993469298	741	23	61		[31]
327	0.050892706441845478602670901065	0.107243315454992100450015085226	19.6491809910461082745478095884	0.846952095055106309969952339113	759	24	48	C3	[15]
328	0.050820771444425413388238298580	0.107083614802153984505312805818	19.6769937090297968251341200219	0.847142265747740369996474154030	734	24	64		[31]
329	0.050747459880464103130230747548	0.106920882980357706095046940655	19.7054197856504547670567805680	0.847275241141054215315542131703	715	25	60		[31]
330	0.050675884377595214370656562944	0.106762028992322849581244097829	19.7332520642129983678882001124	0.847454934958961573436454643964	758	22	62		[31]
331	0.050604002964229554346295528680	0.106602520175409891725200336381	19.7612825354324218773993976408	0.847613253397242416092057208532	750	24	62		[31]
332	0.050519805610774282937765745622	0.106415712321987449419421474387	19.7942170978332407608548739015	0.847347251971539678743434329173	741	20	67		[31]
333	0.050446608410610657296885597903	0.106253337321394211049584222370	19.8229381817007463347451689087	0.847438479944453471083536291885	771	19	63		[31]
334	0.050363845271695632247371525624	0.106069772135213152554574356472	19.8555133073208322035652291601	0.847196648124133696724043482680	763	20	65		[31]
335	0.050288722488900104870253832294	0.105903180639680985089176895643	19.8851740610575929168709346100	0.847200129204478397998807199536	777	18	64		[31]
336	0.050201585922538190089424476103	0.105709980514757833405441060618	19.9196894206293640877898576912	0.846786940990362819591484384733	776	22	65		[31]
337	0.050124289149250682959935693934	0.105538626952271946314828817015	19.9504076162035542878726298219	0.846693750235861447279356769837	774	22	62		[31]
338	0.050022090029003036168570327995	0.105312112005910161985384057924	19.9911678904299167552155325893	0.845746807913953520480614084132	780	23	64		[31]
339	0.049926897387336948964146410417	0.105101170110047273374162947681	20.0292838595981300397346477881	0.845023633044003167504178067636	795	21	63	D3	[15]
340	0.049852136554531193475270835162	0.104935533662634654589348130744	20.0593208057620819552731154196	0.844980076477552586444276874321	679	17	61		[31]
341	0.049773771668046557454712703669	0.104761940228529482563221169956	20.0909026277784269822509659275	0.844803066007426456220438452689	750	17	62		[31]
342	0.049733699622007443451120607641	0.104673183932176909257548732513	20.1070905160953347315522943082	0.845916780307485656674061423311	759	13	56		[31]
343	0.049718466702016382508591226473	0.104639446226986633758110956446	20.1132509977312713969368976985	0.847870594401432541644383343973	822	12	60	D6	[31]
344	0.049598650797752024963601555517	0.104374116975705803762126638696	20.1618387580277347023305917351	0.846248999369327568321577075315	806	17	60		[31]
345	0.049566499896311764593125337973	0.104302931011805183973283362226	20.1749165684868106173991783548	0.847609079630020588705732780419	699	18	60		[31]
346	0.049513647096845364333723166317	0.104185919020533956002452695771	20.1964520618743200600676217826	0.848254032095506408023942973652	794	16	58		[31]
347	0.049449626327372098497601988700	0.104044199438509047287894399120	20.2225997296660057534550618248	0.848507143739105925666711018751	783	21	62		[31]
348	0.049418611905231879128709487778	0.103975551224037000239857819464	20.2352911473446586746975710968	0.849885322518694254391431060354	662	23	65		[31]
349	0.049403676218693144528984197340	0.103942493743661689002022730463	20.2414086671069312513131715878	0.851812405148591829191828631292	840	24	66	C6	[15]
350	0.049263181517867558325570928328	0.103631584598810569818415465568	20.2991355651137556215620946983	0.849401368641828725739843087523	686	19	66		[31]
351	0.049185649404755620450560132422	0.103460048481522421842477958544	20.3311334119197955768620556100	0.849149065686005459040764126242	784	18	65		[31]
352	0.049102602370425055476900139838	0.103276341890995747185989970731	20.3655193762664828888416818080	0.848695076960921441516326070410	779	18	60		[31]
353	0.049038394149763315464070829543	0.103134330236012041649611234684	20.3921848857040216684227352552	0.848881727578001960071673999777	785	22	65		[31]
354	0.048983548066065951661277438766	0.103013040345318398200002859031	20.4150176841265648726868515282	0.849383345323770075316138448477	759	19	61		[31]
355	0.048919531414260099608127075748	0.102871487807974061133224381363	20.4417330070438665558602519397	0.849557796595727163160488532340	802	19	63		[31]
356	0.048832355342675577050353753658	0.102678756193958485762291479263	20.4782258193898727672077667210	0.848917218479547606790994084456	790	22	65		[31]
357	0.048774150246386740472835816768	0.102550094194812372255772628967	20.5026637050243934278367607422	0.849273630415787461885073886880	809	21	64		[31]
358	0.048698388952303973331087918397	0.102382647914726070149376869112	20.5345602085403057448351989375	0.849008844984857641912846917881	779	23	68		[31]
359	0.048628732831566891107521909142	0.102228718713148902892075146511	20.5639740493270528004995958185	0.848946562792604288447696347181	817	16	55		[31]
360	0.048580185017013980168687837332	0.102121448916602028773218696956	20.5845243209710978132570979508	0.849612375463431459114665355909	833	17	56		[31]
361	0.048551920561957424535828996031	0.102059001665406338092823331073	20.5965075825145461703152462749	0.850981325481919319859464992092	870	24	60	D6	[31]
362	0.048440034323045694763524126084	0.101811837551582393204686630827	20.6440811608641409837586800420	0.849410166928859882816465541886	806	16	61		[31]
363	0.048377038015731019238409671138	0.101672700109837675058400131192	20.6709637674556402419198560233	0.849542624004700775924879955632	759	15	64		[31]
364	0.048313207015626082543097247892	0.101531737903227063489799250972	20.6982740697914560067558608171	0.849636413857045840935604958069	818	17	65		[31]
365	0.048245351358589120454680769130	0.101381908514883114916868018871	20.7273855789210661132854176125	0.849579083615506738149615326316	771	17	67		[31]
366	0.048177985321531638040583292878	0.101233181369116521969538684736	20.7563681487752331142722103316	0.849529286688868777924714233234	732	20	75		[31]
367	0.048111071441266275698879281417	0.101085473310655724343244331473	20.7852365379306580680166344731	0.849485796648172268580641972234	834	18	78	C6	[31]
368	0.047999391024807087102686942431	0.100838992270135927896204026610	20.8335976488364014548222392644	0.847850486260857862258378885402	803	20	73		[31]
369	0.047921005479935107730715133720	0.100666028251346283062429456277	20.8676756671707914011144679889	0.847380000730741160557098385900	846	22	72		[31]
370	0.047839434875764132960590013286	0.100486066380037795767225798709	20.9032569593878826599255294424	0.846786265816016728144416335504	807	19	72		[31]
371	0.047774623657024267206956572509	0.100343101210981890221491122991	20.9316143896608329944226593283	0.846775840926582326560010352179	716	7	56		[31]
372	0.047738882986733661195878163591	0.100264270238114933566934104777	20.9472852617413311348078349437	0.847788352961430082235271211280	850	15	63		[31]
373	0.047669956178872554039626738717	0.100112259375125251854765276782	20.9775733010470554260261852486	0.847614421341669838319045842303	819	22	68		[31]
374	0.047616139347346589182699798591	0.099993587280481656384785687859	21.0012826261548865048299670184	0.847968975653377095954069072030	802	20	69		[31]
375	0.047563003647723159389070730520	0.099876430314832253172297724512	21.0247445137512881220932162395	0.848339743497497462223371195561	846	19	65		[31]
376	0.047531848610305626948167047999	0.099807743788502527844582625637	21.0385253096001994464757614734	0.849488013749692872870857278089	870	20	66		[31]
377	0.047467538174442526756023481848	0.099665974813014863938601886239	21.0670289309088295679041902264	0.849444026988993779248284828715	852	17	63		[31]
378	0.047415354542648714740450039787	0.099550952807734658861176404501	21.0902145443314033660534892375	0.849825589941119525048736543773	803	14	63		[31]
379	0.047356581280720149869923375132	0.099421421174327029064570283990	21.1163891682172762426920054250	0.849962754636435107727192823694	845	19	66		[31]
380	0.047305624101170446407855300422	0.099309128505223842823397925457	21.1391355467870843444616295672	0.850372387208470518127911157028	846	23	67		[31]
381	0.047239816170268609680267220809	0.099164127494040785271838697376	21.1685836455344088083326485767	0.850239688316093984451914652062	848	22	69		[31]
382	0.047193362226339823620628862206	0.099061783063586584445494712634	21.1894205630866113570728458993	0.850795533402530072164140680194	832	31	75		[31]
383	0.047116454900298542158332899786	0.098892367577548388769553379654	21.2240076660280257830457015620	0.850244803468424871904386136478	801	22	69		[31]
384	0.047036677346236293757934018702	0.098716658297511285664628616158	21.2600050943015092429732847977	0.849580422057192403283592332247	886	19	65		[31]
385	0.046953611328749573971687456601	0.098533737469406719674671019198	21.2976163430415969628539713631	0.848787022472342928374768863961	847	23	70		[31]
386	0.046887111900697953458077960642	0.098387321137164021407565133673	21.3278224966787551812328653702	0.848582887281988658359185662914	880	22	68		[31]
387	0.046843061789607980265682450343	0.098290344248154081510357113626	21.3478786782004838229783748903	0.849183433438287072397306329718	882	26	70		[31]
388	0.046799176521609308834505411165	0.098193739176244549797627366165	21.3678973504641584240229118876	0.849783214163090211135867093779	866	25	69		[31]
389	0.046727341071086621630375575047	0.098035626288891880127914701877	21.4007469091531059270332456687	0.849359872990153204726033307066	895	17	62		[31]
390	0.046667030938692300547218427042	0.097902899518187542672952432374	21.4284041621102092850815055746	0.849346592886817108962587517617	905	19	66		[31]
391	0.046611199443266745971152064738	0.097780044019917257110647410305	21.4540713807882005181886246566	0.849488130194136171943059571120	879	26	74		[31]
392	0.046555095494872859143231202571	0.097656603490972895670628200033	21.4799258678382607016101709989	0.849611751282398624742907351149	921	19	65		[31]
393	0.046498837072794574693852821261	0.097532837673831983385694965624	21.5059141895201835515022395027	0.849721746705061986737123460125	771	19	67		[31]
394	0.046448320674278750252311060773	0.097421716476076990119241671279	21.5293036536789282926671596931	0.850033918423488525937329032052	892	25	73		[31]
395	0.046377825392280408476622933252	0.097266667296947687832083274402	21.5620286535998312163455314685	0.849606561806155522637442597046	897	21	68		[31]
396	0.046320374017749264194851811876	0.097140324183902296836545041534	21.5887721376518933047984638128	0.849648511461095720263187488399	890	20	70		[31]
397	0.046255880478723641011142105640	0.096998512561086891029213087410	21.6188728795243861009033180656	0.849423772108200824651928325533	921	20	67		[31]
398	0.046215315078991534651817594050	0.096909325154070895591731206767	21.6378488016535885689276543073	0.850070428444484002872049377090	899	22	72		[31]
399	0.046161655164165364382920219569	0.096791359697560195695119289091	21.6630013903029577932855226852	0.850228464590630626800890030806	901	24	74		[31]
400	0.046105105690792043061399068180	0.096667056225687128129217720423	21.6895717950759766527496087556	0.850272308303641933685719091050	894	25	76		[31]
401	0.046052630813732464474808586643	0.096551722456168834569105377289	21.7142860750923558069121959028	0.850458766751242290094466357356	907	24	75		[31]
